Name,Smile,CAS Number,Type,MaxEStateIndex,MinEStateIndex,MaxAbsEStateIndex,MinAbsEStateIndex,qed,MolWt,HeavyAtomMolWt,ExactMolWt,NumValenceElectrons,NumRadicalElectrons,MaxPartialCharge,MinPartialCharge,MaxAbsPartialCharge,MinAbsPartialCharge,FpDensityMorgan1,FpDensityMorgan2,FpDensityMorgan3,BCUT2D_MWHI,BCUT2D_MWLOW,BCUT2D_CHGHI,BCUT2D_CHGLO,BCUT2D_LOGPHI,BCUT2D_LOGPLOW,BCUT2D_MRHI,BCUT2D_MRLOW,BalabanJ,BertzCT,Chi0,Chi0n,Chi0v,Chi1,Chi1n,Chi1v,Chi2n,Chi2v,Chi3n,Chi3v,Chi4n,Chi4v,HallKierAlpha,Ipc,Kappa1,Kappa2,Kappa3,LabuteASA,PEOE_VSA1,PEOE_VSA10,PEOE_VSA11,PEOE_VSA12,PEOE_VSA13,PEOE_VSA14,PEOE_VSA2,PEOE_VSA3,PEOE_VSA4,PEOE_VSA5,PEOE_VSA6,PEOE_VSA7,PEOE_VSA8,PEOE_VSA9,SMR_VSA1,SMR_VSA10,SMR_VSA2,SMR_VSA3,SMR_VSA4,SMR_VSA5,SMR_VSA6,SMR_VSA7,SMR_VSA8,SMR_VSA9,SlogP_VSA1,SlogP_VSA10,SlogP_VSA11,SlogP_VSA12,SlogP_VSA2,SlogP_VSA3,SlogP_VSA4,SlogP_VSA5,SlogP_VSA6,SlogP_VSA7,SlogP_VSA8,SlogP_VSA9,TPSA,EState_VSA1,EState_VSA10,EState_VSA11,EState_VSA2,EState_VSA3,EState_VSA4,EState_VSA5,EState_VSA6,EState_VSA7,EState_VSA8,EState_VSA9,VSA_EState1,VSA_EState10,VSA_EState2,VSA_EState3,VSA_EState4,VSA_EState5,VSA_EState6,VSA_EState7,VSA_EState8,VSA_EState9,FractionCSP3,HeavyAtomCount,NHOHCount,NOCount,NumAliphaticCarbocycles,NumAliphaticHeterocycles,NumAliphaticRings,NumAromaticCarbocycles,NumAromaticHeterocycles,NumAromaticRings,NumHAcceptors,NumHDonors,NumHeteroatoms,NumRotatableBonds,NumSaturatedCarbocycles,NumSaturatedHeterocycles,NumSaturatedRings,RingCount,MolLogP,MolMR,fr_Al_COO,fr_Al_OH,fr_Al_OH_noTert,fr_ArN,fr_Ar_COO,fr_Ar_N,fr_Ar_NH,fr_Ar_OH,fr_COO,fr_COO2,fr_C_O,fr_C_O_noCOO,fr_C_S,fr_HOCCN,fr_Imine,fr_NH0,fr_NH1,fr_NH2,fr_N_O,fr_Ndealkylation1,fr_Ndealkylation2,fr_Nhpyrrole,fr_SH,fr_aldehyde,fr_alkyl_carbamate,fr_alkyl_halide,fr_allylic_oxid,fr_amide,fr_amidine,fr_aniline,fr_aryl_methyl,fr_azide,fr_azo,fr_barbitur,fr_benzene,fr_benzodiazepine,fr_bicyclic,fr_diazo,fr_dihydropyridine,fr_epoxide,fr_ester,fr_ether,fr_furan,fr_guanido,fr_halogen,fr_hdrzine,fr_hdrzone,fr_imidazole,fr_imide,fr_isocyan,fr_isothiocyan,fr_ketone,fr_ketone_Topliss,fr_lactam,fr_lactone,fr_methoxy,fr_morpholine,fr_nitrile,fr_nitro,fr_nitro_arom,fr_nitro_arom_nonortho,fr_nitroso,fr_oxazole,fr_oxime,fr_para_hydroxylation,fr_phenol,fr_phenol_noOrthoHbond,fr_phos_acid,fr_phos_ester,fr_piperdine,fr_piperzine,fr_priamide,fr_prisulfonamd,fr_pyridine,fr_quatN,fr_sulfide,fr_sulfonamd,fr_sulfone,fr_term_acetylene,fr_tetrazole,fr_thiazole,fr_thiocyan,fr_thiophene,fr_unbrch_alkane,fr_urea
Methyl acetate,CC(=O)OC,79-20-9,Biofuel,9.590277777777779,-0.24537037037037002,9.590277777777779,0.24537037037037002,0.38296659073251405,74.07900000000001,68.031,74.036779432,30,0,0.3018471669894446,-0.46919810705104836,0.46919810705104836,0.3018471669894446,1.8,2.0,2.0,16.522022615331466,10.833750311743813,1.752248095909371,-1.8043066100873448,1.5985862655729954,-1.8811948381223964,5.650646146969499,-0.1374500448790443,2.8473789230876716,40.1577218810798,4.284457050376173,3.3164965809277263,3.3164965809277263,2.270055610029662,1.3164965809277263,1.3164965809277263,0.695705769029128,0.695705769029128,0.2874574785652649,0.2874574785652649,0.0,0.0,-0.53,9.65148445440323,4.469999999999999,1.7581844380403455,3.469999999999999,30.74420258617341,4.736862953800049,0.0,0.0,0.0,0.0,5.969305287951849,4.794537184071822,0.0,0.0,0.0,0.0,0.0,6.923737199690624,7.109797541277533,9.53140013787187,5.969305287951849,0.0,0.0,0.0,6.923737199690624,7.109797541277533,0.0,0.0,0.0,0.0,0.0,0.0,0.0,13.079102829229383,9.53140013787187,0.0,6.923737199690624,0.0,0.0,0.0,0.0,26.3,0.0,4.794537184071822,0.0,5.969305287951849,0.0,0.0,14.033534740968157,0.0,0.0,4.736862953800049,0.0,4.111111111111111,0.0,9.590277777777779,0.0,0.0,-0.24537037037037002,0.0,0.0,1.3611111111111112,1.349537037037037,0.6666666666666666,5,0,2,0,0,0,0,0,0,2,0,2,0,0,0,0,0,0.17930000000000001,17.689999999999998,0,0,0,0,0,0,0,0,0,0,1,1,0,0,0,0,0,0,0,0,0,0,0,0,0,0,0,0,0,0,0,0,0,0,0,0,0,0,0,0,1,1,0,0,0,0,0,0,0,0,0,0,0,0,0,1,0,0,0,0,0,0,0,0,0,0,0,0,0,0,0,0,0,0,0,0,0,0,0,0,0,0,0,0,0
O-Xylene,CC1=CC=CC=C1C,95-47-6,Biofuel,2.1203703703703702,1.3680555555555558,2.1203703703703702,1.3680555555555558,0.47575768534032103,106.16799999999999,96.08799999999998,106.07825032,42,0,-0.039511492179969666,-0.06198519188632999,0.06198519188632999,0.039511492179969666,0.875,1.25,1.5,13.895388335812484,10.131972178262572,1.8333702494943922,-1.930148756070286,2.0210545658514985,-1.7433360304648589,5.2277847976727765,1.342538972786028,3.134861511345448,156.14811391899892,5.983127663125442,5.309401076758503,5.309401076758503,3.804530452640311,2.827350269189626,2.827350269189626,2.084258916577523,2.084258916577523,1.425569668769133,1.425569668769133,0.6626779572375285,0.6626779572375285,-0.78,72.49526582754562,5.358504155124653,1.9937447122872558,0.8900073912094391,50.16128734829018,0.0,0.0,0.0,0.0,0.0,0.0,0.0,0.0,0.0,0.0,24.26546827384644,24.974377382775238,0.0,0.0,0.0,0.0,0.0,0.0,0.0,13.847474399381248,0.0,35.392371257240434,0.0,0.0,0.0,0.0,0.0,0.0,0.0,0.0,13.847474399381248,11.126902983393991,24.26546827384644,0.0,0.0,0.0,0.0,0.0,0.0,0.0,0.0,0.0,0.0,11.126902983393991,0.0,0.0,38.112942673227685,0.0,0.0,0.0,0.0,0.0,2.7361111111111116,0.0,8.356481481481481,0.0,4.2407407407407405,0.0,0.25,8,0,0,0,0,0,1,0,1,0,0,0,0,0,0,0,1,2.30344,35.916,0,0,0,0,0,0,0,0,0,0,0,0,0,0,0,0,0,0,0,0,0,0,0,0,0,0,0,0,0,0,2,0,0,0,1,0,0,0,0,0,0,0,0,0,0,0,0,0,0,0,0,0,0,0,0,0,0,0,0,0,0,0,0,0,0,0,0,0,0,0,0,0,0,0,0,0,0,0,0,0,0,0,0,0,0
Ethyl acetate,CCOC(=O)C,141-78-6,Biofuel,9.821527777777778,-0.21064814814814792,9.821527777777778,0.21064814814814792,0.43785087777866244,88.106,80.04199999999999,88.052429496,36,0,0.30211277772699074,-0.4661718899744166,0.4661718899744166,0.30211277772699074,1.8333333333333333,2.3333333333333335,2.3333333333333335,16.530890923521223,10.769902048584518,1.8115671919809486,-1.889767490050901,1.6913973775510132,-1.9485172088790033,5.652796097040713,-0.13988766123000762,2.831257109931365,49.50977500432694,4.99156383156272,4.023603362114274,4.023603362114274,2.770055610029662,1.9040302062452235,1.9040302062452235,0.9245943256894159,0.9245943256894159,0.3476006996936919,0.3476006996936919,0.20326313239628543,0.20326313239628543,-0.53,14.834466856136647,5.469999999999999,2.693713646532438,3.4699999999999998,37.10914470057002,4.736862953800049,0.0,0.0,0.0,0.0,5.969305287951849,4.794537184071822,0.0,0.0,0.0,0.0,6.923737199690624,6.923737199690624,6.606881964512918,9.53140013787187,5.969305287951849,0.0,0.0,0.0,13.847474399381248,6.606881964512918,0.0,0.0,0.0,0.0,0.0,0.0,0.0,12.576187252464766,9.53140013787187,0.0,13.847474399381248,0.0,0.0,0.0,0.0,26.3,0.0,4.794537184071822,0.0,5.969305287951849,6.606881964512918,0.0,6.923737199690624,6.923737199690624,0.0,4.736862953800049,0.0,4.402777777777778,0.0,9.821527777777778,0.0,0.0,-0.21064814814814792,0.0,0.0,3.6530092592592593,0.0,0.75,6,0,2,0,0,0,0,0,0,2,0,2,1,0,0,0,0,0.5694,22.30699999999999,0,0,0,0,0,0,0,0,0,0,1,1,0,0,0,0,0,0,0,0,0,0,0,0,0,0,0,0,0,0,0,0,0,0,0,0,0,0,0,0,1,1,0,0,0,0,0,0,0,0,0,0,0,0,0,0,0,0,0,0,0,0,0,0,0,0,0,0,0,0,0,0,0,0,0,0,0,0,0,0,0,0,0,0,0
Ethyl butyrate,CCCC(=O)OCC,105-54-4,Biofuel,10.420833333333334,-0.08796296296296258,10.420833333333334,0.08796296296296258,0.5200986676423002,116.15999999999998,104.06399999999998,116.083729624,48,0,0.30525680561770935,-0.46596933451826794,0.46596933451826794,0.30525680561770935,1.5,2.125,2.5,16.531780753058076,10.344073575299777,1.9483380321092465,-1.9580317754075427,1.8860988277265274,-2.0135856628199122,5.685956046736482,-0.14261528894795505,3.0551722039096187,60.92878689342031,6.405777393935816,5.437816924487368,5.437816924487368,3.808060412490447,2.9646903780250446,2.9646903780250446,1.5550211698203653,1.5550211698203653,0.7594493502441826,0.7594493502441826,0.43728056659547937,0.43728056659547937,-0.53,50.25226450504587,7.470000000000001,4.624559505409582,3.6528153564899446,49.83902892936323,4.736862953800049,0.0,0.0,0.0,0.0,5.969305287951849,4.794537184071822,0.0,0.0,0.0,6.923737199690624,13.344558822616634,6.4208216229260096,6.606881964512918,9.53140013787187,5.969305287951849,0.0,0.0,0.0,26.689117645233267,6.606881964512918,0.0,0.0,0.0,0.0,0.0,0.0,0.0,12.576187252464766,9.53140013787187,0.0,26.689117645233267,0.0,0.0,0.0,0.0,26.3,0.0,4.794537184071822,0.0,5.969305287951849,13.027703587438928,6.4208216229260096,0.0,0.0,13.847474399381248,4.736862953800049,0.0,4.6433333333333335,0.0,10.420833333333334,0.0,0.0,-0.08796296296296258,0.0,1.4232870370370372,4.267175925925926,0.0,0.8333333333333334,8,0,2,0,0,0,0,0,0,2,0,2,3,0,0,0,0,1.3496000000000001,31.540999999999983,0,0,0,0,0,0,0,0,0,0,1,1,0,0,0,0,0,0,0,0,0,0,0,0,0,0,0,0,0,0,0,0,0,0,0,0,0,0,0,0,1,1,0,0,0,0,0,0,0,0,0,0,0,0,0,0,0,0,0,0,0,0,0,0,0,0,0,0,0,0,0,0,0,0,0,0,0,0,0,0,0,0,0,0,0
Propylbenzene,CCCC1=CC=CC=C1,103-65-1,Biofuel,2.201388888888889,1.2091666666666667,2.201388888888889,1.2091666666666667,0.5624916701881997,120.19499999999995,108.09899999999998,120.093900384,48,0,-0.02814979848791882,-0.06506543814455573,0.06506543814455573,0.02814979848791882,1.1111111111111112,1.7777777777777777,2.3333333333333335,13.900305397606992,10.127691076689286,1.8402134192217525,-1.9326402453589753,1.9995132590300744,-1.7835841892779878,5.137484570569242,0.9218388682835006,2.61489994009295,152.9490957526401,6.52709773749546,5.800964908321225,5.800964908321225,4.431851652578137,3.471343774302781,3.471343774302781,2.2355985596534893,2.2355985596534893,1.381499796672302,1.381499796672302,0.9333523724371704,0.9333523724371704,-0.78,145.16653667335345,6.341654501216546,3.285913486196659,1.8835467848238945,56.526229462686786,0.0,0.0,0.0,0.0,0.0,0.0,0.0,0.0,0.0,0.0,43.67639416492468,11.984273114623004,0.0,0.0,0.0,0.0,0.0,0.0,0.0,19.765380445542643,0.0,35.89528683400505,0.0,0.0,0.0,0.0,0.0,0.0,0.0,6.4208216229260096,0.0,18.90801031431363,30.33183534230805,0.0,0.0,0.0,0.0,0.0,0.0,0.0,0.0,0.0,0.0,18.405094737549014,0.0,0.0,37.255572541998674,0.0,0.0,0.0,0.0,0.0,1.4444444444444446,0.0,10.571574074074075,2.449259259259259,2.201388888888889,0.0,0.3333333333333333,9,0,0,0,0,0,1,0,1,0,0,0,2,0,0,0,1,2.639100000000001,40.43700000000001,0,0,0,0,0,0,0,0,0,0,0,0,0,0,0,0,0,0,0,0,0,0,0,0,0,0,0,0,0,0,1,0,0,0,1,0,0,0,0,0,0,0,0,0,0,0,0,0,0,0,0,0,0,0,0,0,0,0,0,0,0,0,0,0,0,0,0,0,0,0,0,0,0,0,0,0,0,0,0,0,0,0,0,0,0
Methyl 2-methylbutanoate,CCC(C)C(=O)OC,868-57-5,Biofuel,10.520601851851852,-0.11805555555555514,10.520601851851852,0.05555555555555536,0.506664866588942,116.15999999999998,104.06399999999998,116.083729624,48,0,0.3078565142353756,-0.4687995992104071,0.4687995992104071,0.3078565142353756,1.75,2.25,2.375,16.523877055782247,10.125363932786872,2.0768004766046113,-2.0227055962147413,2.0031131781565,-2.10234957225334,5.710824523976987,-0.1443790871062616,3.459728671545819,78.59772060569361,6.568914100752346,5.6009536313038994,5.6009536313038994,3.718744015013406,2.797877056362575,2.797877056362575,1.8324555997152512,1.8324555997152512,1.2159258262890684,1.2159258262890684,0.36785113019775795,0.36785113019775795,-0.53,53.47276361405894,7.470000000000001,3.4692670369115906,1.958669537588103,49.83902892936323,4.736862953800049,0.0,0.0,0.0,0.0,5.969305287951849,4.794537184071822,0.0,0.0,0.0,13.847474399381248,6.4208216229260096,0.0,13.027703587438927,9.53140013787187,5.969305287951849,0.0,0.0,5.917906046161393,20.268296022307258,7.109797541277533,0.0,0.0,0.0,0.0,0.0,0.0,0.0,13.079102829229383,9.53140013787187,5.917906046161393,20.268296022307258,0.0,0.0,0.0,0.0,26.3,0.0,4.794537184071822,0.0,11.887211334113243,0.0,6.4208216229260096,7.109797541277533,0.0,13.847474399381248,4.736862953800049,0.0,4.463935185185186,0.0,10.520601851851852,0.0,0.0,-0.06249999999999978,0.0,0.8538425925925925,3.8129166666666667,1.4112037037037037,0.8333333333333334,8,0,2,0,0,0,0,0,0,2,0,2,2,0,0,0,0,1.2055,31.470999999999982,0,0,0,0,0,0,0,0,0,0,1,1,0,0,0,0,0,0,0,0,0,0,0,0,0,0,0,0,0,0,0,0,0,0,0,0,0,0,0,0,1,1,0,0,0,0,0,0,0,0,0,0,0,0,0,1,0,0,0,0,0,0,0,0,0,0,0,0,0,0,0,0,0,0,0,0,0,0,0,0,0,0,0,0,0
Ethyl 2-methylpropanoate,CCOC(=O)C(C)C,97-62-1,Biofuel,10.520601851851852,-0.11805555555555514,10.520601851851852,0.0092129629629627,0.506664866588942,116.15999999999998,104.06399999999998,116.083729624,48,0,0.30785106891033664,-0.465780805159007,0.465780805159007,0.30785106891033664,1.625,2.125,2.25,16.5326496091913,10.22531993738157,2.044027231787282,-2.01347074191817,1.9336021335169766,-2.1014082811311785,5.708663929342171,-0.14623444274909264,3.329150037184473,76.59772060569361,6.568914100752346,5.6009536313038994,5.6009536313038994,3.6807392125526213,2.847405879219288,2.847405879219288,1.9067488340003202,1.9067488340003202,0.7580009865206505,0.7580009865206505,0.3089255650988791,0.3089255650988791,-0.53,45.11498676384928,7.470000000000001,3.4692670369115906,2.610921480426842,49.83902892936323,4.736862953800049,0.0,0.0,0.0,0.0,5.969305287951849,4.794537184071822,0.0,0.0,0.0,13.847474399381248,6.923737199690624,0.0,12.52478801067431,9.53140013787187,5.969305287951849,0.0,0.0,5.917906046161393,20.771211599071872,6.606881964512918,0.0,0.0,0.0,0.0,0.0,0.0,0.0,12.576187252464766,9.53140013787187,5.917906046161393,20.771211599071872,0.0,0.0,0.0,0.0,26.3,0.0,4.794537184071822,0.0,11.887211334113243,6.606881964512918,0.0,0.0,6.923737199690624,13.847474399381248,4.736862953800049,0.0,4.664351851851852,0.0,10.520601851851852,0.0,0.0,-0.10884259259259244,0.0,0.0,5.923888888888889,0.0,0.8333333333333334,8,0,2,0,0,0,0,0,0,2,0,2,2,0,0,0,0,1.2055,31.470999999999982,0,0,0,0,0,0,0,0,0,0,1,1,0,0,0,0,0,0,0,0,0,0,0,0,0,0,0,0,0,0,0,0,0,0,0,0,0,0,0,0,1,1,0,0,0,0,0,0,0,0,0,0,0,0,0,0,0,0,0,0,0,0,0,0,0,0,0,0,0,0,0,0,0,0,0,0,0,0,0,0,0,0,0,0,0
2-propanol,CC(C)O,67-63-0,Biofuel,8.055555555555555,-0.16666666666666674,8.055555555555555,0.16666666666666674,0.42840479403162834,60.096000000000004,52.032000000000004,60.057514876,26,0,0.04834761180869219,-0.3937069016405105,0.3937069016405105,0.04834761180869219,1.5,1.5,1.5,16.26364309024246,10.503601865317728,1.6882269952162394,-1.7983014802258805,1.64578110289585,-1.848436775374454,4.204004313602449,0.21562482738807573,2.3237900077244498,8.0,3.5773502691896257,3.0245638646895836,3.0245638646895836,1.7320508075688772,1.412899428126413,1.412899428126413,1.0937480486839481,1.0937480486839481,0.0,0.0,0.0,0.0,-0.04,3.2451124978365313,3.9600000000000004,1.297837837837838,1128.9599999999998,26.263369008818774,5.106527394840706,0.0,0.0,0.0,0.0,0.0,0.0,0.0,0.0,0.0,0.0,13.847474399381248,6.103966387748303,0.0,5.106527394840706,0.0,0.0,0.0,0.0,19.95144078712955,0.0,0.0,0.0,0.0,0.0,0.0,0.0,0.0,11.210493782589008,0.0,0.0,13.847474399381248,0.0,0.0,0.0,0.0,20.23,0.0,0.0,0.0,6.103966387748303,0.0,0.0,0.0,13.847474399381248,0.0,0.0,5.106527394840706,0.0,0.0,0.0,8.055555555555555,0.0,0.0,0.0,-0.16666666666666674,3.4444444444444446,0.0,1.0,4,1,1,0,0,0,0,0,0,1,1,1,0,0,0,0,0,0.38710000000000006,17.354800000000004,0,1,1,0,0,0,0,0,0,0,0,0,0,0,0,0,0,0,0,0,0,0,0,0,0,0,0,0,0,0,0,0,0,0,0,0,0,0,0,0,0,0,0,0,0,0,0,0,0,0,0,0,0,0,0,0,0,0,0,0,0,0,0,0,0,0,0,0,0,0,0,0,0,0,0,0,0,0,0,0,0,0,0,0,0
Ethanol,CCO,64-17-5,Biofuel,7.569444444444445,0.25,7.569444444444445,0.25,0.40680796565539457,46.069,40.021,46.041864812,20,0,0.04022058174908642,-0.3966637147812598,0.3966637147812598,0.04022058174908642,2.0,2.0,2.0,16.248991329327914,10.908168035086371,1.3402935186707783,-1.52235869276019,1.2962426382141046,-1.5683635470355741,3.835802335589486,0.3184056131739115,1.6329931618554523,2.7548875021634682,2.7071067811865475,2.1543203766865053,2.1543203766865053,1.4142135623730951,1.0233345472033855,1.0233345472033855,0.3162277660168379,0.3162277660168379,0.0,0.0,0.0,0.0,-0.04,2.7548875021634682,2.9600000000000004,1.96,1.9600000000000033,19.89842689442217,5.106527394840706,0.0,0.0,0.0,0.0,0.0,0.0,0.0,0.0,0.0,0.0,6.923737199690624,6.606881964512918,0.0,5.106527394840706,0.0,0.0,0.0,0.0,6.923737199690624,6.606881964512918,0.0,0.0,0.0,0.0,0.0,0.0,0.0,11.713409359353623,0.0,0.0,6.923737199690624,0.0,0.0,0.0,0.0,20.23,0.0,0.0,0.0,6.606881964512918,0.0,0.0,0.0,6.923737199690624,0.0,0.0,5.106527394840706,0.0,0.0,0.0,7.569444444444445,0.0,0.0,0.0,0.0,1.9305555555555556,0.0,1.0,3,1,1,0,0,0,0,0,0,1,1,1,0,0,0,0,0,-0.0014000000000000123,12.759800000000002,0,1,1,0,0,0,0,0,0,0,0,0,0,0,0,0,0,0,0,0,0,0,0,0,0,0,0,0,0,0,0,0,0,0,0,0,0,0,0,0,0,0,0,0,0,0,0,0,0,0,0,0,0,0,0,0,0,0,0,0,0,0,0,0,0,0,0,0,0,0,0,0,0,0,0,0,0,0,0,0,0,0,0,0,0
Methyl butanoate,CCCC(=O)OC,623-42-7,Biofuel,10.189583333333333,-0.1226851851851849,10.189583333333333,0.1226851851851849,0.485245073645189,102.13299999999998,92.05299999999998,102.06807956,42,0,0.30499121879740626,-0.46899555445129654,0.46899555445129654,0.30499121879740626,1.7142857142857142,2.2857142857142856,2.4285714285714284,16.522927795707158,10.346773011787448,1.9216259777301299,-1.9053755893724298,1.8636239604227558,-1.967764940986358,5.683969138452378,-0.14012500645099385,3.002590528674132,59.10049400592805,5.698670612749268,4.730710143300821,4.730710143300821,3.308060412490447,2.3771567527075472,2.3771567527075472,1.3261326131600775,1.3261326131600775,0.6817950458626713,0.6817950458626713,0.30618621784789724,0.30618621784789724,-0.53,31.916635235956914,6.47,3.6528153564899446,3.2963341491124023,43.47408681496663,4.736862953800049,0.0,0.0,0.0,0.0,5.969305287951849,4.794537184071822,0.0,0.0,0.0,6.923737199690624,6.4208216229260096,6.4208216229260096,7.109797541277533,9.53140013787187,5.969305287951849,0.0,0.0,0.0,19.765380445542643,7.109797541277533,0.0,0.0,0.0,0.0,0.0,0.0,0.0,13.079102829229383,9.53140013787187,0.0,19.765380445542643,0.0,0.0,0.0,0.0,26.3,0.0,4.794537184071822,0.0,5.969305287951849,6.4208216229260096,6.4208216229260096,7.109797541277533,0.0,6.923737199690624,4.736862953800049,0.0,4.351666666666667,0.0,10.189583333333333,0.0,0.0,-0.1226851851851849,0.0,1.405925925925926,1.9413888888888888,1.400787037037037,0.8,7,0,2,0,0,0,0,0,0,2,0,2,2,0,0,0,0,0.9595,26.923999999999985,0,0,0,0,0,0,0,0,0,0,1,1,0,0,0,0,0,0,0,0,0,0,0,0,0,0,0,0,0,0,0,0,0,0,0,0,0,0,0,0,1,1,0,0,0,0,0,0,0,0,0,0,0,0,0,1,0,0,0,0,0,0,0,0,0,0,0,0,0,0,0,0,0,0,0,0,0,0,0,0,0,0,0,0,0
2-butanol,CCC(C)O,78-92-2,Biofuel,8.36111111111111,-0.11574074074074092,8.36111111111111,0.11574074074074092,0.4869274292842043,74.12299999999999,64.04299999999999,74.07316494,32,0,0.05090390435353903,-0.39343008722162376,0.39343008722162376,0.05090390435353903,1.8,2.0,2.0,16.26458483482449,10.326388173243137,1.8121320881201477,-1.900915745072431,1.8117510147633689,-1.926645189206828,4.338386966555718,0.19054420525614957,2.5395388613593908,17.609640474436812,4.284457050376173,3.731670645876131,3.731670645876131,2.270055610029662,1.9509042305871975,1.9509042305871975,1.2572696565099426,1.2572696565099426,0.5908224762989184,0.5908224762989184,0.0,0.0,-0.04,9.65148445440323,4.960000000000001,2.212525252525253,3.9600000000000004,32.62831112321538,5.106527394840706,0.0,0.0,0.0,0.0,0.0,0.0,0.0,0.0,0.0,6.923737199690624,13.344558822616634,0.0,6.103966387748303,5.106527394840706,0.0,0.0,0.0,0.0,26.37226241005556,0.0,0.0,0.0,0.0,0.0,0.0,0.0,0.0,11.210493782589008,0.0,0.0,20.268296022307258,0.0,0.0,0.0,0.0,20.23,0.0,0.0,0.0,6.103966387748303,0.0,6.4208216229260096,0.0,6.923737199690624,6.923737199690624,0.0,5.106527394840706,0.0,0.0,0.0,8.36111111111111,0.0,0.0,0.0,0.7453703703703702,3.726851851851852,0.0,1.0,5,1,1,0,0,0,0,0,0,1,1,1,1,0,0,0,0,0.7771999999999999,21.971799999999995,0,1,1,0,0,0,0,0,0,0,0,0,0,0,0,0,0,0,0,0,0,0,0,0,0,0,0,0,0,0,0,0,0,0,0,0,0,0,0,0,0,0,0,0,0,0,0,0,0,0,0,0,0,0,0,0,0,0,0,0,0,0,0,0,0,0,0,0,0,0,0,0,0,0,0,0,0,0,0,0,0,0,0,0,0
Ethylbenzene,CCC1=CC=CC=C1,100-41-4,Biofuel,2.162037037037037,1.1397222222222223,2.162037037037037,1.1397222222222223,0.5147578217927745,106.16799999999996,96.08799999999998,106.07825032,42,0,-0.03074408282510195,-0.06224874165506165,0.06224874165506165,0.03074408282510195,1.125,1.75,2.125,13.856596938329892,10.170710312539828,1.7943577512861228,-1.8917512520057715,1.9631405576194025,-1.73342650034674,5.1331381704563555,1.140415220080154,2.8320858350070908,141.38429890473827,5.819990956308912,5.093858127134677,5.093858127134677,3.931851652578137,2.971343774302781,2.971343774302781,1.839151950246763,1.839151950246763,1.251072952541352,1.251072952541352,0.7137128315712066,0.7137128315712066,-0.78,91.36757727918736,5.358504155124653,2.50834780755501,1.0935372033822537,50.16128734829017,0.0,0.0,0.0,0.0,0.0,0.0,0.0,0.0,0.0,0.0,37.255572541998674,11.984273114623004,0.0,0.0,0.0,0.0,0.0,0.0,0.0,13.344558822616634,0.0,35.89528683400505,0.0,0.0,0.0,0.0,0.0,0.0,0.0,6.4208216229260096,0.0,12.487188691387619,30.33183534230805,0.0,0.0,0.0,0.0,0.0,0.0,0.0,0.0,0.0,6.4208216229260096,5.563451491696996,0.0,6.06636706846161,31.18920547353706,0.0,0.0,0.0,0.0,0.0,1.4097222222222223,0.0,10.455185185185186,1.1397222222222223,2.162037037037037,0.0,0.25,8,0,0,0,0,0,1,0,1,0,0,0,1,0,0,0,1,2.2490000000000006,35.82,0,0,0,0,0,0,0,0,0,0,0,0,0,0,0,0,0,0,0,0,0,0,0,0,0,0,0,0,0,0,1,0,0,0,1,0,0,0,0,0,0,0,0,0,0,0,0,0,0,0,0,0,0,0,0,0,0,0,0,0,0,0,0,0,0,0,0,0,0,0,0,0,0,0,0,0,0,0,0,0,0,0,0,0,0
2-Methyl-3-buten-2-ol ,CC(C)(C=C)O ,115-18-4,Biofuel,8.708333333333332,-0.6944444444444444,8.708333333333332,0.6944444444444444,0.4707782437790138,86.134,76.05399999999999,86.07316494,36,0,0.07685250841759078,-0.3863939105116286,0.3863939105116286,0.07685250841759078,1.6666666666666667,1.8333333333333333,1.8333333333333333,16.280352224851185,10.144990089717657,2.0161497257609913,-2.067873440405148,1.977596157536294,-2.1192904894656492,4.859057195856324,0.13332847371986398,3.4459912135188397,49.44900955152481,5.207106781186548,4.2316706458761315,4.2316706458761315,2.5606601717798214,1.9205302228086547,1.9205302228086547,1.8577874547950957,1.8577874547950957,0.4995353833813907,0.4995353833813907,0.0,0.0,-0.3,12.16479703638053,5.699999999999999,1.43334818445088,3.7,38.30365020542773,5.106527394840706,0.0,0.0,0.0,0.0,0.0,0.0,0.0,0.0,6.578935683598497,6.076020106833881,13.847474399381248,0.0,5.601050810983688,5.106527394840706,0.0,0.0,0.0,0.0,19.448525210364934,0.0,12.654955790432378,0.0,0.0,0.0,0.0,0.0,0.0,10.707578205824394,0.0,0.0,13.847474399381248,12.654955790432378,0.0,0.0,0.0,20.23,5.601050810983688,0.0,0.0,0.0,0.0,0.0,6.076020106833881,13.847474399381248,0.0,6.578935683598497,5.106527394840706,0.0,0.0,0.0,8.708333333333332,-0.6944444444444444,0.0,0.0,1.4930555555555556,6.743055555555555,0.0,0.6,6,1,1,0,0,0,0,0,0,1,1,1,1,0,0,0,0,0.9433,26.494799999999987,0,1,0,0,0,0,0,0,0,0,0,0,0,0,0,0,0,0,0,0,0,0,0,0,0,0,0,0,0,0,0,0,0,0,0,0,0,0,0,0,0,0,0,0,0,0,0,0,0,0,0,0,0,0,0,0,0,0,0,0,0,0,0,0,0,0,0,0,0,0,0,0,0,0,0,0,0,0,0,0,0,0,0,0,0
Sabinen,CC(C)C12CCC(=C)C1C2,3387-41-5,Biofuel,4.104282407407407,0.7332175925925926,4.104282407407407,0.7332175925925926,0.4860131083814463,136.23799999999997,120.10999999999997,136.125200512,56,0,-0.014090058575024579,-0.09955961985554737,0.09955961985554737,0.014090058575024579,1.6,2.3,2.5,14.63641183746593,9.899769623419672,2.593692047763425,-2.1459550794406868,2.685455409300038,-2.069013837831333,5.256796882179611,0.3439805899753562,2.1770985232324103,178.47733175670794,7.3533711511285205,6.983127663125442,6.983127663125442,4.66633777220611,4.343187795000649,4.343187795000649,4.302822079430709,4.302822079430709,3.6722163779767887,3.6722163779767887,2.6425312481245826,2.6425312481245826,-0.26,340.7270446836161,6.450201165867344,1.6637425470500236,0.5744620757576451,63.322464718156304,0.0,0.0,0.0,0.0,0.0,0.0,0.0,0.0,0.0,0.0,25.999514613049012,36.51326743049759,0.0,0.0,0.0,0.0,0.0,0.0,17.250802561719567,33.10993926815928,0.0,12.152040213667764,0.0,0.0,0.0,0.0,0.0,0.0,0.0,0.0,17.250802561719567,33.10993926815928,12.152040213667764,0.0,0.0,0.0,0.0,0.0,0.0,0.0,0.0,0.0,17.250802561719567,24.835569398847294,0.0,0.0,20.426410082979746,0.0,0.0,0.0,0.0,0.0,2.269050925925926,1.8094907407407403,0.0,4.181064814814815,8.823726851851852,0.0,0.8,10,0,0,2,0,2,0,0,0,0,0,0,1,2,0,2,2,2.9987000000000013,43.75200000000002,0,0,0,0,0,0,0,0,0,0,0,0,0,0,0,0,0,0,0,0,0,0,0,0,0,0,1,0,0,0,0,0,0,0,0,0,1,0,0,0,0,0,0,0,0,0,0,0,0,0,0,0,0,0,0,0,0,0,0,0,0,0,0,0,0,0,0,0,0,0,0,0,0,0,0,0,0,0,0,0,0,0,0,0,0
2-Pentanone,CCCC(=O)C,107-87-9,Biofuel,10.04375,0.2893518518518521,10.04375,0.2893518518518521,0.4957688321065222,86.13399999999999,76.05399999999999,86.07316494,36,0,0.12932953227060026,-0.30003121331851546,0.30003121331851546,0.12932953227060026,1.6666666666666667,2.1666666666666665,2.1666666666666665,16.137161377899325,10.25703770289729,1.832593837482173,-1.8015786707385315,1.8393110519916285,-1.8402587953823883,5.7474265714595205,-0.11653045458848842,2.831257109931365,47.900134529890124,4.99156383156272,4.322461852836958,4.322461852836958,2.770055610029662,2.2647843170117525,2.2647843170117525,1.4520151031226116,1.4520151031226116,0.6020620726159656,0.6020620726159656,0.35206207261596567,0.35206207261596567,-0.33,14.834466856136647,5.670000000000001,2.884132762312634,3.67,38.36054158545974,4.794537184071822,5.783244946364939,0.0,0.0,0.0,0.0,0.0,0.0,0.0,0.0,6.923737199690624,13.344558822616634,6.4208216229260096,0.0,4.794537184071822,5.783244946364939,0.0,0.0,0.0,26.689117645233267,0.0,0.0,0.0,0.0,0.0,0.0,0.0,0.0,5.783244946364939,4.794537184071822,0.0,26.689117645233267,0.0,0.0,0.0,0.0,17.07,0.0,4.794537184071822,0.0,5.783244946364939,0.0,12.841643245852019,0.0,6.923737199690624,6.923737199690624,0.0,0.0,0.0,0.0,10.04375,0.0,0.0,0.2893518518518521,0.0,1.7175925925925926,3.615972222222222,0.0,0.8,6,0,1,0,0,0,0,0,0,1,0,1,2,0,0,0,0,1.3755,25.588999999999988,0,0,0,0,0,0,0,0,0,0,1,1,0,0,0,0,0,0,0,0,0,0,0,0,0,0,0,0,0,0,0,0,0,0,0,0,0,0,0,0,0,0,0,0,0,0,0,0,0,0,0,1,1,0,0,0,0,0,0,0,0,0,0,0,0,0,0,0,0,0,0,0,0,0,0,0,0,0,0,0,0,0,0,0,0
2-Butanone,CCC(=O)C,78-93-3,Biofuel,9.8125,0.25462962962963,9.8125,0.25462962962963,0.4510508050249619,72.107,64.043,72.057514876,30,0,0.1290650325260376,-0.3000423849594125,0.3000423849594125,0.1290650325260376,1.8,2.0,2.0,16.137113777124796,10.36069990921781,1.764361948378108,-1.7110451766420987,1.7108251507906331,-1.797011934236342,5.744224710981027,-0.11619858873065753,2.847378923087672,38.912609383243264,4.284457050376173,3.6153550716504106,3.6153550716504106,2.270055610029662,1.7647843170117528,1.7647843170117528,1.0555684937158853,1.0555684937158853,0.49789095789068016,0.49789095789068016,0.0,0.0,-0.33,9.65148445440323,4.67,1.9424795640326975,3.67,31.995599471063137,4.794537184071822,5.783244946364939,0.0,0.0,0.0,0.0,0.0,0.0,0.0,0.0,6.923737199690624,6.923737199690624,6.4208216229260096,0.0,4.794537184071822,5.783244946364939,0.0,0.0,0.0,20.268296022307258,0.0,0.0,0.0,0.0,0.0,0.0,0.0,0.0,5.783244946364939,4.794537184071822,0.0,20.268296022307258,0.0,0.0,0.0,0.0,17.07,0.0,4.794537184071822,0.0,5.783244946364939,6.4208216229260096,0.0,0.0,6.923737199690624,6.923737199690624,0.0,0.0,0.0,0.0,9.8125,0.0,0.0,0.25462962962963,0.0,0.6666666666666665,3.4328703703703702,0.0,0.75,5,0,1,0,0,0,0,0,0,1,0,1,1,0,0,0,0,0.9854,20.971999999999994,0,0,0,0,0,0,0,0,0,0,1,1,0,0,0,0,0,0,0,0,0,0,0,0,0,0,0,0,0,0,0,0,0,0,0,0,0,0,0,0,0,0,0,0,0,0,0,0,0,0,0,1,1,0,0,0,0,0,0,0,0,0,0,0,0,0,0,0,0,0,0,0,0,0,0,0,0,0,0,0,0,0,0,0,0
2-Methyl-1-propanol,CC(C)CO,78-83-1,Biofuel,8.143518518518519,0.3055555555555556,8.143518518518519,0.3055555555555556,0.4834802442445536,74.12299999999999,64.04299999999999,74.07316494,32,0,0.045348803787554154,-0.39610984383746906,0.39610984383746906,0.045348803787554154,1.6,1.8,1.8,16.250822345185263,10.248648690795427,1.81069746698569,-1.895920975847972,1.8300960747109434,-1.9021634047053195,4.318960271531586,0.2479626892715294,2.5395388613593903,17.609640474436812,4.284457050376173,3.731670645876131,3.731670645876131,2.270055610029662,1.8791765948599526,1.8791765948599526,1.5764210359524071,1.5764210359524071,0.3651483716701107,0.3651483716701107,0.0,0.0,-0.04,9.65148445440323,4.960000000000001,2.212525252525253,3.9600000000000004,32.62831112321538,5.106527394840706,0.0,0.0,0.0,0.0,0.0,0.0,0.0,0.0,0.0,13.847474399381248,5.917906046161393,6.606881964512918,0.0,5.106527394840706,0.0,0.0,0.0,5.917906046161393,13.847474399381248,6.606881964512918,0.0,0.0,0.0,0.0,0.0,0.0,0.0,11.713409359353623,0.0,5.917906046161393,13.847474399381248,0.0,0.0,0.0,0.0,20.23,0.0,0.0,0.0,0.0,12.52478801067431,0.0,0.0,0.0,13.847474399381248,0.0,5.106527394840706,0.0,0.0,0.0,8.143518518518519,0.0,0.43981481481481466,0.0,0.0,4.25,0.0,1.0,5,1,1,0,0,0,0,0,0,1,1,1,1,0,0,0,0,0.6347,21.923799999999996,0,1,1,0,0,0,0,0,0,0,0,0,0,0,0,0,0,0,0,0,0,0,0,0,0,0,0,0,0,0,0,0,0,0,0,0,0,0,0,0,0,0,0,0,0,0,0,0,0,0,0,0,0,0,0,0,0,0,0,0,0,0,0,0,0,0,0,0,0,0,0,0,0,0,0,0,0,0,0,0,0,0,0,0,0
Cyclopentanone,C1CCC(=O)C1,120-92-3,Biofuel,10.243055555555555,0.45370370370370394,10.243055555555555,0.45370370370370394,0.4296801032840842,84.118,76.05399999999999,84.057514876,34,0,0.13241174098098987,-0.2997179056395969,0.2997179056395969,0.13241174098098987,1.1666666666666667,1.6666666666666667,1.8333333333333333,16.138115168672947,10.357493667553983,2.068709157016927,-1.7106114043194847,2.109360468251137,-1.8130186227992746,5.794964874845796,-0.11686212346795587,2.3673518510178746,58.33869642763737,4.405777393935816,3.736675415210053,3.736675415210053,2.893846850117352,2.4112309264184786,2.4112309264184786,1.7457819157813603,1.7457819157813603,1.1612309264184788,1.1612309264184788,0.7693375672974063,0.7693375672974063,-0.33,33.548875021634686,3.84636684303351,1.4138304835588202,0.5880806897900375,37.35471043193051,0.0,5.783244946364939,0.0,0.0,0.0,0.0,4.794537184071822,0.0,0.0,0.0,0.0,12.841643245852019,12.841643245852019,0.0,4.794537184071822,5.783244946364939,0.0,0.0,0.0,25.683286491704038,0.0,0.0,0.0,0.0,0.0,0.0,0.0,0.0,5.783244946364939,4.794537184071822,0.0,25.683286491704038,0.0,0.0,0.0,0.0,17.07,0.0,4.794537184071822,0.0,0.0,5.783244946364939,25.683286491704038,0.0,0.0,0.0,0.0,0.0,0.0,0.0,10.243055555555555,0.0,0.0,0.45370370370370394,0.0,3.9699074074074074,0.0,0.0,0.8,6,0,1,1,0,1,0,0,0,1,0,1,0,1,0,1,1,1.1295,23.47499999999999,0,0,0,0,0,0,0,0,0,0,1,1,0,0,0,0,0,0,0,0,0,0,0,0,0,0,0,0,0,0,0,0,0,0,0,0,0,0,0,0,0,0,0,0,0,0,0,0,0,0,0,1,1,0,0,0,0,0,0,0,0,0,0,0,0,0,0,0,0,0,0,0,0,0,0,0,0,0,0,0,0,0,0,0,0
1-Propanol,CCCO,71-23-8,Biofuel,7.875,0.3194444444444444,7.875,0.3194444444444444,0.46378398302396845,60.096,52.032000000000004,60.057514876,26,0,0.04278927992053378,-0.39638735063233616,0.39638735063233616,0.04278927992053378,1.75,2.0,2.0,16.24985029953303,10.547573166539827,1.5677116084812683,-1.6891847809432488,1.6080928326075683,-1.6908528015472257,4.09636113465441,0.29476856785792466,1.9747448713915894,5.245112497836532,3.414213562373095,2.861427157873053,2.861427157873053,1.914213562373095,1.5233345472033855,1.5233345472033855,0.7236067977499788,0.7236067977499788,0.2236067977499789,0.2236067977499789,0.0,0.0,-0.04,6.854752972273345,3.9600000000000004,2.9600000000000004,1.96,26.26336900881878,5.106527394840706,0.0,0.0,0.0,0.0,0.0,0.0,0.0,0.0,0.0,6.923737199690624,6.4208216229260096,6.606881964512918,0.0,5.106527394840706,0.0,0.0,0.0,0.0,13.344558822616634,6.606881964512918,0.0,0.0,0.0,0.0,0.0,0.0,0.0,11.713409359353623,0.0,0.0,13.344558822616634,0.0,0.0,0.0,0.0,20.23,0.0,0.0,0.0,0.0,6.606881964512918,6.4208216229260096,0.0,0.0,6.923737199690624,0.0,5.106527394840706,0.0,0.0,0.0,7.875,0.0,0.0,0.0,0.875,2.25,0.0,1.0,4,1,1,0,0,0,0,0,0,1,1,1,1,0,0,0,0,0.3887,17.376800000000003,0,1,1,0,0,0,0,0,0,0,0,0,0,0,0,0,0,0,0,0,0,0,0,0,0,0,0,0,0,0,0,0,0,0,0,0,0,0,0,0,0,0,0,0,0,0,0,0,0,0,0,0,0,0,0,0,0,0,0,0,0,0,0,0,0,0,0,0,0,0,0,0,0,0,0,0,0,0,0,0,0,0,0,0,0
Anisole,COC1=CC=CC=C1 ,100-66-3,Biofuel,4.914166666666667,0.9097222222222223,4.914166666666667,0.9097222222222223,0.5316253154127668,108.13999999999997,100.07599999999998,108.057514876,42,0,0.11835771513702235,-0.4967685686134767,0.4967685686134767,0.11835771513702235,1.125,1.75,2.125,16.465240463867097,10.341905912721627,1.7971474404811068,-1.9345412245137041,2.0496311270648695,-1.7796390621257159,5.198905536384115,0.4145702171982055,2.8320858350070908,145.73281445033504,5.819990956308912,4.794999636411992,4.794999636411992,3.931851652578137,2.5230560382187543,2.5230560382187543,1.5171766748170736,1.5171766748170736,0.9789074255654433,0.9789074255654433,0.5565779913075294,0.5565779913075294,-0.9800000000000001,91.36757727918736,5.162450142450142,2.3586048594225155,0.9971092570832982,48.90989046340045,4.736862953800049,5.749511833283905,0.0,0.0,0.0,0.0,0.0,0.0,0.0,0.0,18.19910120538483,12.13273413692322,0.0,7.109797541277533,4.736862953800049,0.0,0.0,0.0,0.0,0.0,7.109797541277533,30.33183534230805,0.0,5.749511833283905,4.736862953800049,0.0,5.749511833283905,0.0,7.109797541277533,0.0,0.0,0.0,30.33183534230805,0.0,0.0,0.0,9.23,0.0,0.0,0.0,0.0,0.0,5.749511833283905,0.0,7.109797541277533,30.33183534230805,0.0,4.736862953800049,4.914166666666667,0.0,0.0,0.0,0.0,0.9097222222222223,9.680740740740742,0.0,0.0,1.662037037037037,0.14285714285714285,8,0,1,0,0,0,1,0,1,1,0,1,1,0,0,0,1,1.6952,32.99399999999999,0,0,0,0,0,0,0,0,0,0,0,0,0,0,0,0,0,0,0,0,0,0,0,0,0,0,0,0,0,0,0,0,0,0,1,0,0,0,0,0,0,1,0,0,0,0,0,0,0,0,0,0,0,0,0,1,0,0,0,0,0,0,0,0,1,0,0,0,0,0,0,0,0,0,0,0,0,0,0,0,0,0,0,0,0
2-Methylfuran,CC1=CC=CO1,534-22-5,Biofuel,4.833333333333333,0.9675925925925928,4.833333333333333,0.9675925925925928,0.4628605847396023,82.102,76.05399999999999,82.041864812,32,0,0.10017047607147558,-0.469664556492416,0.469664556492416,0.10017047607147558,1.6666666666666667,2.5,2.6666666666666665,16.331810320106246,10.516826885003017,1.7542868797014255,-1.686512360265907,1.9288971019272538,-1.4790398616728275,4.932245232446961,0.5340345909525056,3.049648321313926,107.4988650600484,4.405777393935816,3.6402990980327403,3.6402990980327403,2.893846850117352,1.8951682068889273,1.8951682068889273,1.2237010601067568,1.2237010601067568,0.6634344070931327,0.6634344070931327,0.36068497693851154,0.36068497693851154,-0.72,33.548875021634686,3.4693939393939397,1.1675410767171084,0.432338837275346,36.590674497970404,4.417150937053347,5.760247418874442,0.0,0.0,0.0,0.0,0.0,0.0,0.0,0.0,0.0,19.056471336613843,0.0,6.263162995639057,4.417150937053347,0.0,0.0,0.0,0.0,6.923737199690624,0.0,24.156144551436718,0.0,0.0,0.0,0.0,0.0,0.0,0.0,0.0,6.923737199690624,5.760247418874442,22.813048069615622,0.0,0.0,0.0,13.14,0.0,0.0,0.0,0.0,0.0,5.760247418874442,0.0,6.263162995639057,19.056471336613843,0.0,4.417150937053347,4.833333333333333,0.0,0.0,0.0,0.0,0.9675925925925928,3.787037037037037,1.662037037037037,1.9166666666666667,0.0,0.2,6,0,1,0,0,0,0,1,1,1,0,1,0,0,0,0,1,1.58802,23.444999999999993,0,0,0,0,0,0,0,0,0,0,0,0,0,0,0,0,0,0,0,0,0,0,0,0,0,0,0,0,0,0,1,0,0,0,0,0,0,0,0,0,0,0,1,0,0,0,0,0,0,0,0,0,0,0,0,0,0,0,0,0,0,0,0,0,0,0,0,0,0,0,0,0,0,0,0,0,0,0,0,0,0,0,0,0,0
3-Pentanone,CCC(=O)CC,96-22-0,Biofuel,10.180555555555555,0.342592592592593,10.180555555555555,0.342592592592593,0.4957688321065222,86.134,76.054,86.07316494,36,0,0.13186152172966464,-0.2997406513908195,0.2997406513908195,0.13186152172966464,1.3333333333333333,1.6666666666666667,1.6666666666666667,16.13770405136894,10.250042925844223,1.8625884936488524,-1.8087766781044416,1.8249499239166267,-1.8767940623440593,5.770114341262289,-0.11794492463097392,2.9881608821342693,41.900134529890124,4.99156383156272,4.322461852836958,4.322461852836958,2.808060412490447,2.325444488791574,2.325444488791574,1.2457819157813603,1.2457819157813603,0.7886751345948128,0.7886751345948128,0.24999999999999994,0.24999999999999994,-0.33,19.800269059780252,5.670000000000001,2.884132762312634,1.9424795640326975,38.36054158545974,0.0,5.783244946364939,0.0,0.0,0.0,0.0,4.794537184071822,0.0,0.0,0.0,13.847474399381248,0.0,12.841643245852019,0.0,4.794537184071822,5.783244946364939,0.0,0.0,0.0,26.689117645233267,0.0,0.0,0.0,0.0,0.0,0.0,0.0,0.0,5.783244946364939,4.794537184071822,0.0,26.689117645233267,0.0,0.0,0.0,0.0,17.07,0.0,4.794537184071822,0.0,0.0,18.624888192216957,0.0,0.0,0.0,13.847474399381248,0.0,0.0,0.0,0.0,10.180555555555555,0.0,0.0,0.342592592592593,0.0,1.3819444444444442,3.761574074074074,0.0,0.8,6,0,1,0,0,0,0,0,0,1,0,1,2,0,0,0,0,1.3755,25.588999999999988,0,0,0,0,0,0,0,0,0,0,1,1,0,0,0,0,0,0,0,0,0,0,0,0,0,0,0,0,0,0,0,0,0,0,0,0,0,0,0,0,0,0,0,0,0,0,0,0,0,0,0,1,1,0,0,0,0,0,0,0,0,0,0,0,0,0,0,0,0,0,0,0,0,0,0,0,0,0,0,0,0,0,0,0,0
Isopropyl acetate,CC(C)OC(=O)C,108-21-4,Biofuel,10.031944444444445,-0.2129629629629628,10.031944444444445,0.025462962962962576,0.46074798296339087,102.133,92.053,102.06807956,42,0,0.3023791003505634,-0.4631559932494283,0.4631559932494283,0.3023791003505634,1.5714285714285714,2.0,2.0,16.540667536120914,10.475495274882176,1.930422710742906,-2.013883791318795,1.850230748394962,-2.059405794250742,5.655378599888553,-0.14407611160843695,3.126006652390634,66.48040587771368,5.8618073195657985,4.893846850117352,4.893846850117352,3.125897657686229,2.2986510892386307,2.2986510892386307,1.658187543975612,1.658187543975612,0.40166591302574267,0.40166591302574267,0.33192730526045355,0.33192730526045355,-0.53,19.093583929800843,6.47,2.610921480426842,5.47,43.47408681496662,4.736862953800049,0.0,0.0,0.0,0.0,5.969305287951849,4.794537184071822,0.0,0.0,0.0,0.0,13.847474399381248,6.923737199690624,6.103966387748303,9.53140013787187,5.969305287951849,0.0,0.0,0.0,26.875177986820173,0.0,0.0,0.0,0.0,0.0,0.0,0.0,0.0,12.073271675700152,9.53140013787187,0.0,20.771211599071872,0.0,0.0,0.0,0.0,26.3,0.0,4.794537184071822,0.0,12.073271675700152,0.0,0.0,6.923737199690624,0.0,13.847474399381248,4.736862953800049,0.0,4.611111111111111,0.0,10.031944444444445,0.0,0.0,-0.2129629629629628,0.0,0.025462962962962576,5.044444444444444,0.0,0.8,7,0,2,0,0,0,0,0,0,2,0,2,1,0,0,0,0,0.9579,26.901999999999987,0,0,0,0,0,0,0,0,0,0,1,1,0,0,0,0,0,0,0,0,0,0,0,0,0,0,0,0,0,0,0,0,0,0,0,0,0,0,0,0,1,1,0,0,0,0,0,0,0,0,0,0,0,0,0,0,0,0,0,0,0,0,0,0,0,0,0,0,0,0,0,0,0,0,0,0,0,0,0,0,0,0,0,0,0
Methyl isobutyrate,CC(C)C(=O)OC,547-63-7,Biofuel,10.289351851851851,-0.15277777777777746,10.289351851851851,0.004629629629629539,0.4579236904082328,102.13299999999998,92.05299999999998,102.06807956,42,0,0.30758550293304554,-0.468807027224319,0.468807027224319,0.30758550293304554,1.5714285714285714,2.0,2.0,16.523812446720694,10.227417177631143,2.0264224643964694,-1.9746075667826144,1.913952842918008,-2.0719809619365077,5.706783499294528,-0.14367510172816617,3.3530759537985286,66.48040587771368,5.861807319565799,4.893846850117352,4.893846850117352,3.1807392125526213,2.259872253901791,2.259872253901791,1.6778602773400324,1.6778602773400324,0.6725889843221231,0.6725889843221231,0.2357022603955159,0.2357022603955159,-0.53,27.977093296928835,6.47,2.610921480426842,2.2012614259597805,43.47408681496662,4.736862953800049,0.0,0.0,0.0,0.0,5.969305287951849,4.794537184071822,0.0,0.0,0.0,13.847474399381248,0.0,0.0,13.027703587438927,9.53140013787187,5.969305287951849,0.0,0.0,5.917906046161393,13.847474399381248,7.109797541277533,0.0,0.0,0.0,0.0,0.0,0.0,0.0,13.079102829229383,9.53140013787187,5.917906046161393,13.847474399381248,0.0,0.0,0.0,0.0,26.3,0.0,4.794537184071822,0.0,11.887211334113243,0.0,0.0,7.109797541277533,13.847474399381248,0.0,4.736862953800049,0.0,4.372685185185185,0.0,10.289351851851851,0.0,0.0,-0.14814814814814792,0.0,0.0,3.5949074074074074,1.3912037037037037,0.8,7,0,2,0,0,0,0,0,0,2,0,2,1,0,0,0,0,0.8154,26.853999999999985,0,0,0,0,0,0,0,0,0,0,1,1,0,0,0,0,0,0,0,0,0,0,0,0,0,0,0,0,0,0,0,0,0,0,0,0,0,0,0,0,1,1,0,0,0,0,0,0,0,0,0,0,0,0,0,1,0,0,0,0,0,0,0,0,0,0,0,0,0,0,0,0,0,0,0,0,0,0,0,0,0,0,0,0,0
4-Methyl-2-pentanol,CC(C)CC(C)O,108-11-2,Biofuel,8.722777777777779,-0.12500000000000022,8.722777777777779,0.12500000000000022,0.5586305568134091,102.17699999999998,88.06499999999998,102.104465068,44,0,0.05141023570958835,-0.3934087426759659,0.3934087426759659,0.05141023570958835,1.2857142857142858,1.7142857142857142,1.7142857142857142,16.264732896841902,10.083840629172238,1.9673238788995375,-2.0428129208425596,2.014155024669296,-2.0270565418063704,4.488279837178704,0.16766364918037938,2.9532231745612925,33.44467835888275,5.8618073195657985,5.309020915065757,5.309020915065757,3.125897657686229,2.8067462782437644,2.8067462782437644,2.478570476558947,2.478570476558947,0.8125160365254936,0.8125160365254936,0.6822230314689237,0.6822230314689237,-0.04,19.093583929800843,6.96,3.026851631655436,5.960000000000001,45.3581953520086,5.106527394840706,0.0,0.0,0.0,0.0,0.0,0.0,0.0,0.0,0.0,13.847474399381248,19.262464868778025,0.0,6.103966387748303,5.106527394840706,0.0,0.0,0.0,5.917906046161393,33.29599960974619,0.0,0.0,0.0,0.0,0.0,0.0,0.0,0.0,11.210493782589008,0.0,5.917906046161393,27.19203322199788,0.0,0.0,0.0,0.0,20.23,0.0,0.0,0.0,6.103966387748303,5.917906046161393,6.4208216229260096,0.0,0.0,6.923737199690624,13.847474399381248,5.106527394840706,0.0,0.0,0.0,8.722777777777779,0.0,0.6249999999999998,0.0,0.7916666666666665,6.027222222222222,0.0,1.0,7,1,1,0,0,0,0,0,0,1,1,1,2,0,0,0,0,1.4133,31.135799999999982,0,1,1,0,0,0,0,0,0,0,0,0,0,0,0,0,0,0,0,0,0,0,0,0,0,0,0,0,0,0,0,0,0,0,0,0,0,0,0,0,0,0,0,0,0,0,0,0,0,0,0,0,0,0,0,0,0,0,0,0,0,0,0,0,0,0,0,0,0,0,0,0,0,0,0,0,0,0,0,0,0,0,0,0,0
"2,5-Dimethylfuran",CC1=CC=C(O1)C,625-86-5,Biofuel,5.083333333333333,0.9837962962962964,5.083333333333333,0.9837962962962964,0.4804036489034677,96.129,88.06499999999998,96.057514876,38,0,0.10057870797310317,-0.46669141350136323,0.46669141350136323,0.10057870797310317,1.1428571428571428,1.5714285714285714,1.7142857142857142,16.340678260079365,10.460267153111195,1.852215924160925,-1.7594908664718858,2.016982738095679,-1.5344142336457816,5.022881260914837,0.5044422055929474,3.042002767407289,136.46855847366513,5.276020881938894,4.562948828843115,4.562948828843115,3.287693700234704,2.3189318929868223,2.3189318929868223,1.656696225998304,1.656696225998304,0.8747247055843108,0.8747247055843108,0.5566833238403335,0.5566833238403335,-0.72,46.670482779147534,4.439235668789809,1.4107848491213335,0.8285542253028078,42.95561661236701,4.417150937053347,11.520494837748885,0.0,0.0,0.0,0.0,0.0,0.0,0.0,0.0,0.0,25.980208536304467,0.0,0.0,4.417150937053347,0.0,0.0,0.0,0.0,13.847474399381248,0.0,23.653228974672103,0.0,0.0,0.0,0.0,0.0,0.0,0.0,0.0,13.847474399381248,11.520494837748885,16.54988507397657,0.0,0.0,0.0,13.14,0.0,0.0,0.0,0.0,0.0,11.520494837748885,0.0,0.0,25.980208536304467,0.0,4.417150937053347,5.083333333333333,0.0,0.0,0.0,0.0,1.967592592592593,3.9074074074074074,0.0,3.875,0.0,0.3333333333333333,7,0,1,0,0,0,0,1,1,1,0,1,0,0,0,0,1,1.89644,28.181999999999988,0,0,0,0,0,0,0,0,0,0,0,0,0,0,0,0,0,0,0,0,0,0,0,0,0,0,0,0,0,0,2,0,0,0,0,0,0,0,0,0,0,0,1,0,0,0,0,0,0,0,0,0,0,0,0,0,0,0,0,0,0,0,0,0,0,0,0,0,0,0,0,0,0,0,0,0,0,0,0,0,0,0,0,0,0
2-Methyl-1-butanol,CCC(C)CO,137-32-6,Biofuel,8.33476851851852,0.32986111111111116,8.33476851851852,0.32986111111111116,0.5340885234757722,88.14999999999999,76.05399999999999,88.088815004,38,0,0.04560232938954998,-0.39609919499473895,0.39609919499473895,0.04560232938954998,1.6666666666666667,2.1666666666666665,2.1666666666666665,16.250894133525957,10.141028380249486,1.8969546877700822,-1.9754334773400004,1.9476811565180023,-1.9564200952410196,4.410641437131018,0.23408347889167966,2.7541847860376616,23.11941547876375,4.99156383156272,4.4387774270626785,4.4387774270626785,2.808060412490447,2.4171813973207374,2.4171813973207374,1.6959941918214572,1.6959941918214572,1.0085970557673118,1.0085970557673118,0.12909944487358055,0.12909944487358055,-0.04,19.800269059780252,5.959999999999999,3.1616129032258065,2.212525252525253,38.99325323761199,5.106527394840706,0.0,0.0,0.0,0.0,0.0,0.0,0.0,0.0,0.0,20.268296022307258,5.917906046161393,6.606881964512918,0.0,5.106527394840706,0.0,0.0,0.0,5.917906046161393,20.268296022307258,6.606881964512918,0.0,0.0,0.0,0.0,0.0,0.0,0.0,11.713409359353623,0.0,5.917906046161393,20.268296022307258,0.0,0.0,0.0,0.0,20.23,0.0,0.0,0.0,0.0,12.52478801067431,6.4208216229260096,0.0,0.0,6.923737199690624,6.923737199690624,5.106527394840706,0.0,0.0,0.0,8.33476851851852,0.0,0.4907407407407405,0.0,1.0798611111111112,4.4279629629629635,0.0,1.0,6,1,1,0,0,0,0,0,0,1,1,1,2,0,0,0,0,1.0248,26.54079999999999,0,1,1,0,0,0,0,0,0,0,0,0,0,0,0,0,0,0,0,0,0,0,0,0,0,0,0,0,0,0,0,0,0,0,0,0,0,0,0,0,0,0,0,0,0,0,0,0,0,0,0,0,0,0,0,0,0,0,0,0,0,0,0,0,0,0,0,0,0,0,0,0,0,0,0,0,0,0,0,0,0,0,0,0,0
Butyl acetate,CCCCOC(=O)C,123-86-4,Biofuel,10.096346371882085,-0.18199074074074062,10.096346371882085,0.18199074074074062,0.4106841127563541,116.15999999999998,104.06399999999998,116.083729624,48,0,0.3021228665755719,-0.46587787390632607,0.46587787390632607,0.3021228665755719,1.625,2.25,2.625,16.531446401176886,10.359489559118819,1.8756739672666687,-1.9592890193015746,1.8631937201423308,-1.9862710529642575,5.653159339149835,-0.14054059256939685,2.822354554248032,68.92878689342031,6.405777393935816,5.437816924487368,5.437816924487368,3.770055610029662,2.9040302062452232,2.9040302062452232,1.693596726919808,1.693596726919808,0.8032161629029312,0.8032161629029312,0.36023509022874206,0.36023509022874206,-0.53,48.27551104108667,7.470000000000001,4.624559505409582,5.469999999999999,49.83902892936323,4.736862953800049,0.0,0.0,0.0,0.0,5.969305287951849,4.794537184071822,0.0,0.0,0.0,13.344558822616634,6.4208216229260096,6.923737199690624,6.606881964512918,9.53140013787187,5.969305287951849,0.0,0.0,0.0,26.689117645233267,6.606881964512918,0.0,0.0,0.0,0.0,0.0,0.0,0.0,12.576187252464766,9.53140013787187,0.0,26.689117645233267,0.0,0.0,0.0,0.0,26.3,0.0,4.794537184071822,0.0,5.969305287951849,6.606881964512918,12.841643245852019,6.923737199690624,0.0,0.0,11.660600153490673,0.0,4.6433333333333335,0.0,10.096346371882085,0.0,0.0,-0.18199074074074062,0.0,2.0484722222222222,4.060505479969766,0.0,0.8333333333333334,8,0,2,0,0,0,0,0,0,2,0,2,3,0,0,0,0,1.3496000000000001,31.540999999999983,0,0,0,0,0,0,0,0,0,0,1,1,0,0,0,0,0,0,0,0,0,0,0,0,0,0,0,0,0,0,0,0,0,0,0,0,0,0,0,0,1,1,0,0,0,0,0,0,0,0,0,0,0,0,0,0,0,0,0,0,0,0,0,0,0,0,0,0,0,0,0,0,0,0,0,0,0,0,0,0,0,0,0,1,0
Isoamyl acetate,CC(C)CCOC(=O)C,123-92-2,Biofuel,10.203016817838247,-0.1845833333333331,10.203016817838247,0.1845833333333331,0.5422095914375367,130.18699999999998,116.07499999999997,130.099379688,54,0,0.302123037200498,-0.46586693130001083,0.46586693130001083,0.302123037200498,1.5555555555555556,2.111111111111111,2.4444444444444446,16.531488868847255,10.147848492306348,1.944482630675683,-2.0246988032162596,1.9774239153374735,-2.0231833016067835,5.653214887751465,-0.1407376222810253,3.006105030052141,86.91694057588533,7.276020881938894,6.3080604124904465,6.3080604124904465,4.125897657686229,3.259872253901791,3.259872253901791,2.5225653210386993,2.5225653210386993,1.000526604399635,1.000526604399635,0.4383565647770272,0.4383565647770272,-0.53,65.1469510314125,8.470000000000002,4.3587538349811625,7.470000000000003,56.20397104375984,4.736862953800049,0.0,0.0,0.0,0.0,5.969305287951849,4.794537184071822,0.0,0.0,0.0,13.847474399381248,12.338727669087403,6.923737199690624,6.606881964512918,9.53140013787187,5.969305287951849,0.0,0.0,5.917906046161393,27.19203322199788,6.606881964512918,0.0,0.0,0.0,0.0,0.0,0.0,0.0,12.576187252464766,9.53140013787187,5.917906046161393,27.19203322199788,0.0,0.0,0.0,0.0,26.3,0.0,4.794537184071822,0.0,5.969305287951849,12.52478801067431,6.4208216229260096,6.923737199690624,0.0,0.0,13.847474399381248,4.736862953800049,4.71375,0.0,10.203016817838247,0.0,0.0,0.4305555555555556,0.0,0.9579166666666666,6.194760959939531,0.0,0.8571428571428571,9,0,2,0,0,0,0,0,0,2,0,2,3,0,0,0,0,1.5956000000000001,36.087999999999994,0,0,0,0,0,0,0,0,0,0,1,1,0,0,0,0,0,0,0,0,0,0,0,0,0,0,0,0,0,0,0,0,0,0,0,0,0,0,0,0,1,1,0,0,0,0,0,0,0,0,0,0,0,0,0,0,0,0,0,0,0,0,0,0,0,0,0,0,0,0,0,0,0,0,0,0,0,0,0,0,0,0,0,0,0
"2,4-Dimethyl-2-pentene",CC(C)C=C(C)C,625-65-0,Biofuel,2.25,0.7129629629629629,2.25,0.7129629629629629,0.44210961702042856,98.189,84.07699999999998,98.109550448,42,0,-0.02879494748392924,-0.08332105914575781,0.08332105914575781,0.02879494748392924,1.2857142857142858,1.7142857142857142,1.7142857142857142,13.88511145999653,10.141434231359202,1.8181123298569295,-1.9262162384557278,1.9784861294841294,-1.773286350886213,4.939623180018627,0.8215342775328456,3.4451715439308535,64.10749561002055,5.8618073195657985,5.6547005383792515,5.6547005383792515,3.125897657686229,2.776709006307398,2.776709006307398,2.4880338717125854,2.4880338717125854,0.6666666666666669,0.6666666666666669,0.6666666666666669,0.6666666666666669,-0.26,19.093583929800843,6.74,2.838891422835457,5.739999999999999,46.239300682024925,0.0,0.0,0.0,0.0,0.0,0.0,0.0,0.0,0.0,0.0,25.496599036284394,19.76538044554264,0.0,0.0,0.0,0.0,0.0,0.0,5.917906046161393,27.694948798762496,0.0,11.64912463690315,0.0,0.0,0.0,0.0,0.0,0.0,0.0,0.0,5.917906046161393,27.694948798762496,11.64912463690315,0.0,0.0,0.0,0.0,0.0,0.0,0.0,0.0,5.917906046161393,0.0,5.573104530069267,0.0,0.0,33.770968905596376,0.0,0.0,0.0,0.0,0.0,1.4120370370370372,0.7129629629629629,0.0,2.25,8.625,0.0,0.7142857142857143,7,0,0,0,0,0,0,0,0,0,0,0,1,0,0,0,0,2.608600000000001,34.26899999999999,0,0,0,0,0,0,0,0,0,0,0,0,0,0,0,0,0,0,0,0,0,0,0,0,0,0,2,0,0,0,0,0,0,0,0,0,0,0,0,0,0,0,0,0,0,0,0,0,0,0,0,0,0,0,0,0,0,0,0,0,0,0,0,0,0,0,0,0,0,0,0,0,0,0,0,0,0,0,0,0,0,0,0,0,0
"2,2,4-Trimethylpentane",CC(C)CC(C)(C)C,540-84-1,Biofuel,2.2847222222222223,0.5219907407407407,2.2847222222222223,0.5219907407407407,0.4911539632740701,114.23199999999999,96.08799999999998,114.14085057599999,50,0,-0.038018218252164164,-0.06275372160759639,0.06275372160759639,0.038018218252164164,1.125,1.5,1.5,14.163638387484248,9.863629649244036,2.1051028686638853,-2.194935125216457,2.2259535915423507,-2.076585447700782,4.620951578734183,0.32031651003291156,3.388924101358251,54.928786893420316,6.784457050376173,6.784457050376173,6.784457050376173,3.4165022194363885,3.4165022194363885,3.4165022194363885,4.158631167129105,4.158631167129105,1.0206207261596576,1.0206207261596576,1.2247448713915892,1.2247448713915892,0.0,23.005390496014627,8.0,2.52,6.0,53.29384582860579,0.0,0.0,0.0,0.0,0.0,0.0,0.0,0.0,0.0,0.0,34.61868599845312,17.75371813848418,0.0,0.0,0.0,0.0,0.0,0.0,11.332896515558172,41.03950762137913,0.0,0.0,0.0,0.0,0.0,0.0,0.0,0.0,0.0,0.0,11.332896515558172,41.03950762137913,0.0,0.0,0.0,0.0,0.0,0.0,0.0,0.0,0.0,5.41499046939678,5.917906046161393,6.4208216229260096,0.0,0.0,34.61868599845312,0.0,0.0,0.0,0.0,0.0,0.5219907407407407,0.8425925925925923,0.0,1.3263888888888888,11.39236111111111,0.0,1.0,8,0,0,0,0,0,0,0,0,0,0,0,1,0,0,0,0,3.0786000000000016,38.91,0,0,0,0,0,0,0,0,0,0,0,0,0,0,0,0,0,0,0,0,0,0,0,0,0,0,0,0,0,0,0,0,0,0,0,0,0,0,0,0,0,0,0,0,0,0,0,0,0,0,0,0,0,0,0,0,0,0,0,0,0,0,0,0,0,0,0,0,0,0,0,0,0,0,0,0,0,0,0,0,0,0,0,0,0
3-Methyl-2-butanone,CC(C)C(=O)C,563-80-4,Biofuel,10.143518518518519,0.2129629629629628,10.143518518518519,0.2129629629629628,0.46877109268711886,86.13399999999999,76.05399999999999,86.07316494,36,0,0.1318534622268426,-0.2997396385899406,0.2997396385899406,0.1318534622268426,1.5,1.6666666666666667,1.6666666666666667,16.137782715502034,10.14212376340497,1.9449549558120593,-1.903615814121913,1.8905623662584157,-1.9811154399301927,5.768269316038381,-0.11924112613934283,3.2575861612334887,54.95878455585175,5.1547005383792515,4.485598559653489,4.485598559653489,2.6427344100918364,2.147499818205996,2.147499818205996,1.7653509484037542,1.7653509484037542,0.8130525295851416,0.8130525295851416,0.0,0.0,-0.33,13.609640474436812,5.670000000000001,1.9565136909816512,1.9424795640326975,38.36054158545974,0.0,5.783244946364939,0.0,0.0,0.0,0.0,4.794537184071822,0.0,0.0,0.0,13.847474399381248,6.923737199690624,5.917906046161393,0.0,4.794537184071822,5.783244946364939,0.0,0.0,5.917906046161393,20.771211599071872,0.0,0.0,0.0,0.0,0.0,0.0,0.0,0.0,5.783244946364939,4.794537184071822,5.917906046161393,20.771211599071872,0.0,0.0,0.0,0.0,17.07,0.0,4.794537184071822,0.0,11.701150992526333,0.0,0.0,0.0,6.923737199690624,13.847474399381248,0.0,0.0,0.0,0.0,10.143518518518519,0.0,0.0,0.4722222222222223,0.0,0.0,5.3842592592592595,0.0,0.8,6,0,1,0,0,0,0,0,0,1,0,1,1,0,0,0,0,1.2314,25.518999999999988,0,0,0,0,0,0,0,0,0,0,1,1,0,0,0,0,0,0,0,0,0,0,0,0,0,0,0,0,0,0,0,0,0,0,0,0,0,0,0,0,0,0,0,0,0,0,0,0,0,0,0,1,1,0,0,0,0,0,0,0,0,0,0,0,0,0,0,0,0,0,0,0,0,0,0,0,0,0,0,0,0,0,0,0,0
2-Pentanol,CCCC(C)O,6032-29-7,Biofuel,8.55236111111111,-0.10185185185185208,8.55236111111111,0.10185185185185208,0.536831757483578,88.14999999999999,76.05399999999999,88.088815004,38,0,0.051156559616146235,-0.39341945247761856,0.39341945247761856,0.051156559616146235,1.6666666666666667,2.1666666666666665,2.1666666666666665,16.264654235538682,10.232511656792356,1.868347564105359,-1.9505745111914885,1.9068288615649058,-1.9545411179135384,4.400152443362449,0.18332736846132083,2.6272148478988635,25.11941547876375,4.99156383156272,4.4387774270626785,4.4387774270626785,2.770055610029662,2.4509042305871973,2.4509042305871973,1.6376965006408923,1.6376965006408923,0.7064497140632062,0.7064497140632062,0.4177745794683934,0.4177745794683934,-0.04,14.834466856136647,5.959999999999999,3.1616129032258065,3.9600000000000004,38.99325323761199,5.106527394840706,0.0,0.0,0.0,0.0,0.0,0.0,0.0,0.0,0.0,13.344558822616634,13.344558822616634,0.0,6.103966387748303,5.106527394840706,0.0,0.0,0.0,0.0,32.79308403298157,0.0,0.0,0.0,0.0,0.0,0.0,0.0,0.0,11.210493782589008,0.0,0.0,26.689117645233267,0.0,0.0,0.0,0.0,20.23,0.0,0.0,0.0,6.103966387748303,0.0,12.841643245852019,0.0,0.0,6.923737199690624,6.923737199690624,5.106527394840706,0.0,0.0,0.0,8.55236111111111,0.0,0.0,0.0,1.9097222222222223,3.87125,0.0,1.0,6,1,1,0,0,0,0,0,0,1,1,1,2,0,0,0,0,1.1673,26.58879999999999,0,1,1,0,0,0,0,0,0,0,0,0,0,0,0,0,0,0,0,0,0,0,0,0,0,0,0,0,0,0,0,0,0,0,0,0,0,0,0,0,0,0,0,0,0,0,0,0,0,0,0,0,0,0,0,0,0,0,0,0,0,0,0,0,0,0,0,0,0,0,0,0,0,0,0,0,0,0,0,0,0,0,0,0,0
1-Butanol,CCCCO,71-36-3,Biofuel,8.06625,0.34375,8.06625,0.34375,0.5128217987135145,74.12299999999999,64.04299999999999,74.07316494,32,0,0.043042283485206966,-0.39637675206921097,0.39637675206921097,0.043042283485206966,1.6,2.2,2.2,16.249913992725098,10.366423430594462,1.687587037465619,-1.7897007308893,1.7840580049254637,-1.7487729920784478,4.227732581407003,0.28678383848176386,2.19060968716425,11.119415478763749,4.121320343559642,3.5685339390596003,3.5685339390596003,2.414213562373095,2.0233345472033855,2.0233345472033855,1.0771601883432524,1.0771601883432524,0.5116672736016926,0.5116672736016926,0.15811388300841892,0.15811388300841892,-0.04,11.245112497836532,4.960000000000001,3.9600000000000004,3.9600000000000004,32.62831112321538,5.106527394840706,0.0,0.0,0.0,0.0,0.0,0.0,0.0,0.0,0.0,13.344558822616634,6.4208216229260096,6.606881964512918,0.0,5.106527394840706,0.0,0.0,0.0,0.0,19.765380445542643,6.606881964512918,0.0,0.0,0.0,0.0,0.0,0.0,0.0,11.713409359353623,0.0,0.0,19.765380445542643,0.0,0.0,0.0,0.0,20.23,0.0,0.0,0.0,0.0,6.606881964512918,12.841643245852019,0.0,0.0,0.0,6.923737199690624,5.106527394840706,0.0,0.0,0.0,8.06625,0.0,0.0,0.0,2.0381944444444446,2.3955555555555557,0.0,1.0,5,1,1,0,0,0,0,0,0,1,1,1,2,0,0,0,0,0.7787999999999999,21.993799999999997,0,1,1,0,0,0,0,0,0,0,0,0,0,0,0,0,0,0,0,0,0,0,0,0,0,0,0,0,0,0,0,0,0,0,0,0,0,0,0,0,0,0,0,0,0,0,0,0,0,0,0,0,0,0,0,0,0,0,0,0,0,0,0,0,0,0,0,0,0,0,0,0,0,0,0,0,0,0,0,0,0,0,0,0,0
1-Butene,CCC=C,106-98-9,Biofuel,3.4791666666666665,1.0833333333333335,3.4791666666666665,1.0833333333333335,0.39998668920534597,56.108,48.044,56.062600255999996,24,0,-0.038200393605486604,-0.10309322712116141,0.10309322712116141,0.038200393605486604,2.0,2.25,2.25,13.522279715720307,10.501376974503232,1.4478542653608981,-1.573878123704301,1.6595712250913357,-1.3613806095355556,4.595780078104171,1.232016633073288,2.2968352619191386,14.0,3.414213562373095,2.9915638315627207,2.9915638315627207,1.914213562373095,1.5236033621142737,1.5236033621142737,0.6969234250586759,0.6969234250586759,0.28867513459481287,0.28867513459481287,0.0,0.0,-0.26,6.854752972273345,3.7400000000000007,2.7400000000000007,1.7400000000000013,27.14447433883512,0.0,0.0,0.0,0.0,0.0,0.0,0.0,0.0,0.0,6.578935683598497,12.999757306524504,6.4208216229260096,0.0,0.0,0.0,0.0,0.0,0.0,0.0,13.344558822616634,0.0,12.654955790432378,0.0,0.0,0.0,0.0,0.0,0.0,0.0,0.0,0.0,13.344558822616634,12.654955790432378,0.0,0.0,0.0,0.0,0.0,0.0,0.0,0.0,0.0,6.4208216229260096,0.0,0.0,6.076020106833881,13.502672883289122,0.0,0.0,0.0,0.0,0.0,0.0,0.0,0.0,2.9583333333333335,5.541666666666666,0.0,0.5,4,0,0,0,0,0,0,0,0,0,0,0,1,0,0,0,0,1.5824,20.487999999999996,0,0,0,0,0,0,0,0,0,0,0,0,0,0,0,0,0,0,0,0,0,0,0,0,0,0,1,0,0,0,0,0,0,0,0,0,0,0,0,0,0,0,0,0,0,0,0,0,0,0,0,0,0,0,0,0,0,0,0,0,0,0,0,0,0,0,0,0,0,0,0,0,0,0,0,0,0,0,0,0,0,0,0,0,0
1-Heptene,CCCCCC=C,592-76-7,Biofuel,3.6324914965986395,1.1883333333333335,3.6324914965986395,1.1883333333333335,0.3744010571354258,98.189,84.07699999999998,98.109550448,42,0,-0.03534146559247401,-0.10308297894147123,0.10308297894147123,0.03534146559247401,1.4285714285714286,2.142857142857143,2.5714285714285716,13.834385545486168,10.191651690937656,1.7698529758166772,-1.873112565548697,1.9685275375863078,-1.6742376102162686,4.642184698605184,0.72966712352793,2.558780869327957,37.30296890880646,5.535533905932738,5.112884175122364,5.112884175122364,3.414213562373095,3.0236033621142737,3.0236033621142737,1.784457050376173,1.784457050376173,1.0118016810571366,1.0118016810571366,0.5386751345948128,0.5386751345948128,-0.26,35.509609925153406,6.74,5.740000000000001,5.739999999999999,46.23930068202493,0.0,0.0,0.0,0.0,0.0,0.0,0.0,0.0,0.0,6.578935683598497,25.841400552376523,12.841643245852019,0.0,0.0,0.0,0.0,0.0,0.0,0.0,32.60702369139466,0.0,12.654955790432378,0.0,0.0,0.0,0.0,0.0,0.0,0.0,0.0,0.0,32.60702369139466,12.654955790432378,0.0,0.0,0.0,0.0,0.0,0.0,0.0,0.0,0.0,0.0,25.683286491704038,0.0,6.076020106833881,13.502672883289122,0.0,0.0,0.0,0.0,0.0,0.0,0.0,0.0,7.1561111111111115,5.843888888888889,0.0,0.7142857142857143,7,0,0,0,0,0,0,0,0,0,0,0,4,0,0,0,0,2.752700000000001,34.338999999999984,0,0,0,0,0,0,0,0,0,0,0,0,0,0,0,0,0,0,0,0,0,0,0,0,0,0,1,0,0,0,0,0,0,0,0,0,0,0,0,0,0,0,0,0,0,0,0,0,0,0,0,0,0,0,0,0,0,0,0,0,0,0,0,0,0,0,0,0,0,0,0,0,0,0,0,0,0,0,0,0,0,0,0,2,0
1-Hexene,CCCCC=C ,592-41-6,Biofuel,3.5981944444444443,1.1770833333333335,3.5981944444444443,1.1770833333333335,0.36350557388151317,84.16199999999999,72.06599999999999,84.093900384,36,0,-0.03535136060568804,-0.10308298030401146,0.10308298030401146,0.03535136060568804,1.6666666666666667,2.3333333333333335,2.5,13.774334095388145,10.25090098628836,1.7088924678795125,-1.8149024079880083,1.9089979477877494,-1.6144725861877438,4.63693183675241,0.8157533078251099,2.4884037718761123,29.01955000865387,4.82842712474619,4.405777393935816,4.405777393935816,2.914213562373095,2.5236033621142737,2.5236033621142737,1.4309036597828992,1.4309036597828992,0.7618016810571366,0.7618016810571366,0.3484617125293379,0.3484617125293379,-0.26,20.986300857070454,5.740000000000001,4.74,3.7400000000000007,39.874358567628335,0.0,0.0,0.0,0.0,0.0,0.0,0.0,0.0,0.0,6.578935683598497,25.841400552376523,6.4208216229260096,0.0,0.0,0.0,0.0,0.0,0.0,0.0,26.186202068468653,0.0,12.654955790432378,0.0,0.0,0.0,0.0,0.0,0.0,0.0,0.0,0.0,26.186202068468653,12.654955790432378,0.0,0.0,0.0,0.0,0.0,0.0,0.0,0.0,0.0,0.0,19.26246486877803,0.0,6.076020106833881,13.502672883289122,0.0,0.0,0.0,0.0,0.0,0.0,0.0,0.0,5.717777777777778,5.782222222222222,0.0,0.6666666666666666,6,0,0,0,0,0,0,0,0,0,0,0,3,0,0,0,0,2.3626000000000005,29.721999999999984,0,0,0,0,0,0,0,0,0,0,0,0,0,0,0,0,0,0,0,0,0,0,0,0,0,0,1,0,0,0,0,0,0,0,0,0,0,0,0,0,0,0,0,0,0,0,0,0,0,0,0,0,0,0,0,0,0,0,0,0,0,0,0,0,0,0,0,0,0,0,0,0,0,0,0,0,0,0,0,0,0,0,0,1,0
p-Menthane,CC1CCC(CC1)C(C)C,99-82-1,Biofuel,2.385462962962963,0.9236111111111109,2.385462962962963,0.9236111111111109,0.5229103045670876,140.26999999999998,120.10999999999997,140.15650064,60,0,-0.039090626171309276,-0.06250937088481517,0.06250937088481517,0.039090626171309276,1.0,1.5,1.9,14.25280909469633,9.7761958831556,2.194683713013577,-2.2819467885152274,2.319840226188712,-2.16156423807684,4.712133567413479,0.2343782992028673,2.2599025962240935,86.2114326716684,7.560477932315068,7.560477932315068,7.560477932315068,4.698377302757663,4.698377302757663,4.698377302757663,4.2639688451439275,4.2639688451439275,3.0033225583660816,3.0033225583660816,1.95252974511572,1.95252974511572,0.0,180.91251467537336,8.1,3.408284023668639,2.0,65.01789890386979,0.0,0.0,0.0,0.0,0.0,0.0,0.0,0.0,0.0,0.0,33.61285484492389,30.5953613843362,0.0,0.0,0.0,0.0,0.0,0.0,17.75371813848418,46.4544980907759,0.0,0.0,0.0,0.0,0.0,0.0,0.0,0.0,0.0,0.0,17.75371813848418,46.4544980907759,0.0,0.0,0.0,0.0,0.0,0.0,0.0,0.0,0.0,0.0,17.75371813848418,25.683286491704038,0.0,0.0,20.771211599071872,0.0,0.0,0.0,0.0,0.0,0.0,2.971018518518518,0.0,5.92,7.1089814814814805,0.0,1.0,10,0,0,1,0,1,0,0,0,0,0,0,1,1,0,1,1,3.468700000000003,45.96000000000002,0,0,0,0,0,0,0,0,0,0,0,0,0,0,0,0,0,0,0,0,0,0,0,0,0,0,0,0,0,0,0,0,0,0,0,0,0,0,0,0,0,0,0,0,0,0,0,0,0,0,0,0,0,0,0,0,0,0,0,0,0,0,0,0,0,0,0,0,0,0,0,0,0,0,0,0,0,0,0,0,0,0,0,0,0
1-Octene,CCCCCCC=C,111-66-0,Biofuel,3.6583205782312924,1.1944444444444444,3.6583205782312924,1.1944444444444444,0.37835862251165964,112.216,96.08799999999998,112.12520051199999,48,0,-0.03534129448857064,-0.10308297893628117,0.10308297893628117,0.03534129448857064,1.25,2.0,2.5,13.87500337404529,10.151833169832068,1.8108044235579357,-1.9125180049178563,2.0088310376228167,-1.7143660868336437,4.644688407290811,0.6746866231140487,2.616293090417985,46.0,6.242640687119286,5.819990956308912,5.819990956308912,3.914213562373095,3.5236033621142737,3.5236033621142737,2.1380104409694467,2.1380104409694467,1.2618016810571366,1.2618016810571366,0.7154518298914496,0.7154518298914496,-0.26,61.499612265106904,7.739999999999999,6.74,5.740000000000001,52.604242796421545,0.0,0.0,0.0,0.0,0.0,0.0,0.0,0.0,0.0,6.578935683598497,32.26222217530253,12.841643245852019,0.0,0.0,0.0,0.0,0.0,0.0,0.0,39.02784531432067,0.0,12.654955790432378,0.0,0.0,0.0,0.0,0.0,0.0,0.0,0.0,0.0,39.02784531432067,12.654955790432378,0.0,0.0,0.0,0.0,0.0,0.0,0.0,0.0,0.0,0.0,32.10410811463005,0.0,6.076020106833881,13.502672883289122,0.0,0.0,0.0,0.0,0.0,0.0,0.0,0.0,8.611609977324264,5.888390022675736,0.0,0.75,8,0,0,0,0,0,0,0,0,0,0,0,5,0,0,0,0,3.142800000000002,38.955999999999996,0,0,0,0,0,0,0,0,0,0,0,0,0,0,0,0,0,0,0,0,0,0,0,0,0,0,1,0,0,0,0,0,0,0,0,0,0,0,0,0,0,0,0,0,0,0,0,0,0,0,0,0,0,0,0,0,0,0,0,0,0,0,0,0,0,0,0,0,0,0,0,0,0,0,0,0,0,0,0,0,0,0,0,3,0
1-Pentene,CCCC=C,109-67-1,Biofuel,3.5504166666666666,1.1527777777777777,3.5504166666666666,1.1527777777777777,0.4356038269849662,70.135,60.05499999999999,70.07825032,30,0,-0.0356039482616076,-0.10308315147465182,0.10308315147465182,0.0356039482616076,1.8,2.4,2.4,13.680289867824069,10.344163286832249,1.6124140521216015,-1.724284144065298,1.8158722230661968,-1.5202989787414327,4.62509839051127,0.9610968344974905,2.4017152226171965,21.219280948873624,4.121320343559642,3.698670612749268,3.698670612749268,2.414213562373095,2.0236033621142737,2.0236033621142737,1.0773502691896257,1.0773502691896257,0.4927992798267443,0.4927992798267443,0.20412414523193148,0.20412414523193148,-0.26,11.245112497836532,4.74,3.7400000000000007,3.740000000000001,33.50941645323173,0.0,0.0,0.0,0.0,0.0,0.0,0.0,0.0,0.0,6.578935683598497,19.420578929450514,6.4208216229260096,0.0,0.0,0.0,0.0,0.0,0.0,0.0,19.765380445542643,0.0,12.654955790432378,0.0,0.0,0.0,0.0,0.0,0.0,0.0,0.0,0.0,19.765380445542643,12.654955790432378,0.0,0.0,0.0,0.0,0.0,0.0,0.0,0.0,0.0,6.4208216229260096,6.4208216229260096,0.0,6.076020106833881,13.502672883289122,0.0,0.0,0.0,0.0,0.0,0.0,0.0,0.0,4.309027777777778,5.690972222222221,0.0,0.6,5,0,0,0,0,0,0,0,0,0,0,0,2,0,0,0,0,1.9725,25.10499999999999,0,0,0,0,0,0,0,0,0,0,0,0,0,0,0,0,0,0,0,0,0,0,0,0,0,0,1,0,0,0,0,0,0,0,0,0,0,0,0,0,0,0,0,0,0,0,0,0,0,0,0,0,0,0,0,0,0,0,0,0,0,0,0,0,0,0,0,0,0,0,0,0,0,0,0,0,0,0,0,0,0,0,0,0,0
"1,1-Dimethylcyclohexane",CC1(CCCCC1)C,590-66-9,Biofuel,2.381111111111111,0.6788194444444444,2.381111111111111,0.6788194444444444,0.4516527034348206,112.21600000000001,96.08799999999998,112.12520051199999,48,0,-0.03542170066522063,-0.059909507005601485,0.059909507005601485,0.03542170066522063,0.875,1.375,1.625,14.251145663805277,9.776323408329754,2.1935748082755784,-2.2812888327132774,2.338554460328605,-2.1408647199578112,4.7204006078606255,0.2444572962885245,2.327882879407043,64.10749561002055,6.035533905932738,6.035533905932738,6.035533905932738,3.707106781186548,3.707106781186547,3.707106781186547,3.724873734152915,3.724873734152915,2.207106781186547,2.207106781186547,1.508883476483184,1.508883476483184,0.0,59.41115080179386,6.125,2.0826446280991737,1.5,52.288014675076575,0.0,0.0,0.0,0.0,0.0,0.0,0.0,0.0,0.0,0.0,33.10993926815928,18.2566337152488,0.0,0.0,0.0,0.0,0.0,0.0,5.41499046939678,45.95158251401129,0.0,0.0,0.0,0.0,0.0,0.0,0.0,0.0,0.0,0.0,5.41499046939678,45.95158251401129,0.0,0.0,0.0,0.0,0.0,0.0,0.0,0.0,0.0,5.41499046939678,0.0,32.10410811463005,0.0,0.0,13.847474399381248,0.0,0.0,0.0,0.0,0.0,0.6788194444444444,0.0,0.0,7.308958333333333,4.762222222222222,0.0,1.0,8,0,0,1,0,1,0,0,0,0,0,0,0,1,0,1,1,2.976700000000002,36.86599999999999,0,0,0,0,0,0,0,0,0,0,0,0,0,0,0,0,0,0,0,0,0,0,0,0,0,0,0,0,0,0,0,0,0,0,0,0,0,0,0,0,0,0,0,0,0,0,0,0,0,0,0,0,0,0,0,0,0,0,0,0,0,0,0,0,0,0,0,0,0,0,0,0,0,0,0,0,0,0,0,0,0,0,0,0,0
"1,1-Dimethylcyclopentane",CC1(CCCC1)C,1638-26-2,Biofuel,2.361111111111111,0.6944444444444444,2.361111111111111,0.6944444444444444,0.43656953206962734,98.18900000000001,84.07699999999998,98.109550448,42,0,-0.0354216951165533,-0.05990950698416516,0.05990950698416516,0.0354216951165533,1.0,1.4285714285714286,1.5714285714285714,14.27039278980183,9.92269988524729,2.2130965388499635,-2.133219599991173,2.3562437451250333,-2.0121383331722944,4.738959460950689,0.38204707207732064,2.399706582197931,54.43856189774725,5.32842712474619,5.32842712474619,5.32842712474619,3.207106781186548,3.207106781186547,3.207106781186547,3.371320343559642,3.371320343559642,1.9571067811865472,1.9571067811865472,1.3321067811865472,1.3321067811865472,0.0,42.336692729897806,5.142857142857143,1.5,1.1851851851851851,45.92307256067996,0.0,0.0,0.0,0.0,0.0,0.0,0.0,0.0,0.0,0.0,26.689117645233267,18.2566337152488,0.0,0.0,0.0,0.0,0.0,0.0,5.41499046939678,39.53076089108528,0.0,0.0,0.0,0.0,0.0,0.0,0.0,0.0,0.0,0.0,5.41499046939678,39.53076089108528,0.0,0.0,0.0,0.0,0.0,0.0,0.0,0.0,0.0,5.41499046939678,0.0,25.683286491704038,0.0,0.0,13.847474399381248,0.0,0.0,0.0,0.0,0.0,0.6944444444444444,0.0,0.0,5.833333333333334,4.722222222222222,0.0,1.0,7,0,0,1,0,1,0,0,0,0,0,0,0,1,0,1,1,2.5866000000000007,32.24899999999998,0,0,0,0,0,0,0,0,0,0,0,0,0,0,0,0,0,0,0,0,0,0,0,0,0,0,0,0,0,0,0,0,0,0,0,0,0,0,0,0,0,0,0,0,0,0,0,0,0,0,0,0,0,0,0,0,0,0,0,0,0,0,0,0,0,0,0,0,0,0,0,0,0,0,0,0,0,0,0,0,0,0,0,0,0
Cyclopentane,CC1CC(C(C1)(C)C)C,287-92-3,Biofuel,2.3900462962962963,0.6244212962962963,2.3900462962962963,0.6244212962962963,0.4676537875216582,126.243,108.09899999999998,126.14085057599999,54,0,-0.03258950668782822,-0.06247910248204477,0.06247910248204477,0.03258950668782822,1.2222222222222223,1.7777777777777777,1.8888888888888888,14.397683890206778,9.831276147572712,2.3437613407948605,-2.2217690390521576,2.4462716940061697,-2.129022754572117,4.848291390069758,0.27827832731387075,2.5833868849818336,102.60593781761291,7.068914100752346,7.068914100752346,7.068914100752346,4.021673934958927,4.021673934958927,4.021673934958927,4.434626887048699,4.434626887048699,2.9645437230292426,2.9645437230292426,2.105214669776314,2.105214669776314,0.0,84.32313907001343,7.111111111111111,2.0,1.28,58.65295678947317,0.0,0.0,0.0,0.0,0.0,0.0,0.0,0.0,0.0,0.0,27.694948798762496,30.092445807571586,0.0,0.0,0.0,0.0,0.0,0.0,17.250802561719567,40.53659204461451,0.0,0.0,0.0,0.0,0.0,0.0,0.0,0.0,0.0,0.0,17.250802561719567,40.53659204461451,0.0,0.0,0.0,0.0,0.0,0.0,0.0,0.0,0.0,5.41499046939678,11.835812092322787,12.841643245852019,0.0,0.0,27.694948798762496,0.0,0.0,0.0,0.0,0.0,0.6244212962962963,1.9050925925925921,0.0,2.8622685185185186,9.52488425925926,0.0,1.0,9,0,0,1,0,1,0,0,0,0,0,0,0,1,0,1,1,3.0786000000000016,41.343,0,0,0,0,0,0,0,0,0,0,0,0,0,0,0,0,0,0,0,0,0,0,0,0,0,0,0,0,0,0,0,0,0,0,0,0,0,0,0,0,0,0,0,0,0,0,0,0,0,0,0,0,0,0,0,0,0,0,0,0,0,0,0,0,0,0,0,0,0,0,0,0,0,0,0,0,0,0,0,0,0,0,0,0,0
"1,3-Dimethylcyclopentane",CC1CCC(C1)C,2453-00-1,Biofuel,2.3506944444444446,1.023148148148148,2.3506944444444446,1.023148148148148,0.43627081136490753,98.189,84.07699999999998,98.109550448,42,0,-0.04401678191831334,-0.062499541573202276,0.062499541573202276,0.04401678191831334,1.0,1.4285714285714286,1.5714285714285714,14.212993926120305,10.099839134783974,2.153665242332246,-1.9593458238084338,2.285350295730479,-1.8427724301860438,4.6751281623255085,0.555393691300133,2.2571532373031413,49.05865002596163,5.276020881938894,5.276020881938894,5.276020881938894,3.287693700234704,3.287693700234704,3.287693700234704,3.0233959606302196,3.0233959606302196,1.9570030804445206,1.9570030804445206,1.4916245780509723,1.4916245780509723,0.0,46.670482779147534,5.142857142857143,1.8518518518518519,1.1851851851851851,45.92307256067996,0.0,0.0,0.0,0.0,0.0,0.0,0.0,0.0,0.0,0.0,26.689117645233267,18.256633715248796,0.0,0.0,0.0,0.0,0.0,0.0,11.835812092322787,33.10993926815928,0.0,0.0,0.0,0.0,0.0,0.0,0.0,0.0,0.0,0.0,11.835812092322787,33.10993926815928,0.0,0.0,0.0,0.0,0.0,0.0,0.0,0.0,0.0,0.0,11.835812092322787,19.26246486877803,0.0,0.0,13.847474399381248,0.0,0.0,0.0,0.0,0.0,0.0,2.046296296296296,0.0,4.418981481481482,4.701388888888889,0.0,1.0,7,0,0,1,0,1,0,0,0,0,0,0,0,1,0,1,1,2.442500000000001,32.17899999999998,0,0,0,0,0,0,0,0,0,0,0,0,0,0,0,0,0,0,0,0,0,0,0,0,0,0,0,0,0,0,0,0,0,0,0,0,0,0,0,0,0,0,0,0,0,0,0,0,0,0,0,0,0,0,0,0,0,0,0,0,0,0,0,0,0,0,0,0,0,0,0,0,0,0,0,0,0,0,0,0,0,0,0,0,0
"1,4-Dimethylcyclohexane",CC1CCC(CC1)C,589-90-2,Biofuel,2.3669444444444445,1.0196296296296294,2.3669444444444445,1.0196296296296294,0.4517552971114903,112.216,96.08799999999998,112.12520051199999,48,0,-0.044260160541008425,-0.0625093764618009,0.0625093764618009,0.044260160541008425,0.75,1.0,1.25,14.185436610704052,9.842083599860597,2.125341631728192,-2.2180203084904533,2.26609599724383,-2.0802014768410206,4.651602947054432,0.3075500266173248,2.1923771580194713,48.438561897747256,5.983127663125442,5.983127663125442,5.983127663125442,3.787693700234704,3.787693700234704,3.787693700234704,3.3650439694243293,3.3650439694243293,2.3045304526403108,2.3045304526403108,1.426746322052511,1.426746322052511,0.0,70.79892376087899,6.125,2.52,1.5,52.288014675076575,0.0,0.0,0.0,0.0,0.0,0.0,0.0,0.0,0.0,0.0,39.53076089108528,11.835812092322787,0.0,0.0,0.0,0.0,0.0,0.0,11.835812092322787,39.53076089108528,0.0,0.0,0.0,0.0,0.0,0.0,0.0,0.0,0.0,0.0,11.835812092322787,39.53076089108528,0.0,0.0,0.0,0.0,0.0,0.0,0.0,0.0,0.0,0.0,11.835812092322787,25.683286491704038,0.0,0.0,13.847474399381248,0.0,0.0,0.0,0.0,0.0,0.0,2.039259259259259,0.0,5.893518518518519,4.733888888888889,0.0,1.0,8,0,0,1,0,1,0,0,0,0,0,0,0,1,0,1,1,2.832600000000001,36.79599999999999,0,0,0,0,0,0,0,0,0,0,0,0,0,0,0,0,0,0,0,0,0,0,0,0,0,0,0,0,0,0,0,0,0,0,0,0,0,0,0,0,0,0,0,0,0,0,0,0,0,0,0,0,0,0,0,0,0,0,0,0,0,0,0,0,0,0,0,0,0,0,0,0,0,0,0,0,0,0,0,0,0,0,0,0,0
2-Butene,CC=CC,107-01-7,Biofuel,2.0,2.0,2.0,2.0,0.3695110694427644,56.108000000000004,48.044,56.062600255999996,24,0,-0.047001923410199216,-0.09194211202026763,0.09194211202026763,0.047001923410199216,1.0,1.25,1.25,13.426490009807724,10.59739590433905,1.3387570298654332,-1.4907736866908945,1.5669320623938208,-1.262184149961119,4.680482994746869,1.6434572368202558,2.549193338482967,15.219280948873624,3.414213562373095,3.1547005383792515,3.1547005383792515,1.914213562373095,1.488033871712585,1.488033871712585,0.6666666666666669,0.6666666666666669,0.3333333333333334,0.3333333333333334,0.0,0.0,-0.26,6.854752972273345,3.7400000000000007,2.7400000000000007,1.7400000000000013,27.144474338835117,0.0,0.0,0.0,0.0,0.0,0.0,0.0,0.0,0.0,0.0,12.152040213667762,13.847474399381248,0.0,0.0,0.0,0.0,0.0,0.0,0.0,13.847474399381248,0.0,12.152040213667762,0.0,0.0,0.0,0.0,0.0,0.0,0.0,0.0,0.0,13.847474399381248,12.152040213667762,0.0,0.0,0.0,0.0,0.0,0.0,0.0,0.0,0.0,0.0,0.0,0.0,25.99951461304901,0.0,0.0,0.0,0.0,0.0,0.0,0.0,0.0,0.0,4.0,4.0,0.0,0.5,4,0,0,0,0,0,0,0,0,0,0,0,0,0,0,0,0,1.5824,20.487999999999996,0,0,0,0,0,0,0,0,0,0,0,0,0,0,0,0,0,0,0,0,0,0,0,0,0,0,2,0,0,0,0,0,0,0,0,0,0,0,0,0,0,0,0,0,0,0,0,0,0,0,0,0,0,0,0,0,0,0,0,0,0,0,0,0,0,0,0,0,0,0,0,0,0,0,0,0,0,0,0,0,0,0,0,0,0
2-Ethyl-1-Butene,CCC(=C)CC,760-21-4,Biofuel,3.7916666666666665,1.1354166666666665,3.7916666666666665,1.1354166666666665,0.4504228125641928,84.16199999999999,72.06599999999999,84.093900384,36,0,-0.03516876800574122,-0.09988238523411512,0.09988238523411512,0.03516876800574122,1.3333333333333333,1.6666666666666667,1.6666666666666667,13.843887796764086,10.181402844527186,1.775164947070493,-1.887749611284801,1.9816399068021322,-1.6808722677652432,4.893052117631024,0.9862885489080913,2.9881608821342693,38.0,4.99156383156272,4.621320343559642,4.621320343559642,2.808060412490447,2.474873734152916,2.474873734152916,1.4571067811865475,1.4571067811865475,0.9999999999999998,0.9999999999999998,0.24999999999999994,0.24999999999999994,-0.26,19.800269059780252,5.740000000000001,2.950970464135022,2.0073796791443854,39.874358567628335,0.0,0.0,0.0,0.0,0.0,0.0,0.0,0.0,0.0,0.0,25.999514613049012,12.841643245852019,0.0,0.0,0.0,0.0,0.0,0.0,0.0,26.689117645233267,0.0,12.152040213667764,0.0,0.0,0.0,0.0,0.0,0.0,0.0,0.0,0.0,26.689117645233267,12.152040213667764,0.0,0.0,0.0,0.0,0.0,0.0,0.0,0.0,0.0,12.841643245852019,5.573104530069267,0.0,0.0,20.426410082979746,0.0,0.0,0.0,0.0,0.0,1.3425925925925928,0.0,0.0,2.270833333333333,8.05324074074074,0.0,0.6666666666666666,6,0,0,0,0,0,0,0,0,0,0,0,2,0,0,0,0,2.3626000000000005,29.721999999999984,0,0,0,0,0,0,0,0,0,0,0,0,0,0,0,0,0,0,0,0,0,0,0,0,0,0,1,0,0,0,0,0,0,0,0,0,0,0,0,0,0,0,0,0,0,0,0,0,0,0,0,0,0,0,0,0,0,0,0,0,0,0,0,0,0,0,0,0,0,0,0,0,0,0,0,0,0,0,0,0,0,0,0,0,0
2-Ethyl-3-Methyl-1-Butene,CCC(=C)C(C)C,7357-93-9,Biofuel,3.872685185185185,0.6712962962962961,3.872685185185185,0.6712962962962961,0.4655855089049589,98.18899999999998,84.07699999999998,98.109550448,42,0,-0.026291674949697367,-0.09961245791774634,0.09961245791774634,0.026291674949697367,1.5714285714285714,2.0,2.0,13.988412057035944,10.037610180509434,1.926059674408246,-2.025173125221276,2.081324862499625,-1.8748059830552715,4.947291376005081,0.7362421425898961,3.3530759537985286,60.438561897747256,5.8618073195657985,5.49156383156272,5.49156383156272,3.1807392125526213,2.8575892353471595,2.8575892353471595,2.1665022194363885,2.1665022194363885,1.2706207261596576,1.2706207261596576,0.408248290463863,0.408248290463863,-0.26,27.977093296928835,6.74,2.838891422835457,2.436864111498258,46.23930068202494,0.0,0.0,0.0,0.0,0.0,0.0,0.0,0.0,0.0,0.0,32.923251812739636,12.338727669087403,0.0,0.0,0.0,0.0,0.0,0.0,5.917906046161393,27.19203322199788,0.0,12.152040213667764,0.0,0.0,0.0,0.0,0.0,0.0,0.0,0.0,5.917906046161393,27.19203322199788,12.152040213667764,0.0,0.0,0.0,0.0,0.0,0.0,0.0,0.0,5.917906046161393,6.4208216229260096,5.573104530069267,0.0,0.0,27.35014728267037,0.0,0.0,0.0,0.0,0.0,1.3472222222222223,0.6712962962962961,0.0,1.1226851851851851,10.358796296296298,0.0,0.7142857142857143,7,0,0,0,0,0,0,0,0,0,0,0,2,0,0,0,0,2.608600000000001,34.26899999999999,0,0,0,0,0,0,0,0,0,0,0,0,0,0,0,0,0,0,0,0,0,0,0,0,0,0,1,0,0,0,0,0,0,0,0,0,0,0,0,0,0,0,0,0,0,0,0,0,0,0,0,0,0,0,0,0,0,0,0,0,0,0,0,0,0,0,0,0,0,0,0,0,0,0,0,0,0,0,0,0,0,0,0,0,0
2-Heptene,CCCCC=CC,592-77-8,Biofuel,2.2118055555555554,1.2569444444444444,2.2118055555555554,1.2569444444444444,0.37585889993223304,98.18899999999998,84.07699999999998,98.109550448,42,0,-0.03509387329465243,-0.09166420096099578,0.09166420096099578,0.03509387329465243,1.4285714285714286,2.142857142857143,2.5714285714285716,13.792262468025731,10.233719982813097,1.72591105822488,-1.8330769430234364,1.9274492973115465,-1.6311539048650956,4.751581483662669,0.8139706010707843,2.6891574118399517,44.0,5.535533905932738,5.276020881938894,5.276020881938894,3.414213562373095,3.02603867417337,3.02603867417337,1.7112641189169358,1.7112641189169358,0.9600464628873877,0.9600464628873877,0.4886419420963561,0.4886419420963561,-0.26,35.509609925153406,6.74,5.740000000000001,5.739999999999999,46.23930068202494,0.0,0.0,0.0,0.0,0.0,0.0,0.0,0.0,0.0,0.0,31.917420659210403,13.344558822616634,0.0,0.0,0.0,0.0,0.0,0.0,0.0,33.10993926815928,0.0,12.152040213667762,0.0,0.0,0.0,0.0,0.0,0.0,0.0,0.0,0.0,33.10993926815928,12.152040213667762,0.0,0.0,0.0,0.0,0.0,0.0,0.0,0.0,0.0,0.0,19.26246486877803,0.0,0.0,25.99951461304901,0.0,0.0,0.0,0.0,0.0,0.0,0.0,0.0,8.223055555555556,4.276944444444444,0.0,0.7142857142857143,7,0,0,0,0,0,0,0,0,0,0,0,3,0,0,0,0,2.752700000000001,34.33899999999999,0,0,0,0,0,0,0,0,0,0,0,0,0,0,0,0,0,0,0,0,0,0,0,0,0,0,2,0,0,0,0,0,0,0,0,0,0,0,0,0,0,0,0,0,0,0,0,0,0,0,0,0,0,0,0,0,0,0,0,0,0,0,0,0,0,0,0,0,0,0,0,0,0,0,0,0,0,0,0,0,0,0,0,1,0
2-Hexene,CCCC=CC,592-43-8,Biofuel,2.1805555555555554,1.2326388888888888,2.1805555555555554,1.2326388888888888,0.4504228125641928,84.16199999999999,72.06599999999999,84.093900384,36,0,-0.03534645830278346,-0.09166437222257405,0.09166437222257405,0.03534645830278346,1.5,2.1666666666666665,2.3333333333333335,13.713295084565365,10.312004642950093,1.6437908317598424,-1.7581688654227334,1.8496438512544637,-1.5517106481821052,4.745935479722251,0.9569674578134113,2.6580999362490196,35.302968908806456,4.82842712474619,4.568914100752346,4.568914100752346,2.914213562373095,2.52603867417337,2.52603867417337,1.357710728323662,1.357710728323662,0.6910440616569954,0.6910440616569954,0.33333333333333337,0.33333333333333337,-0.26,20.986300857070454,5.740000000000001,4.74,3.7400000000000007,39.874358567628335,0.0,0.0,0.0,0.0,0.0,0.0,0.0,0.0,0.0,0.0,25.496599036284394,13.344558822616634,0.0,0.0,0.0,0.0,0.0,0.0,0.0,26.689117645233267,0.0,12.152040213667762,0.0,0.0,0.0,0.0,0.0,0.0,0.0,0.0,0.0,26.689117645233267,12.152040213667762,0.0,0.0,0.0,0.0,0.0,0.0,0.0,0.0,0.0,0.0,12.841643245852019,0.0,0.0,25.99951461304901,0.0,0.0,0.0,0.0,0.0,0.0,0.0,0.0,6.768194444444444,4.231805555555555,0.0,0.6666666666666666,6,0,0,0,0,0,0,0,0,0,0,0,2,0,0,0,0,2.3626000000000005,29.721999999999984,0,0,0,0,0,0,0,0,0,0,0,0,0,0,0,0,0,0,0,0,0,0,0,0,0,0,2,0,0,0,0,0,0,0,0,0,0,0,0,0,0,0,0,0,0,0,0,0,0,0,0,0,0,0,0,0,0,0,0,0,0,0,0,0,0,0,0,0,0,0,0,0,0,0,0,0,0,0,0,0,0,0,0,0,0
2-Methyl-1-Butene,CCC(=C)C,563-46-2,Biofuel,3.673611111111111,1.1111111111111112,3.673611111111111,1.1111111111111112,0.4136396804400309,70.13499999999999,60.05499999999999,70.07825032,30,0,-0.03543505048507542,-0.100151220295327,0.100151220295327,0.03543505048507542,1.8,2.0,2.0,13.744717294119319,10.279826220230348,1.6722901317284153,-1.7931145553887502,1.8829657033824483,-1.5819583713517926,4.842142227591296,1.1098448289871017,2.847378923087672,35.302968908806456,4.284457050376173,3.914213562373095,3.914213562373095,2.270055610029662,1.914213562373095,1.914213562373095,1.3106601717798212,1.3106601717798212,0.6035533905932737,0.6035533905932737,0.0,0.0,-0.26,9.65148445440323,4.74,2.0073796791443854,3.740000000000001,33.50941645323173,0.0,0.0,0.0,0.0,0.0,0.0,0.0,0.0,0.0,6.578935683598497,12.496841729759891,13.344558822616634,0.0,0.0,0.0,0.0,0.0,0.0,0.0,20.268296022307258,0.0,12.152040213667764,0.0,0.0,0.0,0.0,0.0,0.0,0.0,0.0,0.0,20.268296022307258,12.152040213667764,0.0,0.0,0.0,0.0,0.0,0.0,0.0,0.0,0.0,6.4208216229260096,5.573104530069267,0.0,6.923737199690624,13.502672883289122,0.0,0.0,0.0,0.0,0.0,1.2546296296296298,0.0,0.0,1.1111111111111112,7.8009259259259265,0.0,0.6,5,0,0,0,0,0,0,0,0,0,0,0,1,0,0,0,0,1.9725,25.10499999999999,0,0,0,0,0,0,0,0,0,0,0,0,0,0,0,0,0,0,0,0,0,0,0,0,0,0,1,0,0,0,0,0,0,0,0,0,0,0,0,0,0,0,0,0,0,0,0,0,0,0,0,0,0,0,0,0,0,0,0,0,0,0,0,0,0,0,0,0,0,0,0,0,0,0,0,0,0,0,0,0,0,0,0,0,0
2-Methyl-1-Heptene,CCCCCC(=C)C ,15870-10-7,Biofuel,3.826935941043084,1.2161111111111111,3.826935941043084,1.2161111111111111,0.3868985709366228,112.216,96.08799999999998,112.12520051199999,48,0,-0.03257709874351578,-0.10014093190493478,0.10014093190493478,0.03257709874351578,1.375,2.0,2.375,13.904680082698565,10.122365088203397,1.8395905404278945,-1.9430804797119539,2.040207041481865,-1.7421599030402295,4.86346422670691,0.7141950561298124,2.822354554248032,62.43856189774725,6.405777393935816,6.035533905932738,6.035533905932738,3.770055610029662,3.414213562373095,3.414213562373095,2.414213562373095,2.414213562373095,1.2071067811865472,1.2071067811865472,0.6767766952966366,0.6767766952966366,-0.26,48.27551104108667,7.739999999999999,4.888367952522255,5.740000000000001,52.60424279642154,0.0,0.0,0.0,0.0,0.0,0.0,0.0,0.0,0.0,6.578935683598497,25.338484975611912,19.765380445542643,0.0,0.0,0.0,0.0,0.0,0.0,0.0,39.53076089108528,0.0,12.152040213667764,0.0,0.0,0.0,0.0,0.0,0.0,0.0,0.0,0.0,39.53076089108528,12.152040213667764,0.0,0.0,0.0,0.0,0.0,0.0,0.0,0.0,0.0,0.0,31.256391021773304,0.0,0.0,20.426410082979746,0.0,0.0,0.0,0.0,0.0,1.3180092592592594,0.0,0.0,5.2081481481481475,8.14050925925926,0.0,0.75,8,0,0,0,0,0,0,0,0,0,0,0,4,0,0,0,0,3.142800000000002,38.955999999999996,0,0,0,0,0,0,0,0,0,0,0,0,0,0,0,0,0,0,0,0,0,0,0,0,0,0,1,0,0,0,0,0,0,0,0,0,0,0,0,0,0,0,0,0,0,0,0,0,0,0,0,0,0,0,0,0,0,0,0,0,0,0,0,0,0,0,0,0,0,0,0,0,0,0,0,0,0,0,0,0,0,0,0,1,0
2-Methyl-1-Pentene,CCCC(=C)C,763-29-1,Biofuel,3.744861111111111,1.1805555555555556,3.744861111111111,1.1805555555555556,0.4504228125641928,84.16199999999999,72.06599999999999,84.093900384,36,0,-0.03283954899161944,-0.10014110520911675,0.10014110520911675,0.03283954899161944,1.6666666666666667,2.1666666666666665,2.1666666666666665,13.82472838540273,10.200693755335589,1.756490717288784,-1.868059113326155,1.9617861054826389,-1.662291010362895,4.857429866506254,0.9095464082378445,2.831257109931365,44.0,4.99156383156272,4.621320343559642,4.621320343559642,2.770055610029662,2.414213562373095,2.414213562373095,1.7071067811865472,1.7071067811865472,0.6767766952966368,0.6767766952966368,0.42677669529663675,0.42677669529663675,-0.26,14.834466856136647,5.740000000000001,2.950970464135022,3.7400000000000007,39.87435856762834,0.0,0.0,0.0,0.0,0.0,0.0,0.0,0.0,0.0,6.578935683598497,18.9176633526859,13.344558822616634,0.0,0.0,0.0,0.0,0.0,0.0,0.0,26.689117645233267,0.0,12.152040213667764,0.0,0.0,0.0,0.0,0.0,0.0,0.0,0.0,0.0,26.689117645233267,12.152040213667764,0.0,0.0,0.0,0.0,0.0,0.0,0.0,0.0,0.0,0.0,18.414747775921285,0.0,0.0,20.426410082979746,0.0,0.0,0.0,0.0,0.0,1.289351851851852,0.0,0.0,2.412037037037037,7.965277777777778,0.0,0.6666666666666666,6,0,0,0,0,0,0,0,0,0,0,0,2,0,0,0,0,2.3626000000000005,29.721999999999984,0,0,0,0,0,0,0,0,0,0,0,0,0,0,0,0,0,0,0,0,0,0,0,0,0,0,1,0,0,0,0,0,0,0,0,0,0,0,0,0,0,0,0,0,0,0,0,0,0,0,0,0,0,0,0,0,0,0,0,0,0,0,0,0,0,0,0,0,0,0,0,0,0,0,0,0,0,0,0,0,0,0,0,0,0
2-Methyl-2-Butene,CC=C(C)C,513-35-9,Biofuel,2.0833333333333335,1.3796296296296298,2.0833333333333335,1.3796296296296298,0.38212381763757036,70.13499999999999,60.05499999999999,70.07825032,30,0,-0.044222970392810215,-0.08901317275117566,0.08901317275117566,0.044222970392810215,1.4,1.6,1.6,13.680318147082817,10.344362081429665,1.600853717319582,-1.7354290337516598,1.820259356195965,-1.5157148309915793,4.882754527877139,1.364792868652414,3.1431973062780685,38.0,4.284457050376173,4.077350269189626,4.077350269189626,2.270055610029662,1.8660254037844388,1.8660254037844388,1.3660254037844388,1.3660254037844388,0.5773502691896258,0.5773502691896258,0.0,0.0,-0.26,9.65148445440323,4.74,2.0073796791443854,3.740000000000001,33.50941645323173,0.0,0.0,0.0,0.0,0.0,0.0,0.0,0.0,0.0,0.0,11.64912463690315,20.771211599071872,0.0,0.0,0.0,0.0,0.0,0.0,0.0,20.771211599071872,0.0,11.64912463690315,0.0,0.0,0.0,0.0,0.0,0.0,0.0,0.0,0.0,20.771211599071872,11.64912463690315,0.0,0.0,0.0,0.0,0.0,0.0,0.0,0.0,0.0,0.0,5.573104530069267,0.0,6.923737199690624,19.92349450621513,0.0,0.0,0.0,0.0,0.0,1.3796296296296298,0.0,0.0,2.0833333333333335,6.203703703703704,0.0,0.6,5,0,0,0,0,0,0,0,0,0,0,0,0,0,0,0,0,1.9725,25.10499999999999,0,0,0,0,0,0,0,0,0,0,0,0,0,0,0,0,0,0,0,0,0,0,0,0,0,0,2,0,0,0,0,0,0,0,0,0,0,0,0,0,0,0,0,0,0,0,0,0,0,0,0,0,0,0,0,0,0,0,0,0,0,0,0,0,0,0,0,0,0,0,0,0,0,0,0,0,0,0,0,0,0,0,0,0,0
2-Methyl-2-Heptene,CCCCC=C(C)C,627-97-4,Biofuel,2.295138888888889,1.2627314814814814,2.295138888888889,1.2627314814814814,0.38840507655135165,112.21599999999998,96.08799999999998,112.12520051199999,48,0,-0.03483567487993982,-0.08588902904693307,0.08588902904693307,0.03483567487993982,1.375,2.0,2.375,13.843115804034596,10.184245326326662,1.7741882557334507,-1.8852565311638227,1.979827278892049,-1.6791284668468232,4.9175234235931935,0.8106156599679443,3.031321285620807,66.10749561002055,6.405777393935816,6.198670612749268,6.198670612749268,3.770055610029662,3.4040302062452237,3.4040302062452237,2.423702939609644,2.423702939609644,1.1102633935864747,1.1102633935864747,0.5948613524427101,0.5948613524427101,-0.26,48.27551104108667,7.739999999999999,4.888367952522255,5.740000000000001,52.60424279642154,0.0,0.0,0.0,0.0,0.0,0.0,0.0,0.0,0.0,0.0,31.414505082445793,20.268296022307258,0.0,0.0,0.0,0.0,0.0,0.0,0.0,40.0336764678499,0.0,11.64912463690315,0.0,0.0,0.0,0.0,0.0,0.0,0.0,0.0,0.0,40.0336764678499,11.64912463690315,0.0,0.0,0.0,0.0,0.0,0.0,0.0,0.0,0.0,0.0,24.835569398847298,0.0,0.0,26.847231705905752,0.0,0.0,0.0,0.0,0.0,1.4430092592592594,0.0,0.0,6.205648148148148,6.5180092592592604,0.0,0.75,8,0,0,0,0,0,0,0,0,0,0,0,3,0,0,0,0,3.142800000000002,38.956,0,0,0,0,0,0,0,0,0,0,0,0,0,0,0,0,0,0,0,0,0,0,0,0,0,0,2,0,0,0,0,0,0,0,0,0,0,0,0,0,0,0,0,0,0,0,0,0,0,0,0,0,0,0,0,0,0,0,0,0,0,0,0,0,0,0,0,0,0,0,0,0,0,0,0,0,0,0,0,0,0,0,0,1,0
2-Methyl-2-Pentene,CCC=C(C)C,625-27-4,Biofuel,2.2083333333333335,1.1689814814814814,2.2083333333333335,1.1689814814814814,0.4277114586929072,84.16199999999999,72.06599999999999,84.093900384,36,0,-0.0376846412133031,-0.0861630569530802,0.0861630569530802,0.0376846412133031,1.5,2.0,2.0,13.745727632627576,10.27999108966019,1.6694321428936856,-1.796690129919039,1.884945341140944,-1.5808137052826654,4.908446921832712,1.1754777040773257,3.1374298786373522,47.058650025961626,4.99156383156272,4.784457050376173,4.784457050376173,2.770055610029662,2.4040302062452232,2.4040302062452232,1.6897227048854202,1.6897227048854202,0.6123724356957945,0.6123724356957945,0.408248290463863,0.408248290463863,-0.26,14.834466856136647,5.740000000000001,2.950970464135022,3.7400000000000007,39.874358567628335,0.0,0.0,0.0,0.0,0.0,0.0,0.0,0.0,0.0,0.0,18.572861836593773,20.268296022307258,0.0,0.0,0.0,0.0,0.0,0.0,0.0,27.19203322199788,0.0,11.64912463690315,0.0,0.0,0.0,0.0,0.0,0.0,0.0,0.0,0.0,27.19203322199788,11.64912463690315,0.0,0.0,0.0,0.0,0.0,0.0,0.0,0.0,0.0,0.0,11.993926152995277,0.0,0.0,26.847231705905752,0.0,0.0,0.0,0.0,0.0,1.414351851851852,0.0,0.0,3.377314814814815,6.375,0.0,0.6666666666666666,6,0,0,0,0,0,0,0,0,0,0,0,1,0,0,0,0,2.3626000000000005,29.721999999999984,0,0,0,0,0,0,0,0,0,0,0,0,0,0,0,0,0,0,0,0,0,0,0,0,0,0,2,0,0,0,0,0,0,0,0,0,0,0,0,0,0,0,0,0,0,0,0,0,0,0,0,0,0,0,0,0,0,0,0,0,0,0,0,0,0,0,0,0,0,0,0,0,0,0,0,0,0,0,0,0,0,0,0,0,0
2-Methyl-3-ethylpentane,CCC(CC)C(C)C,609-26-7,Biofuel,2.303240740740741,0.8796296296296295,2.303240740740741,0.8796296296296295,0.5286347163806406,114.23199999999999,96.08799999999998,114.14085057599999,50,0,-0.039635052793240144,-0.06510851259817034,0.06510851259817034,0.039635052793240144,1.0,1.375,1.375,14.115635690671375,9.911130323422816,2.056448461380819,-2.1480979343334794,2.1676313458801557,-2.0416141266338363,4.567649527113252,0.36198598682608313,3.3548772347438,42.0,6.568914100752346,6.568914100752346,6.568914100752346,3.718744015013406,3.718744015013406,3.718744015013406,2.820593172169863,2.820593172169863,1.991563831562721,1.991563831562721,1.2314841761768764,1.2314841761768764,0.0,47.19725257297226,8.0,3.9375,2.34375,53.29384582860579,0.0,0.0,0.0,0.0,0.0,0.0,0.0,0.0,0.0,0.0,40.53659204461451,11.835812092322787,0.0,0.0,0.0,0.0,0.0,0.0,11.835812092322787,40.53659204461451,0.0,0.0,0.0,0.0,0.0,0.0,0.0,0.0,0.0,0.0,11.835812092322787,40.53659204461451,0.0,0.0,0.0,0.0,0.0,0.0,0.0,0.0,0.0,0.0,11.835812092322787,12.841643245852019,0.0,0.0,27.694948798762496,0.0,0.0,0.0,0.0,0.0,0.0,1.833333333333333,0.0,2.6828703703703702,9.150462962962964,0.0,1.0,8,0,0,0,0,0,0,0,0,0,0,0,3,0,0,0,0,3.0786000000000016,38.91,0,0,0,0,0,0,0,0,0,0,0,0,0,0,0,0,0,0,0,0,0,0,0,0,0,0,0,0,0,0,0,0,0,0,0,0,0,0,0,0,0,0,0,0,0,0,0,0,0,0,0,0,0,0,0,0,0,0,0,0,0,0,0,0,0,0,0,0,0,0,0,0,0,0,0,0,0,0,0,0,0,0,0,0,0
2-Methyl-3-Heptene,CCCC=CC(C)C,692-96-6,Biofuel,2.2546296296296298,0.7236574074074072,2.2546296296296298,0.7236574074074072,0.4922171506451638,112.21599999999998,96.08799999999998,112.12520051199999,48,0,-0.029042476215539025,-0.08829110396139932,0.08829110396139932,0.029042476215539025,1.375,2.0,2.375,13.862862810350673,10.164299207013789,1.796984060055883,-1.902164278865284,1.9572730160191905,-1.7516944339657998,4.829469094014241,0.8189684598573663,3.0656592417135116,60.438561897747256,6.405777393935816,6.146264369941973,6.146264369941973,3.770055610029662,3.436722276696329,3.436722276696329,2.4608444205764965,2.4608444205764965,0.9763247442091846,0.9763247442091846,0.5350572385075131,0.5350572385075131,-0.26,48.27551104108667,7.739999999999999,4.888367952522255,5.740000000000001,52.60424279642154,0.0,0.0,0.0,0.0,0.0,0.0,0.0,0.0,0.0,0.0,39.344073435665635,12.338727669087403,0.0,0.0,0.0,0.0,0.0,0.0,5.917906046161393,33.61285484492389,0.0,12.152040213667762,0.0,0.0,0.0,0.0,0.0,0.0,0.0,0.0,5.917906046161393,33.61285484492389,12.152040213667762,0.0,0.0,0.0,0.0,0.0,0.0,0.0,0.0,0.0,5.917906046161393,12.841643245852019,0.0,0.0,32.923251812739636,0.0,0.0,0.0,0.0,0.0,0.0,0.7236574074074072,0.0,7.009490740740741,6.600185185185184,0.0,0.75,8,0,0,0,0,0,0,0,0,0,0,0,3,0,0,0,0,2.9987000000000013,38.886,0,0,0,0,0,0,0,0,0,0,0,0,0,0,0,0,0,0,0,0,0,0,0,0,0,0,2,0,0,0,0,0,0,0,0,0,0,0,0,0,0,0,0,0,0,0,0,0,0,0,0,0,0,0,0,0,0,0,0,0,0,0,0,0,0,0,0,0,0,0,0,0,0,0,0,0,0,0,0,0,0,0,0,0,0
2-Methyl-3-Hexene,CCC=CC(C)C,42154-69-8,Biofuel,2.2222222222222223,0.7221759259259257,2.2222222222222223,0.7221759259259257,0.46558550890495903,98.189,84.07699999999998,98.109550448,42,0,-0.02904264889215319,-0.08855501123374397,0.08855501123374397,0.02904264889215319,1.4285714285714286,2.0,2.142857142857143,13.844574367106945,10.181500155207392,1.7790687571567418,-1.8846476582317524,1.9290740027000586,-1.7412466500349062,4.820032184971136,0.8260116859758139,3.0754396643013338,51.058650025961626,5.698670612749268,5.439157588755425,5.439157588755425,3.270055610029662,2.936722276696329,2.936722276696329,2.080417576445547,2.080417576445547,0.7566852033432209,0.7566852033432209,0.40824829046386313,0.40824829046386313,-0.26,29.01955000865388,6.74,3.914216027874565,5.739999999999999,46.239300682024925,0.0,0.0,0.0,0.0,0.0,0.0,0.0,0.0,0.0,0.0,32.923251812739636,12.338727669087403,0.0,0.0,0.0,0.0,0.0,0.0,5.917906046161393,27.19203322199788,0.0,12.152040213667762,0.0,0.0,0.0,0.0,0.0,0.0,0.0,0.0,5.917906046161393,27.19203322199788,12.152040213667762,0.0,0.0,0.0,0.0,0.0,0.0,0.0,0.0,0.0,12.338727669087403,0.0,0.0,0.0,32.923251812739636,0.0,0.0,0.0,0.0,0.0,0.0,0.7221759259259257,0.0,5.586157407407407,6.5249999999999995,0.0,0.7142857142857143,7,0,0,0,0,0,0,0,0,0,0,0,2,0,0,0,0,2.608600000000001,34.26899999999999,0,0,0,0,0,0,0,0,0,0,0,0,0,0,0,0,0,0,0,0,0,0,0,0,0,0,2,0,0,0,0,0,0,0,0,0,0,0,0,0,0,0,0,0,0,0,0,0,0,0,0,0,0,0,0,0,0,0,0,0,0,0,0,0,0,0,0,0,0,0,0,0,0,0,0,0,0,0,0,0,0,0,0,0,0
Isopentane,CCC(C)C,78-78-4,Biofuel,2.2222222222222223,0.8842592592592591,2.2222222222222223,0.8842592592592591,0.44444083512699417,72.151,60.05499999999999,72.093900384,32,0,-0.04739492560987911,-0.06513840899736081,0.06513840899736081,0.04739492560987911,1.4,1.6,1.6,13.860453240304048,10.164168786484398,1.7953101244900773,-1.9009992838179366,1.93398470299949,-1.7661131039686337,4.323050049794361,0.6258469732609503,2.5395388613593908,14.0,4.284457050376173,4.284457050376173,4.284457050376173,2.270055610029662,2.270055610029662,2.270055610029662,1.8020951405812147,1.8020951405812147,0.816496580927726,0.816496580927726,0.0,0.0,0.0,9.65148445440323,5.0,2.25,4.0,34.19901948541598,0.0,0.0,0.0,0.0,0.0,0.0,0.0,0.0,0.0,0.0,27.19203322199788,5.917906046161393,0.0,0.0,0.0,0.0,0.0,0.0,5.917906046161393,27.19203322199788,0.0,0.0,0.0,0.0,0.0,0.0,0.0,0.0,0.0,0.0,5.917906046161393,27.19203322199788,0.0,0.0,0.0,0.0,0.0,0.0,0.0,0.0,0.0,0.0,5.917906046161393,6.4208216229260096,0.0,0.0,20.771211599071872,0.0,0.0,0.0,0.0,0.0,0.0,0.8842592592592591,0.0,1.3055555555555556,6.643518518518518,0.0,1.0,5,0,0,0,0,0,0,0,0,0,0,0,1,0,0,0,0,2.0524,25.12899999999999,0,0,0,0,0,0,0,0,0,0,0,0,0,0,0,0,0,0,0,0,0,0,0,0,0,0,0,0,0,0,0,0,0,0,0,0,0,0,0,0,0,0,0,0,0,0,0,0,0,0,0,0,0,0,0,0,0,0,0,0,0,0,0,0,0,0,0,0,0,0,0,0,0,0,0,0,0,0,0,0,0,0,0,0,0
2-Methylheptane,CCCCCC(C)C,592-27-8,Biofuel,2.287361111111111,0.9042129629629628,2.287361111111111,0.9042129629629628,0.4921472673477994,114.23199999999999,96.08799999999998,114.14085057599999,50,0,-0.0471325775290515,-0.06538238184567347,0.06538238184567347,0.0471325775290515,1.125,1.75,2.125,13.964879854785659,10.062182261607683,1.9011220709078742,-2.0015828937213636,2.06252870122442,-1.847506884750428,4.438796681172605,0.5343123279298295,2.7158427612932585,37.30296890880646,6.405777393935816,6.405777393935816,6.405777393935816,3.770055610029662,3.770055610029662,3.770055610029662,2.889628765898712,2.889628765898712,1.3850278050148308,1.3850278050148308,0.8025858577612692,0.8025858577612692,0.0,48.27551104108667,8.0,5.142857142857143,6.0,53.29384582860579,0.0,0.0,0.0,0.0,0.0,0.0,0.0,0.0,0.0,0.0,46.4544980907759,5.917906046161393,0.0,0.0,0.0,0.0,0.0,0.0,5.917906046161393,46.4544980907759,0.0,0.0,0.0,0.0,0.0,0.0,0.0,0.0,0.0,0.0,5.917906046161393,46.4544980907759,0.0,0.0,0.0,0.0,0.0,0.0,0.0,0.0,0.0,0.0,5.917906046161393,25.683286491704038,0.0,0.0,20.771211599071872,0.0,0.0,0.0,0.0,0.0,0.0,0.9042129629629628,0.0,5.604074074074074,6.825046296296296,0.0,1.0,8,0,0,0,0,0,0,0,0,0,0,0,4,0,0,0,0,3.2227000000000023,38.98,0,0,0,0,0,0,0,0,0,0,0,0,0,0,0,0,0,0,0,0,0,0,0,0,0,0,0,0,0,0,0,0,0,0,0,0,0,0,0,0,0,0,0,0,0,0,0,0,0,0,0,0,0,0,0,0,0,0,0,0,0,0,0,0,0,0,0,0,0,0,0,0,0,0,0,0,0,0,0,0,0,0,0,1,0
2-Methylhexane,CCCCC(C)C,591-76-4,Biofuel,2.2734722222222223,0.9027314814814813,2.2734722222222223,0.9027314814814813,0.5112703489666591,100.20499999999998,84.07699999999998,100.12520051199999,44,0,-0.04713274852204558,-0.06538221239010727,0.06538221239010727,0.04713274852204558,1.2857142857142858,1.8571428571428572,2.0,13.94608135018466,10.080142899802732,1.8821876934441113,-1.9837657676845375,2.0375324588646344,-1.8346673329298178,4.417096157328514,0.5496425543061613,2.678257743164726,29.01955000865387,5.698670612749268,5.698670612749268,5.698670612749268,3.270055610029662,3.270055610029662,3.270055610029662,2.536075375305438,2.536075375305438,1.1350278050148308,1.1350278050148308,0.6123724356957945,0.6123724356957945,0.0,29.01955000865388,7.0,4.166666666666667,6.0,46.92890371420919,0.0,0.0,0.0,0.0,0.0,0.0,0.0,0.0,0.0,0.0,40.0336764678499,5.917906046161393,0.0,0.0,0.0,0.0,0.0,0.0,5.917906046161393,40.0336764678499,0.0,0.0,0.0,0.0,0.0,0.0,0.0,0.0,0.0,0.0,5.917906046161393,40.0336764678499,0.0,0.0,0.0,0.0,0.0,0.0,0.0,0.0,0.0,0.0,5.917906046161393,19.26246486877803,0.0,0.0,20.771211599071872,0.0,0.0,0.0,0.0,0.0,0.0,0.9027314814814813,0.0,4.145185185185185,6.785416666666666,0.0,1.0,7,0,0,0,0,0,0,0,0,0,0,0,3,0,0,0,0,2.832600000000001,34.362999999999985,0,0,0,0,0,0,0,0,0,0,0,0,0,0,0,0,0,0,0,0,0,0,0,0,0,0,0,0,0,0,0,0,0,0,0,0,0,0,0,0,0,0,0,0,0,0,0,0,0,0,0,0,0,0,0,0,0,0,0,0,0,0,0,0,0,0,0,0,0,0,0,0,0,0,0,0,0,0,0,0,0,0,0,0,0
2-Methylpentane,CCCC(C)C,107-83-5,Biofuel,2.2534722222222223,0.8981481481481479,2.2534722222222223,0.8981481481481479,0.4838902980848686,86.178,72.06599999999999,86.109550448,38,0,-0.04714263543756667,-0.06537259817899396,0.06537259817899396,0.04714263543756667,1.3333333333333333,1.8333333333333333,1.8333333333333333,13.915562047569095,10.109923040658451,1.8513166066046423,-1.954342431596249,1.99908672764211,-1.8116090393407516,4.382863992183623,0.5760031536750146,2.6272148478988635,21.219280948873624,4.99156383156272,4.99156383156272,4.99156383156272,2.770055610029662,2.770055610029662,2.770055610029662,2.1825219847121646,2.1825219847121646,0.8660254037844386,0.8660254037844386,0.5773502691896257,0.5773502691896257,0.0,14.834466856136647,6.0,3.2,4.0,40.563961599812586,0.0,0.0,0.0,0.0,0.0,0.0,0.0,0.0,0.0,0.0,33.61285484492389,5.917906046161393,0.0,0.0,0.0,0.0,0.0,0.0,5.917906046161393,33.61285484492389,0.0,0.0,0.0,0.0,0.0,0.0,0.0,0.0,0.0,0.0,5.917906046161393,33.61285484492389,0.0,0.0,0.0,0.0,0.0,0.0,0.0,0.0,0.0,0.0,5.917906046161393,12.841643245852019,0.0,0.0,20.771211599071872,0.0,0.0,0.0,0.0,0.0,0.0,0.8981481481481479,0.0,2.7060185185185186,6.729166666666667,0.0,1.0,6,0,0,0,0,0,0,0,0,0,0,0,2,0,0,0,0,2.442500000000001,29.74599999999998,0,0,0,0,0,0,0,0,0,0,0,0,0,0,0,0,0,0,0,0,0,0,0,0,0,0,0,0,0,0,0,0,0,0,0,0,0,0,0,0,0,0,0,0,0,0,0,0,0,0,0,0,0,0,0,0,0,0,0,0,0,0,0,0,0,0,0,0,0,0,0,0,0,0,0,0,0,0,0,0,0,0,0,0,0
Isobutylene,CC(=C)C,115-11-7,Biofuel,3.5555555555555554,1.1666666666666667,3.5555555555555554,1.1666666666666667,0.3695110694427644,56.108000000000004,48.044,56.062600255999996,24,0,-0.044481419382844625,-0.10041984861546271,0.10041984861546271,0.044481419382844625,1.5,1.5,1.5,13.593104873987258,10.430826496787699,1.5126774568734636,-1.6500455387474156,1.7328156644516626,-1.4294843230465377,4.784330868532299,1.4236642997314128,2.8030394876740514,23.019550008653873,3.5773502691896257,3.2071067811865475,3.2071067811865475,1.7320508075688772,1.3535533905932737,1.3535533905932737,1.2071067811865475,1.2071067811865475,0.0,0.0,0.0,0.0,-0.26,3.2451124978365313,3.7400000000000007,1.1049635036496352,14.095029585798825,27.14447433883512,0.0,0.0,0.0,0.0,0.0,0.0,0.0,0.0,0.0,6.578935683598497,5.573104530069267,13.847474399381248,0.0,0.0,0.0,0.0,0.0,0.0,0.0,13.847474399381248,0.0,12.152040213667764,0.0,0.0,0.0,0.0,0.0,0.0,0.0,0.0,0.0,13.847474399381248,12.152040213667764,0.0,0.0,0.0,0.0,0.0,0.0,0.0,0.0,0.0,0.0,5.573104530069267,0.0,13.847474399381248,6.578935683598497,0.0,0.0,0.0,0.0,0.0,1.1666666666666667,0.0,0.0,0.0,7.5,0.0,0.5,4,0,0,0,0,0,0,0,0,0,0,0,0,0,0,0,0,1.5824,20.487999999999996,0,0,0,0,0,0,0,0,0,0,0,0,0,0,0,0,0,0,0,0,0,0,0,0,0,0,1,0,0,0,0,0,0,0,0,0,0,0,0,0,0,0,0,0,0,0,0,0,0,0,0,0,0,0,0,0,0,0,0,0,0,0,0,0,0,0,0,0,0,0,0,0,0,0,0,0,0,0,0,0,0,0,0,0,0
2-Octene,CCCCCC=CC,111-67-1,Biofuel,2.2318055555555554,1.2681944444444444,2.2318055555555554,1.2681944444444444,0.38689857093662267,112.21599999999998,96.08799999999998,112.12520051199999,48,0,-0.035083978327509785,-0.09166419959733818,0.09166419959733818,0.035083978327509785,1.25,2.0,2.5,13.845331910322827,10.181347716288016,1.780289821354503,-1.8839763546041806,1.9798337065393565,-1.684203841259343,4.753740477572477,0.7287115968515162,2.7185047751704623,53.058650025961626,6.242640687119286,5.983127663125442,5.983127663125442,3.914213562373095,3.52603867417337,3.52603867417337,2.0648175095102093,2.0648175095102093,1.2100464628873877,1.2100464628873877,0.6788553641618309,0.6788553641618309,-0.26,61.499612265106904,7.739999999999999,6.74,5.740000000000001,52.60424279642154,0.0,0.0,0.0,0.0,0.0,0.0,0.0,0.0,0.0,0.0,31.917420659210403,19.765380445542643,0.0,0.0,0.0,0.0,0.0,0.0,0.0,39.53076089108528,0.0,12.152040213667762,0.0,0.0,0.0,0.0,0.0,0.0,0.0,0.0,0.0,39.53076089108528,12.152040213667762,0.0,0.0,0.0,0.0,0.0,0.0,0.0,0.0,0.0,0.0,25.683286491704038,0.0,0.0,25.99951461304901,0.0,0.0,0.0,0.0,0.0,0.0,0.0,0.0,9.692851473922902,4.307148526077097,0.0,0.75,8,0,0,0,0,0,0,0,0,0,0,0,4,0,0,0,0,3.142800000000002,38.955999999999996,0,0,0,0,0,0,0,0,0,0,0,0,0,0,0,0,0,0,0,0,0,0,0,0,0,0,2,0,0,0,0,0,0,0,0,0,0,0,0,0,0,0,0,0,0,0,0,0,0,0,0,0,0,0,0,0,0,0,0,0,0,0,0,0,0,0,0,0,0,0,0,0,0,0,0,0,0,0,0,0,0,0,0,2,0
2-Pentene,CCC=CC,109-68-2,Biofuel,2.125,1.1631944444444444,2.125,1.1631944444444444,0.4136396804400309,70.135,60.05499999999999,70.07825032,30,0,-0.03794287307367419,-0.0916744470464646,0.0916744470464646,0.03794287307367419,1.6,2.2,2.2,13.594079354378078,10.430607628427651,1.5174139912845042,-1.6468102360406212,1.7323374263754383,-1.4311843309765475,4.730012035564743,1.2174768301743983,2.622415807990217,27.019550008653876,4.121320343559642,3.861807319565799,3.861807319565799,2.414213562373095,2.02603867417337,2.02603867417337,0.9772838841927123,0.9772838841927123,0.47140452079103173,0.47140452079103173,0.23570226039551587,0.23570226039551587,-0.26,11.245112497836532,4.74,3.7400000000000007,3.740000000000001,33.50941645323172,0.0,0.0,0.0,0.0,0.0,0.0,0.0,0.0,0.0,0.0,19.075777413358384,13.344558822616634,0.0,0.0,0.0,0.0,0.0,0.0,0.0,20.268296022307258,0.0,12.152040213667762,0.0,0.0,0.0,0.0,0.0,0.0,0.0,0.0,0.0,20.268296022307258,12.152040213667762,0.0,0.0,0.0,0.0,0.0,0.0,0.0,0.0,0.0,6.4208216229260096,0.0,0.0,6.923737199690624,19.075777413358384,0.0,0.0,0.0,0.0,0.0,0.0,0.0,0.0,5.34375,4.15625,0.0,0.6,5,0,0,0,0,0,0,0,0,0,0,0,1,0,0,0,0,1.9725,25.10499999999999,0,0,0,0,0,0,0,0,0,0,0,0,0,0,0,0,0,0,0,0,0,0,0,0,0,0,2,0,0,0,0,0,0,0,0,0,0,0,0,0,0,0,0,0,0,0,0,0,0,0,0,0,0,0,0,0,0,0,0,0,0,0,0,0,0,0,0,0,0,0,0,0,0,0,0,0,0,0,0,0,0,0,0,0,0
"2,2-Dimethylbutane",CCC(C)(C)C  ,75-83-2,Biofuel,2.2430555555555554,0.5416666666666667,2.2430555555555554,0.5416666666666667,0.4244820558666797,86.17799999999998,72.06599999999999,86.109550448,38,0,-0.03852311765626792,-0.06488336083848827,0.06488336083848827,0.03852311765626792,1.1666666666666667,1.3333333333333333,1.3333333333333333,14.087463954608307,9.938033219078697,2.027634076138967,-2.1218398136630356,2.156155175443969,-1.996399463192295,4.547798331492759,0.39760393957781626,3.168489872670569,29.793193904479523,5.207106781186548,5.207106781186548,5.207106781186548,2.5606601717798214,2.560660171779821,2.560660171779821,2.914213562373095,2.914213562373095,1.0606601717798212,1.0606601717798212,0.0,0.0,0.0,12.16479703638053,6.0,1.6326530612244898,4.0,40.563961599812586,0.0,0.0,0.0,0.0,0.0,0.0,0.0,0.0,0.0,0.0,34.11577042168851,5.41499046939678,0.0,0.0,0.0,0.0,0.0,0.0,5.41499046939678,34.11577042168851,0.0,0.0,0.0,0.0,0.0,0.0,0.0,0.0,0.0,0.0,5.41499046939678,34.11577042168851,0.0,0.0,0.0,0.0,0.0,0.0,0.0,0.0,0.0,5.41499046939678,0.0,6.4208216229260096,0.0,0.0,27.694948798762496,0.0,0.0,0.0,0.0,0.0,0.5416666666666667,0.0,0.0,1.2708333333333333,8.9375,0.0,1.0,6,0,0,0,0,0,0,0,0,0,0,0,0,0,0,0,0,2.442500000000001,29.74599999999998,0,0,0,0,0,0,0,0,0,0,0,0,0,0,0,0,0,0,0,0,0,0,0,0,0,0,0,0,0,0,0,0,0,0,0,0,0,0,0,0,0,0,0,0,0,0,0,0,0,0,0,0,0,0,0,0,0,0,0,0,0,0,0,0,0,0,0,0,0,0,0,0,0,0,0,0,0,0,0,0,0,0,0,0,0
"2,2-Dimethylheptane",CCCCCC(C)(C)C  ,1071-26-7,Biofuel,2.308194444444444,0.5507638888888888,2.308194444444444,0.5507638888888888,0.5092195903163099,128.259,108.09899999999998,128.15650064,56,0,-0.03826112271278758,-0.06538238045100547,0.06538238045100547,0.03826112271278758,1.0,1.5555555555555556,1.8888888888888888,14.131743207524572,9.895519232077833,2.0724497958449977,-2.1637955512794225,2.2109906199879235,-2.0306446884359155,4.5969225277363,0.35934102660468387,3.072989461365733,56.92878689342031,7.32842712474619,7.32842712474619,7.32842712474619,4.060660171779821,4.060660171779821,4.060660171779821,4.017766952966369,4.017766952966369,1.5303300858899105,1.5303300858899105,0.9053300858899105,0.9053300858899105,0.0,60.47184355343589,9.0,3.92,8.0,59.6587879430024,0.0,0.0,0.0,0.0,0.0,0.0,0.0,0.0,0.0,0.0,46.95741366754052,11.83581209232279,0.0,0.0,0.0,0.0,0.0,0.0,5.41499046939678,53.37823529046652,0.0,0.0,0.0,0.0,0.0,0.0,0.0,0.0,0.0,0.0,5.41499046939678,53.37823529046652,0.0,0.0,0.0,0.0,0.0,0.0,0.0,0.0,0.0,5.41499046939678,0.0,25.683286491704038,0.0,0.0,27.694948798762496,0.0,0.0,0.0,0.0,0.0,0.5507638888888888,0.0,0.0,5.522013888888889,9.177222222222222,0.0,1.0,9,0,0,0,0,0,0,0,0,0,0,0,3,0,0,0,0,3.6128000000000027,43.59700000000001,0,0,0,0,0,0,0,0,0,0,0,0,0,0,0,0,0,0,0,0,0,0,0,0,0,0,0,0,0,0,0,0,0,0,0,0,0,0,0,0,0,0,0,0,0,0,0,0,0,0,0,0,0,0,0,0,0,0,0,0,0,0,0,0,0,0,0,0,0,0,0,0,0,0,0,0,0,0,0,0,0,0,0,1,0
"2,2-Dimethylhexane",CCCCC(C)(C)C,590-73-8,Biofuel,2.2943055555555554,0.5515972222222223,2.2943055555555554,0.5515972222222223,0.5167600429991204,114.23199999999999,96.08799999999998,114.14085057599999,50,0,-0.03826129381068647,-0.0653820387556187,0.0653820387556187,0.03826129381068647,1.125,1.625,1.75,14.126349826711014,9.900380546431355,2.0670829577872842,-2.158917222522018,2.203329361863952,-2.027308897582956,4.590518669389076,0.3633925022694719,3.1117661943884265,47.548875021634686,6.621320343559642,6.621320343559642,6.621320343559642,3.5606601717798214,3.560660171779821,3.560660171779821,3.664213562373095,3.664213562373095,1.2803300858899105,1.2803300858899105,0.7071067811865474,0.7071067811865474,0.0,36.61600302409073,8.0,3.111111111111111,6.0,53.293845828605804,0.0,0.0,0.0,0.0,0.0,0.0,0.0,0.0,0.0,0.0,40.53659204461451,11.83581209232279,0.0,0.0,0.0,0.0,0.0,0.0,5.41499046939678,46.95741366754052,0.0,0.0,0.0,0.0,0.0,0.0,0.0,0.0,0.0,0.0,5.41499046939678,46.95741366754052,0.0,0.0,0.0,0.0,0.0,0.0,0.0,0.0,0.0,5.41499046939678,0.0,19.26246486877803,0.0,0.0,27.694948798762496,0.0,0.0,0.0,0.0,0.0,0.5515972222222223,0.0,0.0,4.073680555555556,9.124722222222221,0.0,1.0,8,0,0,0,0,0,0,0,0,0,0,0,2,0,0,0,0,3.2227000000000023,38.98,0,0,0,0,0,0,0,0,0,0,0,0,0,0,0,0,0,0,0,0,0,0,0,0,0,0,0,0,0,0,0,0,0,0,0,0,0,0,0,0,0,0,0,0,0,0,0,0,0,0,0,0,0,0,0,0,0,0,0,0,0,0,0,0,0,0,0,0,0,0,0,0,0,0,0,0,0,0,0,0,0,0,0,0,0
"2,2-Dimethylpentane",CCCC(C)(C)C,590-35-2,Biofuel,2.2743055555555554,0.5503472222222222,2.2743055555555554,0.5503472222222222,0.4750207476322447,100.20499999999998,84.07699999999998,100.12520051199999,44,0,-0.03827118037973427,-0.0653625715831776,0.0653625715831776,0.03827118037973427,1.1428571428571428,1.5714285714285714,1.5714285714285714,14.114787605279886,9.911430892981071,2.055444422588347,-2.147949012445037,2.188397465243936,-2.0188459406773127,4.577417942951085,0.3731039513926097,3.154490065368808,38.49022499567306,5.914213562373095,5.914213562373095,5.914213562373095,3.060660171779821,3.060660171779821,3.060660171779821,3.310660171779821,3.310660171779821,0.9999999999999998,0.9999999999999998,0.7499999999999998,0.7499999999999998,0.0,18.14170945007629,7.0,2.34375,6.0,46.92890371420919,0.0,0.0,0.0,0.0,0.0,0.0,0.0,0.0,0.0,0.0,34.11577042168851,11.83581209232279,0.0,0.0,0.0,0.0,0.0,0.0,5.41499046939678,40.53659204461451,0.0,0.0,0.0,0.0,0.0,0.0,0.0,0.0,0.0,0.0,5.41499046939678,40.53659204461451,0.0,0.0,0.0,0.0,0.0,0.0,0.0,0.0,0.0,5.41499046939678,0.0,12.841643245852019,0.0,0.0,27.694948798762496,0.0,0.0,0.0,0.0,0.0,0.5503472222222222,0.0,0.0,2.6493055555555554,9.050347222222221,0.0,1.0,7,0,0,0,0,0,0,0,0,0,0,0,1,0,0,0,0,2.832600000000001,34.362999999999985,0,0,0,0,0,0,0,0,0,0,0,0,0,0,0,0,0,0,0,0,0,0,0,0,0,0,0,0,0,0,0,0,0,0,0,0,0,0,0,0,0,0,0,0,0,0,0,0,0,0,0,0,0,0,0,0,0,0,0,0,0,0,0,0,0,0,0,0,0,0,0,0,0,0,0,0,0,0,0,0,0,0,0,0,0
"2,2-Dimethylpropane",CC(C)(C)C,463-82-1,Biofuel,2.1875,0.5,2.1875,0.5,0.4105781835342534,72.151,60.05499999999999,72.093900384,32,0,-0.04110154814903501,-0.060438148494705184,0.060438148494705184,0.04110154814903501,0.8,0.8,0.8,14.012500562499918,10.012499437500075,1.9507468318905004,-2.049286528534241,2.0749019436870664,-1.9278019436870664,4.469833034771958,0.46916696522803947,3.0237157840738176,15.509775004326936,4.5,4.5,4.5,2.0,2.0,2.0,3.0,3.0,0.0,0.0,0.0,0.0,0.0,3.6096404744368114,5.0,1.0,0.0,34.19901948541599,0.0,0.0,0.0,0.0,0.0,0.0,0.0,0.0,0.0,0.0,27.694948798762496,5.41499046939678,0.0,0.0,0.0,0.0,0.0,0.0,5.41499046939678,27.694948798762496,0.0,0.0,0.0,0.0,0.0,0.0,0.0,0.0,0.0,0.0,5.41499046939678,27.694948798762496,0.0,0.0,0.0,0.0,0.0,0.0,0.0,0.0,0.0,5.41499046939678,0.0,0.0,0.0,0.0,27.694948798762496,0.0,0.0,0.0,0.0,0.0,0.5,0.0,0.0,0.0,8.75,0.0,1.0,5,0,0,0,0,0,0,0,0,0,0,0,0,0,0,0,0,2.0524,25.12899999999999,0,0,0,0,0,0,0,0,0,0,0,0,0,0,0,0,0,0,0,0,0,0,0,0,0,0,0,0,0,0,0,0,0,0,0,0,0,0,0,0,0,0,0,0,0,0,0,0,0,0,0,0,0,0,0,0,0,0,0,0,0,0,0,0,0,0,0,0,0,0,0,0,0,0,0,0,0,0,0,0,0,0,0,0,0
"2,2,3-Trimethylbutane",CC(C)C(C)(C)C,464-06-2,Biofuel,2.261574074074074,0.5,2.261574074074074,0.5,0.4387734079247987,100.20499999999998,84.07699999999998,100.12520051199999,44,0,-0.03595364166053182,-0.06227354329393883,0.06227354329393883,0.03595364166053182,1.0,1.1428571428571428,1.1428571428571428,14.189174912621917,9.836924894055704,2.131894152259927,-2.2204096809434954,2.2309724403081743,-2.1242526190713,4.636456830422641,0.2834800261158475,3.541196965079901,45.548875021634686,6.077350269189626,6.077350269189626,6.077350269189626,2.9433756729740645,2.9433756729740645,2.9433756729740645,3.5207259421636903,3.5207259421636903,1.7320508075688774,1.7320508075688774,0.0,0.0,0.0,17.086166327180322,7.0,1.8518518518518519,2.6666666666666665,46.92890371420919,0.0,0.0,0.0,0.0,0.0,0.0,0.0,0.0,0.0,0.0,34.61868599845312,11.332896515558172,0.0,0.0,0.0,0.0,0.0,0.0,11.332896515558172,34.61868599845312,0.0,0.0,0.0,0.0,0.0,0.0,0.0,0.0,0.0,0.0,11.332896515558172,34.61868599845312,0.0,0.0,0.0,0.0,0.0,0.0,0.0,0.0,0.0,5.41499046939678,5.917906046161393,0.0,0.0,0.0,34.61868599845312,0.0,0.0,0.0,0.0,0.0,0.5,0.7986111111111109,0.0,0.0,11.284722222222223,0.0,1.0,7,0,0,0,0,0,0,0,0,0,0,0,0,0,0,0,0,2.6885000000000012,34.292999999999985,0,0,0,0,0,0,0,0,0,0,0,0,0,0,0,0,0,0,0,0,0,0,0,0,0,0,0,0,0,0,0,0,0,0,0,0,0,0,0,0,0,0,0,0,0,0,0,0,0,0,0,0,0,0,0,0,0,0,0,0,0,0,0,0,0,0,0,0,0,0,0,0,0,0,0,0,0,0,0,0,0,0,0,0,0
"2,2,3-Trimethylpentane",CCC(C)C(C)(C)C ,564-02-3,Biofuel,2.3055555555555554,0.5086805555555556,2.3055555555555554,0.5086805555555556,0.4911539632740701,114.23199999999999,96.08799999999998,114.14085057599999,50,0,-0.035701170512770566,-0.06510839342619178,0.06510839342619178,0.035701170512770566,1.25,1.625,1.625,14.220414892871707,9.806372605060647,2.1639167169550193,-2.250176954355492,2.2657400821413876,-2.1517145227145895,4.669358784447525,0.25447431651678964,3.623281003705976,56.92878689342031,6.784457050376173,6.784457050376173,6.784457050376173,3.4813804754348494,3.4813804754348494,3.4813804754348494,3.6753212645389093,3.6753212645389093,2.0907702751760278,2.0907702751760278,0.6123724356957945,0.6123724356957945,0.0,35.64737584844357,8.0,2.52,2.34375,53.29384582860579,0.0,0.0,0.0,0.0,0.0,0.0,0.0,0.0,0.0,0.0,41.03950762137913,11.332896515558172,0.0,0.0,0.0,0.0,0.0,0.0,11.332896515558172,41.03950762137913,0.0,0.0,0.0,0.0,0.0,0.0,0.0,0.0,0.0,0.0,11.332896515558172,41.03950762137913,0.0,0.0,0.0,0.0,0.0,0.0,0.0,0.0,0.0,5.41499046939678,5.917906046161393,6.4208216229260096,0.0,0.0,34.61868599845312,0.0,0.0,0.0,0.0,0.0,0.5086805555555556,0.849537037037037,0.0,1.2951388888888888,11.429976851851853,0.0,1.0,8,0,0,0,0,0,0,0,0,0,0,0,1,0,0,0,0,3.0786000000000016,38.91,0,0,0,0,0,0,0,0,0,0,0,0,0,0,0,0,0,0,0,0,0,0,0,0,0,0,0,0,0,0,0,0,0,0,0,0,0,0,0,0,0,0,0,0,0,0,0,0,0,0,0,0,0,0,0,0,0,0,0,0,0,0,0,0,0,0,0,0,0,0,0,0,0,0,0,0,0,0,0,0,0,0,0,0,0
"2,2,3,4-Tetramethylpentane",CC(C)C(C)C(C)(C)C  ,1186-53-4,Biofuel,2.324074074074074,0.4803240740740742,2.324074074074074,0.4803240740740742,0.5078929430561274,128.259,108.09899999999998,128.15650064,56,0,-0.03544767716348226,-0.06249899986580342,0.06249899986580342,0.03544767716348226,0.8888888888888888,1.2222222222222223,1.2222222222222223,14.270505071131113,9.757191498394267,2.2151377099170753,-2.298225156970605,2.3026927228073726,-2.2136947334774297,4.713107851366398,0.19903191740091924,3.877604668586773,74.52932501298082,7.6547005383792515,7.6547005383792515,7.6547005383792515,3.8540592754970238,3.854059275497024,3.854059275497024,4.398717474235545,4.398717474235545,2.3660254037844393,2.3660254037844393,1.0000000000000002,1.0000000000000002,0.0,50.070310617666195,9.0,2.7222222222222223,2.88,59.6587879430024,0.0,0.0,0.0,0.0,0.0,0.0,0.0,0.0,0.0,0.0,41.54242319814374,17.250802561719567,0.0,0.0,0.0,0.0,0.0,0.0,17.250802561719567,41.54242319814374,0.0,0.0,0.0,0.0,0.0,0.0,0.0,0.0,0.0,0.0,17.250802561719567,41.54242319814374,0.0,0.0,0.0,0.0,0.0,0.0,0.0,0.0,0.0,5.41499046939678,11.835812092322787,0.0,0.0,0.0,41.54242319814374,0.0,0.0,0.0,0.0,0.0,0.4803240740740742,1.6273148148148144,0.0,0.0,13.809027777777777,0.0,1.0,9,0,0,0,0,0,0,0,0,0,0,0,1,0,0,0,0,3.324600000000002,43.45700000000001,0,0,0,0,0,0,0,0,0,0,0,0,0,0,0,0,0,0,0,0,0,0,0,0,0,0,0,0,0,0,0,0,0,0,0,0,0,0,0,0,0,0,0,0,0,0,0,0,0,0,0,0,0,0,0,0,0,0,0,0,0,0,0,0,0,0,0,0,0,0,0,0,0,0,0,0,0,0,0,0,0,0,0,0,0
"2,2,4-Trimethylpentane",CC(C)CC(C)(C)C,540-84-1,Biofuel,2.2847222222222223,0.5219907407407407,2.2847222222222223,0.5219907407407407,0.4911539632740701,114.23199999999999,96.08799999999998,114.14085057599999,50,0,-0.038018218252164164,-0.06275372160759639,0.06275372160759639,0.038018218252164164,1.125,1.5,1.5,14.163638387484248,9.863629649244036,2.1051028686638853,-2.194935125216457,2.2259535915423507,-2.076585447700782,4.620951578734183,0.32031651003291156,3.388924101358251,54.928786893420316,6.784457050376173,6.784457050376173,6.784457050376173,3.4165022194363885,3.4165022194363885,3.4165022194363885,4.158631167129105,4.158631167129105,1.0206207261596576,1.0206207261596576,1.2247448713915892,1.2247448713915892,0.0,23.005390496014627,8.0,2.52,6.0,53.29384582860579,0.0,0.0,0.0,0.0,0.0,0.0,0.0,0.0,0.0,0.0,34.61868599845312,17.75371813848418,0.0,0.0,0.0,0.0,0.0,0.0,11.332896515558172,41.03950762137913,0.0,0.0,0.0,0.0,0.0,0.0,0.0,0.0,0.0,0.0,11.332896515558172,41.03950762137913,0.0,0.0,0.0,0.0,0.0,0.0,0.0,0.0,0.0,5.41499046939678,5.917906046161393,6.4208216229260096,0.0,0.0,34.61868599845312,0.0,0.0,0.0,0.0,0.0,0.5219907407407407,0.8425925925925923,0.0,1.3263888888888888,11.39236111111111,0.0,1.0,8,0,0,0,0,0,0,0,0,0,0,0,1,0,0,0,0,3.0786000000000016,38.91,0,0,0,0,0,0,0,0,0,0,0,0,0,0,0,0,0,0,0,0,0,0,0,0,0,0,0,0,0,0,0,0,0,0,0,0,0,0,0,0,0,0,0,0,0,0,0,0,0,0,0,0,0,0,0,0,0,0,0,0,0,0,0,0,0,0,0,0,0,0,0,0,0,0,0,0,0,0,0,0,0,0,0,0,0
"2,3-Dimethyl-1-Butene",CC(C)C(=C)C,563-78-0,Biofuel,3.7546296296296298,0.6574074074074072,3.7546296296296298,0.6574074074074072,0.4272019529906664,84.16199999999999,72.06599999999999,84.093900384,36,0,-0.02655756123343467,-0.09988150017749044,0.09988150017749044,0.02655756123343467,1.5,1.6666666666666667,1.6666666666666667,13.933162788018018,10.092058136933566,1.8697626569043533,-1.9718713806806867,2.0174578473136013,-1.8283365248925272,4.903532517348054,0.7732607246846741,3.2575861612334887,51.058650025961626,5.1547005383792515,4.784457050376173,4.784457050376173,2.6427344100918364,2.2969290635673385,2.2969290635673385,2.00105320879927,2.00105320879927,0.9855985596534889,0.9855985596534889,0.0,0.0,-0.26,13.609640474436812,5.740000000000001,2.012323325522952,2.0073796791443854,39.874358567628335,0.0,0.0,0.0,0.0,0.0,0.0,0.0,0.0,0.0,0.0,25.999514613049012,12.841643245852017,0.0,0.0,0.0,0.0,0.0,0.0,5.917906046161393,20.771211599071872,0.0,12.152040213667764,0.0,0.0,0.0,0.0,0.0,0.0,0.0,0.0,5.917906046161393,20.771211599071872,12.152040213667764,0.0,0.0,0.0,0.0,0.0,0.0,0.0,0.0,5.917906046161393,0.0,5.573104530069267,0.0,6.923737199690624,20.426410082979746,0.0,0.0,0.0,0.0,0.0,1.2592592592592595,0.6574074074074072,0.0,0.0,10.083333333333334,0.0,0.6666666666666666,6,0,0,0,0,0,0,0,0,0,0,0,1,0,0,0,0,2.2184999999999997,29.651999999999983,0,0,0,0,0,0,0,0,0,0,0,0,0,0,0,0,0,0,0,0,0,0,0,0,0,0,1,0,0,0,0,0,0,0,0,0,0,0,0,0,0,0,0,0,0,0,0,0,0,0,0,0,0,0,0,0,0,0,0,0,0,0,0,0,0,0,0,0,0,0,0,0,0,0,0,0,0,0,0,0,0,0,0,0,0
"2,3-Dimethyl-1-Hexene",CCCC(C)C(=C)C  ,16746-86-4,Biofuel,3.8736574074074075,0.722222222222222,3.8736574074074075,0.722222222222222,0.49221715064516386,112.216,96.08799999999998,112.12520051199999,48,0,-0.023722646169555654,-0.09987116570350742,0.09987116570350742,0.023722646169555654,1.625,2.125,2.25,14.03145678002667,9.995191647669863,1.9718459967728568,-2.06485946565709,2.1200236866891053,-1.920490181984927,4.925829041147902,0.6033841384975295,3.3180871972839956,72.10749561002055,6.568914100752346,6.198670612749268,6.198670612749268,3.6807392125526213,3.3349338660281234,3.3349338660281234,2.5360753753054386,2.5360753753054386,1.5629488288431146,1.5629488288431146,0.6794123418055915,0.6794123418055915,-0.26,45.11498676384928,7.739999999999999,3.7068222395822903,2.838891422835457,52.60424279642154,0.0,0.0,0.0,0.0,0.0,0.0,0.0,0.0,0.0,0.0,32.42033623597502,19.262464868778025,0.0,0.0,0.0,0.0,0.0,0.0,5.917906046161393,33.61285484492389,0.0,12.152040213667764,0.0,0.0,0.0,0.0,0.0,0.0,0.0,0.0,5.917906046161393,33.61285484492389,12.152040213667764,0.0,0.0,0.0,0.0,0.0,0.0,0.0,0.0,0.0,5.917906046161393,18.414747775921285,0.0,0.0,27.35014728267037,0.0,0.0,0.0,0.0,0.0,1.3118981481481482,0.722222222222222,0.0,2.5588888888888888,10.406990740740742,0.0,0.75,8,0,0,0,0,0,0,0,0,0,0,0,3,0,0,0,0,2.9987000000000013,38.886,0,0,0,0,0,0,0,0,0,0,0,0,0,0,0,0,0,0,0,0,0,0,0,0,0,0,1,0,0,0,0,0,0,0,0,0,0,0,0,0,0,0,0,0,0,0,0,0,0,0,0,0,0,0,0,0,0,0,0,0,0,0,0,0,0,0,0,0,0,0,0,0,0,0,0,0,0,0,0,0,0,0,0,0,0
"2,3-Dimethyl-1-Pentene",CC(C)C(=C)C ,3404-72-6,Biofuel,3.7546296296296298,0.6574074074074072,3.7546296296296298,0.6574074074074072,0.4272019529906664,84.16199999999999,72.06599999999999,84.093900384,36,0,-0.02655756123343467,-0.09988150017749044,0.09988150017749044,0.02655756123343467,1.5,1.6666666666666667,1.6666666666666667,13.933162788018018,10.092058136933566,1.8697626569043533,-1.9718713806806867,2.0174578473136013,-1.8283365248925272,4.903532517348054,0.7732607246846741,3.2575861612334887,51.058650025961626,5.1547005383792515,4.784457050376173,4.784457050376173,2.6427344100918364,2.2969290635673385,2.2969290635673385,2.00105320879927,2.00105320879927,0.9855985596534889,0.9855985596534889,0.0,0.0,-0.26,13.609640474436812,5.740000000000001,2.012323325522952,2.0073796791443854,39.874358567628335,0.0,0.0,0.0,0.0,0.0,0.0,0.0,0.0,0.0,0.0,25.999514613049012,12.841643245852017,0.0,0.0,0.0,0.0,0.0,0.0,5.917906046161393,20.771211599071872,0.0,12.152040213667764,0.0,0.0,0.0,0.0,0.0,0.0,0.0,0.0,5.917906046161393,20.771211599071872,12.152040213667764,0.0,0.0,0.0,0.0,0.0,0.0,0.0,0.0,5.917906046161393,0.0,5.573104530069267,0.0,6.923737199690624,20.426410082979746,0.0,0.0,0.0,0.0,0.0,1.2592592592592595,0.6574074074074072,0.0,0.0,10.083333333333334,0.0,0.6666666666666666,6,0,0,0,0,0,0,0,0,0,0,0,1,0,0,0,0,2.2184999999999997,29.651999999999983,0,0,0,0,0,0,0,0,0,0,0,0,0,0,0,0,0,0,0,0,0,0,0,0,0,0,1,0,0,0,0,0,0,0,0,0,0,0,0,0,0,0,0,0,0,0,0,0,0,0,0,0,0,0,0,0,0,0,0,0,0,0,0,0,0,0,0,0,0,0,0,0,0,0,0,0,0,0,0,0,0,0,0,0,0
"2,3-Dimethyl-2-Butene",CC(=C(C)C)C,563-79-1,Biofuel,2.1203703703703702,1.425925925925926,2.1203703703703702,1.425925925925926,0.39512344480394423,84.16199999999999,72.06599999999999,84.093900384,36,0,-0.043963809628087415,-0.07778750288164618,0.07778750288164618,0.043963809628087415,0.6666666666666666,0.8333333333333334,0.8333333333333334,13.824800657884019,10.200701885258548,1.7489360835126784,-1.8753660625223163,1.9647377810052613,-1.659374474127663,5.017907618109227,1.2329998221869507,3.675948764555208,50.10749561002054,5.1547005383792515,5.0,5.0,2.6427344100918364,2.25,2.25,2.0,2.0,1.0,1.0,0.0,0.0,-0.26,13.609640474436812,5.740000000000001,2.012323325522952,2.0073796791443854,39.874358567628335,0.0,0.0,0.0,0.0,0.0,0.0,0.0,0.0,0.0,0.0,11.146209060138535,27.694948798762496,0.0,0.0,0.0,0.0,0.0,0.0,0.0,27.694948798762496,0.0,11.146209060138535,0.0,0.0,0.0,0.0,0.0,0.0,0.0,0.0,0.0,27.694948798762496,11.146209060138535,0.0,0.0,0.0,0.0,0.0,0.0,0.0,0.0,0.0,0.0,11.146209060138535,0.0,0.0,27.694948798762496,0.0,0.0,0.0,0.0,0.0,2.851851851851852,0.0,0.0,0.0,8.481481481481481,0.0,0.6666666666666666,6,0,0,0,0,0,0,0,0,0,0,0,0,0,0,0,0,2.3626000000000005,29.721999999999984,0,0,0,0,0,0,0,0,0,0,0,0,0,0,0,0,0,0,0,0,0,0,0,0,0,0,2,0,0,0,0,0,0,0,0,0,0,0,0,0,0,0,0,0,0,0,0,0,0,0,0,0,0,0,0,0,0,0,0,0,0,0,0,0,0,0,0,0,0,0,0,0,0,0,0,0,0,0,0,0,0,0,0,0,0
"2,3-Dimethyl-2-Hexene",CCCC(=C(C)C)C,7145-20-2,Biofuel,2.214722222222222,1.2662037037037037,2.214722222222222,1.2662037037037037,0.48127599565088175,112.21599999999998,96.08799999999998,112.12520051199999,48,0,-0.03232274208481198,-0.07750948641063374,0.07750948641063374,0.03232274208481198,1.125,1.625,1.75,13.934915580122652,10.092126206461147,1.8656578356384754,-1.9775074175784524,2.073348230830508,-1.7694743204789185,5.053040296584569,0.889796631068748,3.617435444951365,84.2114326716684,6.568914100752346,6.414213562373095,6.414213562373095,3.680739212552621,3.310660171779821,3.310660171779821,2.5303300858899105,2.5303300858899105,1.4785533905932735,1.4785533905932735,0.6249999999999999,0.6249999999999999,-0.26,45.11498676384928,7.739999999999999,3.7068222395822903,2.838891422835457,52.60424279642154,0.0,0.0,0.0,0.0,0.0,0.0,0.0,0.0,0.0,0.0,24.490767882755165,27.19203322199788,0.0,0.0,0.0,0.0,0.0,0.0,0.0,40.53659204461451,0.0,11.146209060138535,0.0,0.0,0.0,0.0,0.0,0.0,0.0,0.0,0.0,40.53659204461451,11.146209060138535,0.0,0.0,0.0,0.0,0.0,0.0,0.0,0.0,0.0,0.0,18.414747775921285,5.573104530069267,0.0,27.694948798762496,0.0,0.0,0.0,0.0,0.0,3.027175925925926,0.0,0.0,2.5410185185185186,8.765138888888888,0.0,0.75,8,0,0,0,0,0,0,0,0,0,0,0,2,0,0,0,0,3.142800000000002,38.956,0,0,0,0,0,0,0,0,0,0,0,0,0,0,0,0,0,0,0,0,0,0,0,0,0,0,2,0,0,0,0,0,0,0,0,0,0,0,0,0,0,0,0,0,0,0,0,0,0,0,0,0,0,0,0,0,0,0,0,0,0,0,0,0,0,0,0,0,0,0,0,0,0,0,0,0,0,0,0,0,0,0,0,0,0
"2,3-Dimethyl-2-Pentene",CCC(=C(C)C)C,10574-37-5,Biofuel,2.1828703703703702,1.1967592592592593,2.1828703703703702,1.1967592592592593,0.44224674916574247,98.18899999999998,84.07699999999998,98.109550448,42,0,-0.03491818188394126,-0.07751959962102888,0.07751959962102888,0.03491818188394126,1.1428571428571428,1.5714285714285714,1.5714285714285714,13.89623495866787,10.130049001539303,1.824388889926115,-1.9420823104484457,2.035432364714332,-1.7307738622938749,5.0465269541773194,1.0522833805240546,3.7174113002483593,74.03910001730775,5.8618073195657985,5.707106781186548,5.707106781186548,3.180739212552621,2.810660171779821,2.810660171779821,2.1338834764831844,2.1338834764831844,1.3838834764831844,1.3838834764831844,0.35355339059327373,0.35355339059327373,-0.26,27.977093296928835,6.74,2.838891422835457,2.436864111498258,46.23930068202494,0.0,0.0,0.0,0.0,0.0,0.0,0.0,0.0,0.0,0.0,18.06994625982916,27.19203322199788,0.0,0.0,0.0,0.0,0.0,0.0,0.0,34.11577042168851,0.0,11.146209060138535,0.0,0.0,0.0,0.0,0.0,0.0,0.0,0.0,0.0,34.11577042168851,11.146209060138535,0.0,0.0,0.0,0.0,0.0,0.0,0.0,0.0,0.0,0.0,17.567030683064544,0.0,0.0,27.694948798762496,0.0,0.0,0.0,0.0,0.0,2.974537037037037,0.0,0.0,1.1967592592592593,8.662037037037036,0.0,0.7142857142857143,7,0,0,0,0,0,0,0,0,0,0,0,1,0,0,0,0,2.752700000000001,34.33899999999999,0,0,0,0,0,0,0,0,0,0,0,0,0,0,0,0,0,0,0,0,0,0,0,0,0,0,2,0,0,0,0,0,0,0,0,0,0,0,0,0,0,0,0,0,0,0,0,0,0,0,0,0,0,0,0,0,0,0,0,0,0,0,0,0,0,0,0,0,0,0,0,0,0,0,0,0,0,0,0,0,0,0,0,0,0
"2,3-Dimethylbutane",CC(C)C(C)C,79-29-8,Biofuel,2.240740740740741,0.8518518518518516,2.240740740740741,0.8518518518518516,0.4590282783168001,86.178,72.06599999999999,86.109550448,38,0,-0.04481265908420449,-0.06252913230679805,0.06252913230679805,0.04481265908420449,0.6666666666666666,0.8333333333333334,0.8333333333333334,14.013334517859978,10.012000000000008,1.9516290844405955,-2.0497414690825204,2.0520159625774275,-1.952481299711394,4.459075191119941,0.4569728569138516,2.9934972434784735,21.019550008653873,5.1547005383792515,5.1547005383792515,5.1547005383792515,2.6427344100918364,2.642734410091837,2.642734410091837,2.4880338717125854,2.4880338717125854,1.3333333333333337,1.3333333333333337,0.0,0.0,0.0,13.609640474436812,6.0,2.2222222222222223,2.25,40.563961599812586,0.0,0.0,0.0,0.0,0.0,0.0,0.0,0.0,0.0,0.0,27.694948798762496,11.835812092322787,0.0,0.0,0.0,0.0,0.0,0.0,11.835812092322787,27.694948798762496,0.0,0.0,0.0,0.0,0.0,0.0,0.0,0.0,0.0,0.0,11.835812092322787,27.694948798762496,0.0,0.0,0.0,0.0,0.0,0.0,0.0,0.0,0.0,0.0,11.835812092322787,0.0,0.0,0.0,27.694948798762496,0.0,0.0,0.0,0.0,0.0,0.0,1.7037037037037033,0.0,0.0,8.962962962962964,0.0,1.0,6,0,0,0,0,0,0,0,0,0,0,0,1,0,0,0,0,2.2984,29.675999999999984,0,0,0,0,0,0,0,0,0,0,0,0,0,0,0,0,0,0,0,0,0,0,0,0,0,0,0,0,0,0,0,0,0,0,0,0,0,0,0,0,0,0,0,0,0,0,0,0,0,0,0,0,0,0,0,0,0,0,0,0,0,0,0,0,0,0,0,0,0,0,0,0,0,0,0,0,0,0,0,0,0,0,0,0,0
"2,3-Dimethylhexane",CCCC(C)C(C)C,584-94-1,Biofuel,2.3275462962962963,0.8703240740740739,2.3275462962962963,0.8703240740740739,0.5286347163806406,114.23199999999999,96.08799999999998,114.14085057599999,50,0,-0.041971157970100426,-0.06537225325015444,0.06537225325015444,0.041971157970100426,1.125,1.625,1.75,14.088961958165994,9.937761136601628,2.028842975213933,-2.122390037749915,2.1418483872556124,-2.0152154389324477,4.5412474243186,0.3886138012675958,3.170819357347939,46.0,6.568914100752346,6.568914100752346,6.568914100752346,3.6807392125526213,3.6807392125526213,3.6807392125526213,3.0099759546438176,3.0099759546438176,1.8820881233139912,1.8820881233139912,0.7886751345948129,0.7886751345948129,0.0,45.11498676384928,8.0,3.9375,3.061224489795918,53.29384582860579,0.0,0.0,0.0,0.0,0.0,0.0,0.0,0.0,0.0,0.0,40.53659204461451,11.835812092322787,0.0,0.0,0.0,0.0,0.0,0.0,11.835812092322787,40.53659204461451,0.0,0.0,0.0,0.0,0.0,0.0,0.0,0.0,0.0,0.0,11.835812092322787,40.53659204461451,0.0,0.0,0.0,0.0,0.0,0.0,0.0,0.0,0.0,0.0,11.835812092322787,12.841643245852019,0.0,0.0,27.694948798762496,0.0,0.0,0.0,0.0,0.0,0.0,1.7869907407407404,0.0,2.7192592592592595,9.160416666666666,0.0,1.0,8,0,0,0,0,0,0,0,0,0,0,0,3,0,0,0,0,3.0786000000000016,38.91,0,0,0,0,0,0,0,0,0,0,0,0,0,0,0,0,0,0,0,0,0,0,0,0,0,0,0,0,0,0,0,0,0,0,0,0,0,0,0,0,0,0,0,0,0,0,0,0,0,0,0,0,0,0,0,0,0,0,0,0,0,0,0,0,0,0,0,0,0,0,0,0,0,0,0,0,0,0,0,0,0,0,0,0,0
"2,3-Dimethylpentane",CCC(C)C(C)C  ,565-59-3,Biofuel,2.2962962962962963,0.8657407407407406,2.2962962962962963,0.8657407407407406,0.5001817914751358,100.20499999999998,84.07699999999998,100.12520051199999,44,0,-0.042223386517280546,-0.06511846835372892,0.06511846835372892,0.042223386517280546,1.1428571428571428,1.5714285714285714,1.5714285714285714,14.066881219377116,9.95918068295084,2.0064276726545613,-2.1013106062957765,2.113159452594174,-1.998760246267159,4.516176878336748,0.4074492292309298,3.1442082073698243,37.30296890880646,5.8618073195657985,5.8618073195657985,5.8618073195657985,3.1807392125526213,3.1807392125526213,3.1807392125526213,2.629549110512868,2.629549110512868,1.7820217383170776,1.7820217383170776,0.47140452079103173,0.47140452079103173,0.0,27.977093296928835,7.0,3.061224489795918,2.6666666666666665,46.92890371420919,0.0,0.0,0.0,0.0,0.0,0.0,0.0,0.0,0.0,0.0,34.11577042168851,11.835812092322787,0.0,0.0,0.0,0.0,0.0,0.0,11.835812092322787,34.11577042168851,0.0,0.0,0.0,0.0,0.0,0.0,0.0,0.0,0.0,0.0,11.835812092322787,34.11577042168851,0.0,0.0,0.0,0.0,0.0,0.0,0.0,0.0,0.0,0.0,11.835812092322787,6.4208216229260096,0.0,0.0,27.694948798762496,0.0,0.0,0.0,0.0,0.0,0.0,1.7685185185185182,0.0,1.3171296296296298,9.081018518518519,0.0,1.0,7,0,0,0,0,0,0,0,0,0,0,0,2,0,0,0,0,2.6885000000000012,34.292999999999985,0,0,0,0,0,0,0,0,0,0,0,0,0,0,0,0,0,0,0,0,0,0,0,0,0,0,0,0,0,0,0,0,0,0,0,0,0,0,0,0,0,0,0,0,0,0,0,0,0,0,0,0,0,0,0,0,0,0,0,0,0,0,0,0,0,0,0,0,0,0,0,0,0,0,0,0,0,0,0,0,0,0,0,0,0
"2,3,3-Trimethyl-1-Pentene",CCC(C)(C)C(=C)C  ,560-23-6,Biofuel,3.897638888888889,0.3472222222222222,3.897638888888889,0.3472222222222222,0.4816019169622866,112.21599999999998,96.08799999999998,112.12520051199999,48,0,-0.01527490061342173,-0.09960050289505515,0.09960050289505515,0.01527490061342173,1.5,1.875,1.875,14.189609495757939,9.836942098299005,2.136618025713228,-2.2165074783029537,2.2675621788958726,-2.0887299694912214,5.013975476308123,0.4309447324059696,3.9084966379068455,88.2114326716684,6.784457050376174,6.414213562373096,6.414213562373096,3.5040358447538855,3.164213562373095,3.164213562373095,3.017766952966369,3.017766952966369,2.039213562373095,2.039213562373095,0.30177669529663687,0.30177669529663687,-0.26,38.3366927298978,7.739999999999999,2.340807862747661,1.68828480015081,52.60424279642154,0.0,0.0,0.0,0.0,0.0,0.0,0.0,0.0,0.0,0.0,32.923251812739636,18.759549292013414,0.0,0.0,0.0,0.0,0.0,0.0,5.41499046939678,34.11577042168851,0.0,12.152040213667764,0.0,0.0,0.0,0.0,0.0,0.0,0.0,0.0,5.41499046939678,34.11577042168851,12.152040213667764,0.0,0.0,0.0,0.0,0.0,0.0,0.0,0.0,5.41499046939678,0.0,11.993926152995277,0.0,0.0,34.273884482361,0.0,0.0,0.0,0.0,0.0,1.625,0.0,0.0,1.1828703703703702,12.608796296296296,0.0,0.75,8,0,0,0,0,0,0,0,0,0,0,0,2,0,0,0,0,2.9987000000000013,38.886,0,0,0,0,0,0,0,0,0,0,0,0,0,0,0,0,0,0,0,0,0,0,0,0,0,0,1,0,0,0,0,0,0,0,0,0,0,0,0,0,0,0,0,0,0,0,0,0,0,0,0,0,0,0,0,0,0,0,0,0,0,0,0,0,0,0,0,0,0,0,0,0,0,0,0,0,0,0,0,0,0,0,0,0,0
"2,3,3-Trimethylpentane",CCC(C)(C)C(C)C,560-21-4,Biofuel,2.3171296296296298,0.5416666666666667,2.3171296296296298,0.5416666666666667,0.517234095658858,114.23199999999997,96.08799999999998,114.14085057599999,50,0,-0.03337709673098796,-0.0648633266388849,0.0648633266388849,0.03337709673098796,1.25,1.625,1.625,14.23602865111902,9.790669788138525,2.1801565371507765,-2.2652633137208658,2.283658650437367,-2.165368076294864,4.686056226203565,0.23980087560137972,3.708324167474306,60.438561897747256,6.784457050376174,6.784457050376174,6.784457050376174,3.5040358447538855,3.5040358447538855,3.5040358447538855,3.4968351245806306,3.4968351245806306,2.474179755261594,2.474179755261594,0.408248290463863,0.408248290463863,0.0,38.3366927298978,8.0,2.52,1.8518518518518519,53.29384582860579,0.0,0.0,0.0,0.0,0.0,0.0,0.0,0.0,0.0,0.0,41.03950762137913,11.332896515558172,0.0,0.0,0.0,0.0,0.0,0.0,11.332896515558172,41.03950762137913,0.0,0.0,0.0,0.0,0.0,0.0,0.0,0.0,0.0,0.0,11.332896515558172,41.03950762137913,0.0,0.0,0.0,0.0,0.0,0.0,0.0,0.0,0.0,5.41499046939678,5.917906046161393,6.4208216229260096,0.0,0.0,34.61868599845312,0.0,0.0,0.0,0.0,0.0,0.5416666666666667,0.8124999999999998,0.0,1.2824074074074074,11.44675925925926,0.0,1.0,8,0,0,0,0,0,0,0,0,0,0,0,2,0,0,0,0,3.0786000000000016,38.91,0,0,0,0,0,0,0,0,0,0,0,0,0,0,0,0,0,0,0,0,0,0,0,0,0,0,0,0,0,0,0,0,0,0,0,0,0,0,0,0,0,0,0,0,0,0,0,0,0,0,0,0,0,0,0,0,0,0,0,0,0,0,0,0,0,0,0,0,0,0,0,0,0,0,0,0,0,0,0,0,0,0,0,0,0
"2,3,4-Trimethyl-2-Pentene",CC(C)C(=C(C)C)C  ,565-77-5,Biofuel,2.224537037037037,0.7222222222222221,2.224537037037037,0.7222222222222221,0.4573184409568142,112.21599999999998,96.08799999999998,112.12520051199999,48,0,-0.026041431977711228,-0.07725061129505277,0.07725061129505277,0.026041431977711228,1.0,1.375,1.375,14.014785895318465,10.012189598949275,1.9502524466669646,-2.0527962816359495,2.1145549297244735,-1.8943279738780754,5.078183181827653,0.7563710897146518,3.9979497915275672,92.6059378176129,6.732050807568877,6.577350269189626,6.577350269189626,3.553418012614795,3.1933756729740645,3.1933756729740645,2.837713240271471,2.837713240271471,1.6547005383792517,1.6547005383792517,0.5773502691896258,0.5773502691896258,-0.26,39.36806555425064,7.739999999999999,2.9071056558917943,2.1527155819962744,52.60424279642154,0.0,0.0,0.0,0.0,0.0,0.0,0.0,0.0,0.0,0.0,24.99368345951978,26.689117645233264,0.0,0.0,0.0,0.0,0.0,0.0,5.917906046161393,34.61868599845312,0.0,11.146209060138535,0.0,0.0,0.0,0.0,0.0,0.0,0.0,0.0,5.917906046161393,34.61868599845312,11.146209060138535,0.0,0.0,0.0,0.0,0.0,0.0,0.0,0.0,0.0,5.917906046161393,11.146209060138535,0.0,0.0,34.61868599845312,0.0,0.0,0.0,0.0,0.0,2.976851851851852,0.7222222222222221,0.0,0.0,10.967592592592593,0.0,0.75,8,0,0,0,0,0,0,0,0,0,0,0,1,0,0,0,0,2.9987000000000013,38.886,0,0,0,0,0,0,0,0,0,0,0,0,0,0,0,0,0,0,0,0,0,0,0,0,0,0,2,0,0,0,0,0,0,0,0,0,0,0,0,0,0,0,0,0,0,0,0,0,0,0,0,0,0,0,0,0,0,0,0,0,0,0,0,0,0,0,0,0,0,0,0,0,0,0,0,0,0,0,0,0,0,0,0,0,0
"2,3,4-Trimethylpentane",CC(C)C(C)C(C)C,565-75-3,Biofuel,2.314814814814815,0.8425925925925924,2.314814814814815,0.8425925925925924,0.5174907689766356,114.23199999999999,96.08799999999998,114.14085057599999,50,0,-0.039643009079065525,-0.06250911399286939,0.06250911399286939,0.039643009079065525,0.625,0.875,0.875,14.15050063281029,9.876412757772448,2.0920012045164604,-2.1821273741297365,2.1781801685513513,-2.0988790524576517,4.590923253015533,0.31609939839038115,3.464226847231096,45.058650025961626,6.732050807568877,6.732050807568878,6.732050807568878,3.5534180126147956,3.553418012614796,3.553418012614796,3.3471506281091274,3.3471506281091274,2.103133692252835,2.103133692252835,0.7698003589195014,0.7698003589195014,0.0,39.36806555425064,8.0,3.111111111111111,2.34375,53.29384582860579,0.0,0.0,0.0,0.0,0.0,0.0,0.0,0.0,0.0,0.0,34.61868599845312,17.75371813848418,0.0,0.0,0.0,0.0,0.0,0.0,17.75371813848418,34.61868599845312,0.0,0.0,0.0,0.0,0.0,0.0,0.0,0.0,0.0,0.0,17.75371813848418,34.61868599845312,0.0,0.0,0.0,0.0,0.0,0.0,0.0,0.0,0.0,0.0,17.75371813848418,0.0,0.0,0.0,34.61868599845312,0.0,0.0,0.0,0.0,0.0,0.0,2.5555555555555554,0.0,0.0,11.444444444444446,0.0,1.0,8,0,0,0,0,0,0,0,0,0,0,0,2,0,0,0,0,2.9345000000000017,38.839999999999996,0,0,0,0,0,0,0,0,0,0,0,0,0,0,0,0,0,0,0,0,0,0,0,0,0,0,0,0,0,0,0,0,0,0,0,0,0,0,0,0,0,0,0,0,0,0,0,0,0,0,0,0,0,0,0,0,0,0,0,0,0,0,0,0,0,0,0,0,0,0,0,0,0,0,0,0,0,0,0,0,0,0,0,0,0
"2,4-Dimethyl-1-Pentene",CC(C)CC(=C)C,2213-32-3,Biofuel,3.7952777777777778,0.7754629629629629,3.7952777777777778,0.7754629629629629,0.46558550890495903,98.189,84.07699999999998,98.109550448,42,0,-0.030252928004316223,-0.10013091866296879,0.10013091866296879,0.030252928004316223,1.5714285714285714,2.0,2.0,13.958483057113261,10.067786392164008,1.8961100686817498,-1.9949903527801596,2.052424694632907,-1.844760032766453,4.876916623962183,0.6435507997147307,3.126006652390634,60.438561897747256,5.8618073195657985,5.49156383156272,5.49156383156272,3.125897657686229,2.770055610029662,2.770055610029662,2.555077776535831,2.555077776535831,0.756710002993201,0.756710002993201,0.6969234250586759,0.6969234250586759,-0.26,19.093583929800843,6.74,2.838891422835457,5.739999999999999,46.23930068202494,0.0,0.0,0.0,0.0,0.0,0.0,0.0,0.0,0.0,6.578935683598497,19.420578929450514,19.262464868778025,0.0,0.0,0.0,0.0,0.0,0.0,5.917906046161393,27.19203322199788,0.0,12.152040213667764,0.0,0.0,0.0,0.0,0.0,0.0,0.0,0.0,5.917906046161393,27.19203322199788,12.152040213667764,0.0,0.0,0.0,0.0,0.0,0.0,0.0,0.0,0.0,5.917906046161393,11.993926152995277,0.0,0.0,27.35014728267037,0.0,0.0,0.0,0.0,0.0,1.2870370370370372,0.7754629629629629,0.0,1.1666666666666665,10.270833333333334,0.0,0.7142857142857143,7,0,0,0,0,0,0,0,0,0,0,0,2,0,0,0,0,2.608600000000001,34.26899999999999,0,0,0,0,0,0,0,0,0,0,0,0,0,0,0,0,0,0,0,0,0,0,0,0,0,0,1,0,0,0,0,0,0,0,0,0,0,0,0,0,0,0,0,0,0,0,0,0,0,0,0,0,0,0,0,0,0,0,0,0,0,0,0,0,0,0,0,0,0,0,0,0,0,0,0,0,0,0,0,0,0,0,0,0,0
"2,4-Dimethyl-2-Pentene",CC(C)C=C(C)C,625-65-0,Biofuel,2.25,0.7129629629629629,2.25,0.7129629629629629,0.44210961702042856,98.189,84.07699999999998,98.109550448,42,0,-0.02879494748392924,-0.08332105914575781,0.08332105914575781,0.02879494748392924,1.2857142857142858,1.7142857142857142,1.7142857142857142,13.88511145999653,10.141434231359202,1.8181123298569295,-1.9262162384557278,1.9784861294841294,-1.773286350886213,4.939623180018627,0.8215342775328456,3.4451715439308535,64.10749561002055,5.8618073195657985,5.6547005383792515,5.6547005383792515,3.125897657686229,2.776709006307398,2.776709006307398,2.4880338717125854,2.4880338717125854,0.6666666666666669,0.6666666666666669,0.6666666666666669,0.6666666666666669,-0.26,19.093583929800843,6.74,2.838891422835457,5.739999999999999,46.239300682024925,0.0,0.0,0.0,0.0,0.0,0.0,0.0,0.0,0.0,0.0,25.496599036284394,19.76538044554264,0.0,0.0,0.0,0.0,0.0,0.0,5.917906046161393,27.694948798762496,0.0,11.64912463690315,0.0,0.0,0.0,0.0,0.0,0.0,0.0,0.0,5.917906046161393,27.694948798762496,11.64912463690315,0.0,0.0,0.0,0.0,0.0,0.0,0.0,0.0,5.917906046161393,0.0,5.573104530069267,0.0,0.0,33.770968905596376,0.0,0.0,0.0,0.0,0.0,1.4120370370370372,0.7129629629629629,0.0,2.25,8.625,0.0,0.7142857142857143,7,0,0,0,0,0,0,0,0,0,0,0,1,0,0,0,0,2.608600000000001,34.26899999999999,0,0,0,0,0,0,0,0,0,0,0,0,0,0,0,0,0,0,0,0,0,0,0,0,0,0,2,0,0,0,0,0,0,0,0,0,0,0,0,0,0,0,0,0,0,0,0,0,0,0,0,0,0,0,0,0,0,0,0,0,0,0,0,0,0,0,0,0,0,0,0,0,0,0,0,0,0,0,0,0,0,0,0,0,0
"2,4-Dimethyl-3-ethylpentane",CCC(C(C)C)C(C)C,1068-87-7,Biofuel,2.3136574074074074,0.8564814814814813,2.3136574074074074,0.8564814814814813,0.5466510747758826,128.259,108.09899999999998,128.15650064,56,0,-0.03705561723666462,-0.0650984867841198,0.0650984867841198,0.03705561723666462,0.8888888888888888,1.2222222222222223,1.2222222222222223,14.19064708452477,9.836943741526964,2.133309827780084,-2.220437868922797,2.224161305672772,-2.1333877576255404,4.633791599366752,0.27913599293647756,3.677615681908372,54.43856189774725,7.439157588755425,7.439157588755425,7.439157588755425,4.09142281507558,4.091422815075581,4.091422815075581,3.5601367726973554,3.5601367726973554,2.1840139212925966,2.1840139212925966,1.7126094005015648,1.7126094005015648,0.0,64.0524865010122,9.0,3.92,2.88,59.65878794300239,0.0,0.0,0.0,0.0,0.0,0.0,0.0,0.0,0.0,0.0,41.03950762137913,17.75371813848418,0.0,0.0,0.0,0.0,0.0,0.0,17.75371813848418,41.03950762137913,0.0,0.0,0.0,0.0,0.0,0.0,0.0,0.0,0.0,0.0,17.75371813848418,41.03950762137913,0.0,0.0,0.0,0.0,0.0,0.0,0.0,0.0,0.0,0.0,17.75371813848418,6.4208216229260096,0.0,0.0,34.61868599845312,0.0,0.0,0.0,0.0,0.0,0.0,2.6342592592592586,0.0,1.3287037037037037,11.537037037037038,0.0,1.0,9,0,0,0,0,0,0,0,0,0,0,0,3,0,0,0,0,3.324600000000002,43.45700000000001,0,0,0,0,0,0,0,0,0,0,0,0,0,0,0,0,0,0,0,0,0,0,0,0,0,0,0,0,0,0,0,0,0,0,0,0,0,0,0,0,0,0,0,0,0,0,0,0,0,0,0,0,0,0,0,0,0,0,0,0,0,0,0,0,0,0,0,0,0,0,0,0,0,0,0,0,0,0,0,0,0,0,0,0,0
"2,4-Dimethylhexane",CCC(C)CC(C)C,589-43-5,Biofuel,2.3194444444444446,0.8795833333333332,2.3194444444444446,0.8795833333333332,0.5286347163806406,114.23199999999999,96.08799999999998,114.14085057599999,50,0,-0.044299163340655104,-0.06512812868065244,0.06512812868065244,0.044299163340655104,1.125,1.625,1.75,14.057006579439944,9.970100170152799,1.9956958130565254,-2.091231208575878,2.1235378628056556,-1.966435058209292,4.516297204214419,0.42864165923825887,3.0988280941131414,46.0,6.568914100752346,6.568914100752346,6.568914100752346,3.663902460147014,3.663902460147014,3.663902460147014,3.1429691164992697,3.1429691164992697,1.5706968729118902,1.5706968729118902,0.9714045207910318,0.9714045207910318,0.0,42.84459140699416,8.0,3.9375,4.166666666666667,53.29384582860579,0.0,0.0,0.0,0.0,0.0,0.0,0.0,0.0,0.0,0.0,34.11577042168851,18.256633715248796,0.0,0.0,0.0,0.0,0.0,0.0,11.835812092322787,40.53659204461451,0.0,0.0,0.0,0.0,0.0,0.0,0.0,0.0,0.0,0.0,11.835812092322787,40.53659204461451,0.0,0.0,0.0,0.0,0.0,0.0,0.0,0.0,0.0,0.0,11.835812092322787,12.841643245852019,0.0,0.0,27.694948798762496,0.0,0.0,0.0,0.0,0.0,0.0,1.805509259259259,0.0,2.7169444444444446,9.144212962962964,0.0,1.0,8,0,0,0,0,0,0,0,0,0,0,0,3,0,0,0,0,3.0786000000000016,38.91,0,0,0,0,0,0,0,0,0,0,0,0,0,0,0,0,0,0,0,0,0,0,0,0,0,0,0,0,0,0,0,0,0,0,0,0,0,0,0,0,0,0,0,0,0,0,0,0,0,0,0,0,0,0,0,0,0,0,0,0,0,0,0,0,0,0,0,0,0,0,0,0,0,0,0,0,0,0,0,0,0,0,0,0,0
"2,4-Dimethylpentane",CC(C)CC(C)C,108-08-7,Biofuel,2.263888888888889,0.8749999999999998,2.263888888888889,0.8749999999999998,0.5001817914751358,100.20499999999998,84.07699999999998,100.12520051199999,44,0,-0.04688931685947847,-0.06276378738606951,0.06276378738606951,0.04688931685947847,0.8571428571428571,1.1428571428571428,1.1428571428571428,14.014251950198746,10.01224954721075,1.951961100676995,-2.0500598497960745,2.0766437290779174,-1.9280421509203858,4.4715799171733694,0.46892161946431205,2.9532231745612925,29.302968908806456,5.8618073195657985,5.8618073195657985,5.8618073195657985,3.125897657686229,3.125897657686229,3.125897657686229,3.0233959606302196,3.0233959606302196,0.9428090415820635,0.9428090415820635,0.9428090415820635,0.9428090415820635,0.0,19.093583929800843,7.0,3.061224489795918,6.0,46.92890371420919,0.0,0.0,0.0,0.0,0.0,0.0,0.0,0.0,0.0,0.0,27.694948798762496,18.256633715248796,0.0,0.0,0.0,0.0,0.0,0.0,11.835812092322787,34.11577042168851,0.0,0.0,0.0,0.0,0.0,0.0,0.0,0.0,0.0,0.0,11.835812092322787,34.11577042168851,0.0,0.0,0.0,0.0,0.0,0.0,0.0,0.0,0.0,0.0,11.835812092322787,6.4208216229260096,0.0,0.0,27.694948798762496,0.0,0.0,0.0,0.0,0.0,0.0,1.7499999999999996,0.0,1.3611111111111112,9.055555555555555,0.0,1.0,7,0,0,0,0,0,0,0,0,0,0,0,2,0,0,0,0,2.6885000000000012,34.292999999999985,0,0,0,0,0,0,0,0,0,0,0,0,0,0,0,0,0,0,0,0,0,0,0,0,0,0,0,0,0,0,0,0,0,0,0,0,0,0,0,0,0,0,0,0,0,0,0,0,0,0,0,0,0,0,0,0,0,0,0,0,0,0,0,0,0,0,0,0,0,0,0,0,0,0,0,0,0,0,0,0,0,0,0,0,0
"2,4,4-Trimethyl-1-Pentene",CC(=C)CC(C)(C)C,107-39-1,Biofuel,3.8404861111111113,0.4224537037037037,3.8404861111111113,0.4224537037037037,0.4573184409568143,112.216,96.08799999999998,112.12520051199999,48,0,-0.027675510473789956,-0.1001206609624155,0.1001206609624155,0.027675510473789956,1.375,1.75,1.75,14.13566163609685,9.891238818039877,2.079348179791786,-2.165335093838745,2.214980645496572,-2.0344935191196876,4.914785034503669,0.41007468666976465,3.5512529243669313,82.70165766734145,6.784457050376173,6.414213562373095,6.414213562373095,3.4165022194363885,3.060660171779821,3.060660171779821,3.6945436482630054,3.6945436482630054,0.8321067811865475,0.8321067811865475,0.9053300858899106,0.9053300858899106,-0.26,23.005390496014627,7.739999999999999,2.340807862747661,5.740000000000001,52.60424279642154,0.0,0.0,0.0,0.0,0.0,0.0,0.0,0.0,0.0,6.578935683598497,26.344316129141138,18.759549292013414,0.0,0.0,0.0,0.0,0.0,0.0,5.41499046939678,34.11577042168851,0.0,12.152040213667764,0.0,0.0,0.0,0.0,0.0,0.0,0.0,0.0,5.41499046939678,34.11577042168851,12.152040213667764,0.0,0.0,0.0,0.0,0.0,0.0,0.0,0.0,5.41499046939678,6.4208216229260096,5.573104530069267,0.0,0.0,34.273884482361,0.0,0.0,0.0,0.0,0.0,1.697916666666667,0.0,0.0,1.1319444444444444,12.586805555555554,0.0,0.75,8,0,0,0,0,0,0,0,0,0,0,0,1,0,0,0,0,2.9987000000000013,38.886,0,0,0,0,0,0,0,0,0,0,0,0,0,0,0,0,0,0,0,0,0,0,0,0,0,0,1,0,0,0,0,0,0,0,0,0,0,0,0,0,0,0,0,0,0,0,0,0,0,0,0,0,0,0,0,0,0,0,0,0,0,0,0,0,0,0,0,0,0,0,0,0,0,0,0,0,0,0,0,0,0,0,0,0,0
"2,4,4-Trimethyl-2-Pentene",CC(=CC(C)(C)C)C,107-40-4,Biofuel,2.2708333333333335,0.3599537037037037,2.2708333333333335,0.3599537037037037,0.42247462416704745,112.216,96.08799999999998,112.12520051199999,48,0,-0.020070233274124875,-0.08048751359867155,0.08048751359867155,0.020070233274124875,1.125,1.5,1.5,14.083283956889318,9.943607956766085,2.026535701780123,-2.1136922851664677,2.15948614025437,-1.9853882794997764,4.995209369554451,0.539732000493911,3.8860071219625416,87.09616281328599,6.784457050376173,6.577350269189626,6.577350269189626,3.416502219436388,3.0773502691896257,3.0773502691896257,3.587713240271471,3.587713240271471,0.7216878364870323,0.7216878364870323,0.8660254037844387,0.8660254037844387,-0.26,23.005390496014627,7.739999999999999,2.340807862747661,5.740000000000001,52.60424279642154,0.0,0.0,0.0,0.0,0.0,0.0,0.0,0.0,0.0,0.0,32.42033623597502,19.26246486877803,0.0,0.0,0.0,0.0,0.0,0.0,5.41499046939678,34.61868599845312,0.0,11.64912463690315,0.0,0.0,0.0,0.0,0.0,0.0,0.0,0.0,5.41499046939678,34.61868599845312,11.64912463690315,0.0,0.0,0.0,0.0,0.0,0.0,0.0,0.0,5.41499046939678,0.0,5.573104530069267,0.0,0.0,40.694706105287,0.0,0.0,0.0,0.0,0.0,1.760416666666667,0.0,0.0,2.2708333333333335,10.885416666666668,0.0,0.75,8,0,0,0,0,0,0,0,0,0,0,0,0,0,0,0,0,2.9987000000000013,38.886,0,0,0,0,0,0,0,0,0,0,0,0,0,0,0,0,0,0,0,0,0,0,0,0,0,0,2,0,0,0,0,0,0,0,0,0,0,0,0,0,0,0,0,0,0,0,0,0,0,0,0,0,0,0,0,0,0,0,0,0,0,0,0,0,0,0,0,0,0,0,0,0,0,0,0,0,0,0,0,0,0,0,0,0,0
"2,5-Dimethyl-2-Hexene",CC(C)CC=C(C)C  ,3404-78-2,Biofuel,2.2824074074074074,0.8100925925925925,2.2824074074074074,0.8100925925925925,0.4816019169622866,112.21599999999998,96.08799999999998,112.12520051199999,48,0,-0.03250075062581785,-0.08563416888476763,0.08563416888476763,0.03250075062581785,1.375,1.875,2.0,13.925002357051891,10.101877958547169,1.8609903796931515,-1.9626388221545723,2.019321107524916,-1.812392149801798,4.924699811700342,0.660979338678348,3.2936948768373453,74.03910001730776,6.568914100752346,6.3618073195657985,6.3618073195657985,3.625897657686229,3.259872253901791,3.259872253901791,2.9110235249344254,2.9110235249344254,0.9975039414526528,0.9975039414526528,0.47140452079103173,0.47140452079103173,-0.26,40.339203954130696,7.739999999999999,3.7068222395822903,5.740000000000001,52.60424279642154,0.0,0.0,0.0,0.0,0.0,0.0,0.0,0.0,0.0,0.0,25.496599036284394,26.18620206846865,0.0,0.0,0.0,0.0,0.0,0.0,5.917906046161393,34.11577042168851,0.0,11.64912463690315,0.0,0.0,0.0,0.0,0.0,0.0,0.0,0.0,5.917906046161393,34.11577042168851,11.64912463690315,0.0,0.0,0.0,0.0,0.0,0.0,0.0,0.0,0.0,5.917906046161393,11.993926152995277,0.0,0.0,33.770968905596376,0.0,0.0,0.0,0.0,0.0,1.429351851851852,0.8100925925925925,0.0,3.5069444444444446,8.75361111111111,0.0,0.75,8,0,0,0,0,0,0,0,0,0,0,0,2,0,0,0,0,2.9987000000000013,38.886,0,0,0,0,0,0,0,0,0,0,0,0,0,0,0,0,0,0,0,0,0,0,0,0,0,0,2,0,0,0,0,0,0,0,0,0,0,0,0,0,0,0,0,0,0,0,0,0,0,0,0,0,0,0,0,0,0,0,0,0,0,0,0,0,0,0,0,0,0,0,0,0,0,0,0,0,0,0,0,0,0,0,0,0,0
3-Ethyl-1-Pentene,CCC(CC)C=C,78-09-84,Biofuel,3.702685185185185,0.7499999999999999,3.702685185185185,0.7499999999999999,0.4758477167623552,98.189,84.07699999999998,98.109550448,42,0,-0.02414358568886968,-0.10280385538243872,0.10280385538243872,0.02414358568886968,1.4285714285714286,1.8571428571428572,1.8571428571428572,13.976170609353465,10.049650628354811,1.917974994099257,-2.0089757078278745,2.0569639946011957,-1.8732218135104834,4.750933360880095,0.6074757170385905,3.1646093088392386,42.0,5.698670612749268,5.276020881938894,5.276020881938894,3.3460652149512318,2.972291767098018,2.972291767098018,1.8122784967090866,1.8122784967090866,1.3820881233139908,1.3820881233139908,0.6220084679281461,0.6220084679281461,-0.26,34.3994618804395,6.74,3.914216027874565,2.436864111498258,46.23930068202493,0.0,0.0,0.0,0.0,0.0,0.0,0.0,0.0,0.0,6.578935683598497,19.92349450621513,18.75954929201341,0.0,0.0,0.0,0.0,0.0,0.0,5.917906046161393,26.689117645233267,0.0,12.654955790432378,0.0,0.0,0.0,0.0,0.0,0.0,0.0,0.0,5.917906046161393,26.689117645233267,12.654955790432378,0.0,0.0,0.0,0.0,0.0,0.0,0.0,0.0,0.0,5.917906046161393,12.841643245852019,0.0,6.076020106833881,20.426410082979746,0.0,0.0,0.0,0.0,0.0,0.0,0.7499999999999999,0.0,4.5,8.083333333333332,0.0,0.7142857142857143,7,0,0,0,0,0,0,0,0,0,0,0,3,0,0,0,0,2.608600000000001,34.26899999999999,0,0,0,0,0,0,0,0,0,0,0,0,0,0,0,0,0,0,0,0,0,0,0,0,0,0,1,0,0,0,0,0,0,0,0,0,0,0,0,0,0,0,0,0,0,0,0,0,0,0,0,0,0,0,0,0,0,0,0,0,0,0,0,0,0,0,0,0,0,0,0,0,0,0,0,0,0,0,0,0,0,0,0,0,0
3-Ethyl-2-Methyl-1-Pentene,CCC(CC)C(=C)C,19780-66-6,Biofuel,3.89712962962963,0.7592592592592591,3.89712962962963,0.7592592592592591,0.49221715064516386,112.216,96.08799999999998,112.12520051199999,48,0,-0.02139306931293073,-0.09986116681361837,0.09986116681361837,0.02139306931293073,1.375,1.75,1.75,14.060531290165823,9.966098512541988,2.002409485127206,-2.092483828160457,2.1468254967593574,-1.9514040089262807,4.938789998618435,0.5737554093649058,3.5208600674451374,68.10749561002055,6.568914100752346,6.198670612749268,6.198670612749268,3.718744015013406,3.372938668488908,3.372938668488908,2.35977267640642,2.35977267640642,1.6825219847121646,1.6825219847121646,0.9855985596534886,0.9855985596534886,-0.26,47.19725257297226,7.739999999999999,3.7068222395822903,2.1527155819962744,52.60424279642154,0.0,0.0,0.0,0.0,0.0,0.0,0.0,0.0,0.0,0.0,25.999514613049012,25.683286491704035,0.0,0.0,0.0,0.0,0.0,0.0,5.917906046161393,33.61285484492389,0.0,12.152040213667764,0.0,0.0,0.0,0.0,0.0,0.0,0.0,0.0,5.917906046161393,33.61285484492389,12.152040213667764,0.0,0.0,0.0,0.0,0.0,0.0,0.0,0.0,0.0,5.917906046161393,18.414747775921285,0.0,0.0,27.35014728267037,0.0,0.0,0.0,0.0,0.0,1.328703703703704,0.7592592592592591,0.0,2.4837962962962963,10.42824074074074,0.0,0.75,8,0,0,0,0,0,0,0,0,0,0,0,3,0,0,0,0,2.9987000000000013,38.886,0,0,0,0,0,0,0,0,0,0,0,0,0,0,0,0,0,0,0,0,0,0,0,0,0,0,1,0,0,0,0,0,0,0,0,0,0,0,0,0,0,0,0,0,0,0,0,0,0,0,0,0,0,0,0,0,0,0,0,0,0,0,0,0,0,0,0,0,0,0,0,0,0,0,0,0,0,0,0,0,0,0,0,0,0
3-Ethyl-2-Methyl-2-Pentene,CCC(=C(C)C)CC,19780-67-7,Biofuel,2.2141203703703702,1.2210648148148149,2.2141203703703702,1.2210648148148149,0.48127599565088175,112.21599999999998,96.08799999999998,112.12520051199999,48,0,-0.03465150272343616,-0.07725149068105978,0.07725149068105978,0.03465150272343616,1.0,1.375,1.375,13.959306975452638,10.0677034597379,1.8907011380190597,-2.0012038178573714,2.097990348162926,-1.7936350015418259,5.0745337003612745,0.9450329276985847,3.86360586284037,78.2114326716684,6.568914100752346,6.414213562373096,6.414213562373096,3.7187440150134057,3.3713203435596424,3.3713203435596424,2.310660171779821,2.310660171779821,1.5606601717798214,1.5606601717798214,0.9571067811865475,0.9571067811865475,-0.26,47.19725257297226,7.739999999999999,3.7068222395822903,2.1527155819962744,52.60424279642154,0.0,0.0,0.0,0.0,0.0,0.0,0.0,0.0,0.0,0.0,24.993683459519783,26.689117645233267,0.0,0.0,0.0,0.0,0.0,0.0,0.0,40.53659204461451,0.0,11.146209060138535,0.0,0.0,0.0,0.0,0.0,0.0,0.0,0.0,0.0,40.53659204461451,11.146209060138535,0.0,0.0,0.0,0.0,0.0,0.0,0.0,0.0,0.0,0.0,18.414747775921285,5.573104530069267,0.0,27.694948798762496,0.0,0.0,0.0,0.0,0.0,3.0972222222222223,0.0,0.0,2.4421296296296298,8.793981481481481,0.0,0.75,8,0,0,0,0,0,0,0,0,0,0,0,2,0,0,0,0,3.142800000000002,38.956,0,0,0,0,0,0,0,0,0,0,0,0,0,0,0,0,0,0,0,0,0,0,0,0,0,0,2,0,0,0,0,0,0,0,0,0,0,0,0,0,0,0,0,0,0,0,0,0,0,0,0,0,0,0,0,0,0,0,0,0,0,0,0,0,0,0,0,0,0,0,0,0,0,0,0,0,0,0,0,0,0,0,0,0,0
3-Ethyl-2-Pentene,CCC(=CC)CC  ,816-79-5,Biofuel,2.1944444444444446,1.2152777777777777,2.1944444444444446,1.2152777777777777,0.4657299227272448,98.189,84.07699999999998,98.109550448,42,0,-0.03491049003689685,-0.08847643445612759,0.08847643445612759,0.03491049003689685,1.2857142857142858,1.7142857142857142,1.7142857142857142,13.884879643525311,10.141153980600084,1.8160932105506415,-1.928032193334902,2.0230195341299853,-1.7207343459090978,4.966833801446658,0.9723648160503315,3.383202720889404,54.43856189774725,5.698670612749268,5.49156383156272,5.49156383156272,3.3460652149512318,2.9873457473440808,2.9873457473440808,1.6540302062452235,1.6540302062452235,1.316496580927726,1.316496580927726,0.6582482904638629,0.6582482904638629,-0.26,34.3994618804395,6.74,3.914216027874565,2.436864111498258,46.23930068202494,0.0,0.0,0.0,0.0,0.0,0.0,0.0,0.0,0.0,0.0,25.496599036284397,19.765380445542643,0.0,0.0,0.0,0.0,0.0,0.0,0.0,33.61285484492389,0.0,11.64912463690315,0.0,0.0,0.0,0.0,0.0,0.0,0.0,0.0,0.0,33.61285484492389,11.64912463690315,0.0,0.0,0.0,0.0,0.0,0.0,0.0,0.0,0.0,0.0,12.841643245852019,5.573104530069267,0.0,26.847231705905752,0.0,0.0,0.0,0.0,0.0,1.5555555555555558,0.0,0.0,4.625,6.486111111111112,0.0,0.7142857142857143,7,0,0,0,0,0,0,0,0,0,0,0,2,0,0,0,0,2.752700000000001,34.33899999999999,0,0,0,0,0,0,0,0,0,0,0,0,0,0,0,0,0,0,0,0,0,0,0,0,0,0,2,0,0,0,0,0,0,0,0,0,0,0,0,0,0,0,0,0,0,0,0,0,0,0,0,0,0,0,0,0,0,0,0,0,0,0,0,0,0,0,0,0,0,0,0,0,0,0,0,0,0,0,0,0,0,0,0,0,0
3-Ethylhexane,CCCC(CC)CC,619-99-8,Biofuel,2.281574074074074,0.9999999999999998,2.281574074074074,0.9999999999999998,0.5261016802172799,114.232,96.08799999999998,114.14085057599999,50,0,-0.04196320542519574,-0.0653722545047953,0.0653722545047953,0.04196320542519574,1.0,1.5,1.625,14.04319907840953,9.98351254584087,1.9820493184461558,-2.0776676182946674,2.1278920405383945,-1.935668349113429,4.51122650397729,0.4505881024986818,3.0743734120651833,35.302968908806456,6.405777393935816,6.405777393935816,6.405777393935816,3.8460652149512318,3.8460652149512318,3.8460652149512318,2.4711971193069777,2.4711971193069777,1.8516239634379272,1.8516239634379272,1.105171715522539,1.105171715522539,0.0,58.51622162380951,8.0,5.142857142857143,3.061224489795918,53.293845828605804,0.0,0.0,0.0,0.0,0.0,0.0,0.0,0.0,0.0,0.0,46.454498090775914,5.917906046161393,0.0,0.0,0.0,0.0,0.0,0.0,5.917906046161393,46.454498090775914,0.0,0.0,0.0,0.0,0.0,0.0,0.0,0.0,0.0,0.0,5.917906046161393,46.454498090775914,0.0,0.0,0.0,0.0,0.0,0.0,0.0,0.0,0.0,0.0,5.917906046161393,25.683286491704038,0.0,0.0,20.771211599071872,0.0,0.0,0.0,0.0,0.0,0.0,0.9999999999999998,0.0,5.507962962962963,6.82537037037037,0.0,1.0,8,0,0,0,0,0,0,0,0,0,0,0,4,0,0,0,0,3.2227000000000023,38.98,0,0,0,0,0,0,0,0,0,0,0,0,0,0,0,0,0,0,0,0,0,0,0,0,0,0,0,0,0,0,0,0,0,0,0,0,0,0,0,0,0,0,0,0,0,0,0,0,0,0,0,0,0,0,0,0,0,0,0,0,0,0,0,0,0,0,0,0,0,0,0,0,0,0,0,0,0,0,0,0,0,0,0,0,0
3-Ethylpentane,CCC(CC)CC,617-78-7,Biofuel,2.261574074074074,0.9861111111111109,2.261574074074074,0.9861111111111109,0.5112703489666591,100.205,84.07699999999998,100.12520051199999,44,0,-0.04221543387253523,-0.06511852812199308,0.06511852812199308,0.04221543387253523,0.8571428571428571,1.1428571428571428,1.1428571428571428,14.014002995502254,10.012000000000002,1.9523752809357462,-2.049663409242256,2.094855983815344,-1.9106590894867614,4.480204764679129,0.4773457108034254,2.9923028831940863,21.509775004326936,5.698670612749268,5.698670612749268,5.698670612749268,3.3460652149512318,3.3460652149512318,3.3460652149512318,2.0907702751760278,2.0907702751760278,1.7320508075688772,1.7320508075688772,0.8660254037844386,0.8660254037844386,0.0,34.3994618804395,7.0,4.166666666666667,2.6666666666666665,46.92890371420919,0.0,0.0,0.0,0.0,0.0,0.0,0.0,0.0,0.0,0.0,40.0336764678499,5.917906046161393,0.0,0.0,0.0,0.0,0.0,0.0,5.917906046161393,40.0336764678499,0.0,0.0,0.0,0.0,0.0,0.0,0.0,0.0,0.0,0.0,5.917906046161393,40.0336764678499,0.0,0.0,0.0,0.0,0.0,0.0,0.0,0.0,0.0,0.0,5.917906046161393,19.26246486877803,0.0,0.0,20.771211599071872,0.0,0.0,0.0,0.0,0.0,0.0,0.9861111111111109,0.0,4.0625,6.784722222222221,0.0,1.0,7,0,0,0,0,0,0,0,0,0,0,0,3,0,0,0,0,2.832600000000001,34.362999999999985,0,0,0,0,0,0,0,0,0,0,0,0,0,0,0,0,0,0,0,0,0,0,0,0,0,0,0,0,0,0,0,0,0,0,0,0,0,0,0,0,0,0,0,0,0,0,0,0,0,0,0,0,0,0,0,0,0,0,0,0,0,0,0,0,0,0,0,0,0,0,0,0,0,0,0,0,0,0,0,0,0,0,0,0,0
3-Heptene,CCCC=CCC,592-78-9,Biofuel,2.236111111111111,1.1805555555555556,2.236111111111111,1.1805555555555556,0.47599531368341325,98.189,84.07699999999998,98.109550448,42,0,-0.0353362937807098,-0.08881367322201045,0.08881367322201045,0.0353362937807098,1.1428571428571428,1.8571428571428572,2.2857142857142856,13.746644262813419,10.279789324148627,1.6762293153509653,-1.7912376054383017,1.8834382074152776,-1.5834708469800216,4.783063410596357,0.9515982846829258,2.7771492902446897,44.0,5.535533905932738,5.276020881938894,5.276020881938894,3.414213562373095,3.0640434766341547,3.0640434766341547,1.6683279458497076,1.6683279458497076,0.8577107283236621,0.8577107283236621,0.4511844635310912,0.4511844635310912,-0.26,35.509609925153406,6.74,5.740000000000001,5.739999999999999,46.23930068202494,0.0,0.0,0.0,0.0,0.0,0.0,0.0,0.0,0.0,0.0,32.420336235975014,12.841643245852019,0.0,0.0,0.0,0.0,0.0,0.0,0.0,33.10993926815928,0.0,12.152040213667762,0.0,0.0,0.0,0.0,0.0,0.0,0.0,0.0,0.0,33.10993926815928,12.152040213667762,0.0,0.0,0.0,0.0,0.0,0.0,0.0,0.0,0.0,0.0,19.26246486877803,0.0,0.0,25.99951461304901,0.0,0.0,0.0,0.0,0.0,0.0,0.0,0.0,8.146666666666667,4.3533333333333335,0.0,0.7142857142857143,7,0,0,0,0,0,0,0,0,0,0,0,3,0,0,0,0,2.752700000000001,34.33899999999999,0,0,0,0,0,0,0,0,0,0,0,0,0,0,0,0,0,0,0,0,0,0,0,0,0,0,2,0,0,0,0,0,0,0,0,0,0,0,0,0,0,0,0,0,0,0,0,0,0,0,0,0,0,0,0,0,0,0,0,0,0,0,0,0,0,0,0,0,0,0,0,0,0,0,0,0,0,0,0,0,0,0,0,0,0
3-Hexene,CCC=CCC,592-47-2 ,Biofuel,2.1805555555555554,1.1744444444444444,2.1805555555555554,1.1744444444444444,0.4504228125641928,84.162,72.06599999999999,84.093900384,36,0,-0.03793270846774509,-0.08882374820554795,0.08882374820554795,0.03793270846774509,1.0,1.3333333333333333,1.5,13.670617319923917,10.355091210255356,1.595641149579175,-1.7204707425558943,1.8086614591798227,-1.5068972274456387,4.770351556720963,1.1558199896703212,2.7343859935615478,29.302968908806456,4.82842712474619,4.568914100752346,4.568914100752346,2.914213562373095,2.5640434766341547,2.5640434766341547,1.2879011017187578,1.2879011017187578,0.6380711874576984,0.6380711874576984,0.3333333333333333,0.3333333333333333,-0.26,20.986300857070454,5.740000000000001,4.74,3.7400000000000007,39.874358567628335,0.0,0.0,0.0,0.0,0.0,0.0,0.0,0.0,0.0,0.0,25.99951461304901,12.841643245852019,0.0,0.0,0.0,0.0,0.0,0.0,0.0,26.689117645233267,0.0,12.152040213667762,0.0,0.0,0.0,0.0,0.0,0.0,0.0,0.0,0.0,26.689117645233267,12.152040213667762,0.0,0.0,0.0,0.0,0.0,0.0,0.0,0.0,0.0,0.0,12.841643245852019,0.0,0.0,25.99951461304901,0.0,0.0,0.0,0.0,0.0,0.0,0.0,0.0,6.709999999999999,4.29,0.0,0.6666666666666666,6,0,0,0,0,0,0,0,0,0,0,0,2,0,0,0,0,2.3626000000000005,29.721999999999984,0,0,0,0,0,0,0,0,0,0,0,0,0,0,0,0,0,0,0,0,0,0,0,0,0,0,2,0,0,0,0,0,0,0,0,0,0,0,0,0,0,0,0,0,0,0,0,0,0,0,0,0,0,0,0,0,0,0,0,0,0,0,0,0,0,0,0,0,0,0,0,0,0,0,0,0,0,0,0,0,0,0,0,0,0
3-Methyl-1-Butene,CC(C)C=C  ,563-45-1,Biofuel,3.560185185185185,0.648148148148148,3.560185185185185,0.648148148148148,0.4127372857870009,70.135,60.05499999999999,70.07825032,30,0,-0.029309967766280236,-0.10282410978035038,0.10282410978035038,0.029309967766280236,1.6,1.8,1.8,13.797489416771766,10.226983633235895,1.733921099177835,-1.8371911633167866,1.867761171083841,-1.7065348333591799,4.688146151941532,0.8345760740042605,2.825749368745867,27.019550008653876,4.284457050376173,3.861807319565799,3.861807319565799,2.270055610029662,1.896282162176448,1.896282162176448,1.4797191962518086,1.4797191962518086,0.4714045207910318,0.4714045207910318,0.0,0.0,-0.26,9.65148445440323,4.74,2.0073796791443854,3.740000000000001,33.50941645323172,0.0,0.0,0.0,0.0,0.0,0.0,0.0,0.0,0.0,6.578935683598497,19.92349450621513,5.917906046161393,0.0,0.0,0.0,0.0,0.0,0.0,5.917906046161393,13.847474399381248,0.0,12.654955790432378,0.0,0.0,0.0,0.0,0.0,0.0,0.0,0.0,5.917906046161393,13.847474399381248,12.654955790432378,0.0,0.0,0.0,0.0,0.0,0.0,0.0,0.0,5.917906046161393,0.0,0.0,0.0,6.076020106833881,20.426410082979746,0.0,0.0,0.0,0.0,0.0,0.0,0.648148148148148,0.0,1.9166666666666667,7.768518518518518,0.0,0.6,5,0,0,0,0,0,0,0,0,0,0,0,1,0,0,0,0,1.8284,25.03499999999999,0,0,0,0,0,0,0,0,0,0,0,0,0,0,0,0,0,0,0,0,0,0,0,0,0,0,1,0,0,0,0,0,0,0,0,0,0,0,0,0,0,0,0,0,0,0,0,0,0,0,0,0,0,0,0,0,0,0,0,0,0,0,0,0,0,0,0,0,0,0,0,0,0,0,0,0,0,0,0,0,0,0,0,0,0
3-Methyl-1-Hexene,CCCC(C)C=C,3404-61-3,Biofuel,3.679212962962963,0.7129629629629628,3.679212962962963,0.7129629629629628,0.4758477167623552,98.189,84.07699999999998,98.109550448,42,0,-0.026474074727174154,-0.10281381554265222,0.10281381554265222,0.026474074727174154,1.7142857142857142,2.2857142857142856,2.4285714285714284,13.945765914063765,10.080176172141078,1.8860650326172883,-1.9799246121681766,2.0306874356968954,-1.839574599670494,4.730776390690394,0.6352925828327826,2.9843602328703267,46.0,5.698670612749268,5.276020881938894,5.276020881938894,3.308060412490447,2.934286964637233,2.934286964637233,2.001661279183041,2.001661279183041,1.1463858629184749,1.1463858629184749,0.5731929314592374,0.5731929314592374,-0.26,31.916635235956914,6.74,3.914216027874565,3.573538072602325,46.23930068202493,0.0,0.0,0.0,0.0,0.0,0.0,0.0,0.0,0.0,6.578935683598497,26.344316129141138,12.338727669087403,0.0,0.0,0.0,0.0,0.0,0.0,5.917906046161393,26.689117645233267,0.0,12.654955790432378,0.0,0.0,0.0,0.0,0.0,0.0,0.0,0.0,5.917906046161393,26.689117645233267,12.654955790432378,0.0,0.0,0.0,0.0,0.0,0.0,0.0,0.0,5.917906046161393,0.0,12.841643245852019,0.0,6.076020106833881,20.426410082979746,0.0,0.0,0.0,0.0,0.0,0.0,0.7129629629629628,0.0,4.555740740740741,8.06462962962963,0.0,0.7142857142857143,7,0,0,0,0,0,0,0,0,0,0,0,3,0,0,0,0,2.608600000000001,34.26899999999999,0,0,0,0,0,0,0,0,0,0,0,0,0,0,0,0,0,0,0,0,0,0,0,0,0,0,1,0,0,0,0,0,0,0,0,0,0,0,0,0,0,0,0,0,0,0,0,0,0,0,0,0,0,0,0,0,0,0,0,0,0,0,0,0,0,0,0,0,0,0,0,0,0,0,0,0,0,0,0,0,0,0,0,0,0
3-Methyl-1-Pentene,CCC(C)C=C,760-20-3,Biofuel,3.631435185185185,0.699074074074074,3.631435185185185,0.699074074074074,0.4498862522575735,84.16199999999999,72.06599999999999,84.093900384,36,0,-0.026726308907044652,-0.10281398766077177,0.10281398766077177,0.026726308907044652,1.8333333333333333,2.3333333333333335,2.3333333333333335,13.898664691653444,10.126465714626491,1.8381988540107137,-1.934487317770303,1.9759995975688183,-1.800059585001451,4.7198974676491305,0.6999325619138885,2.964900494759057,37.30296890880646,4.99156383156272,4.568914100752346,4.568914100752346,2.808060412490447,2.434286964637233,2.434286964637233,1.6212344350520913,1.6212344350520913,1.0463194779215614,1.0463194779215614,0.16666666666666666,0.16666666666666666,-0.26,19.800269059780252,5.740000000000001,2.950970464135022,2.0073796791443854,39.874358567628335,0.0,0.0,0.0,0.0,0.0,0.0,0.0,0.0,0.0,6.578935683598497,26.344316129141138,5.917906046161393,0.0,0.0,0.0,0.0,0.0,0.0,5.917906046161393,20.268296022307258,0.0,12.654955790432378,0.0,0.0,0.0,0.0,0.0,0.0,0.0,0.0,5.917906046161393,20.268296022307258,12.654955790432378,0.0,0.0,0.0,0.0,0.0,0.0,0.0,0.0,5.917906046161393,0.0,6.4208216229260096,0.0,6.076020106833881,20.426410082979746,0.0,0.0,0.0,0.0,0.0,0.0,0.699074074074074,0.0,3.1840277777777777,7.950231481481482,0.0,0.6666666666666666,6,0,0,0,0,0,0,0,0,0,0,0,2,0,0,0,0,2.2184999999999997,29.651999999999983,0,0,0,0,0,0,0,0,0,0,0,0,0,0,0,0,0,0,0,0,0,0,0,0,0,0,1,0,0,0,0,0,0,0,0,0,0,0,0,0,0,0,0,0,0,0,0,0,0,0,0,0,0,0,0,0,0,0,0,0,0,0,0,0,0,0,0,0,0,0,0,0,0,0,0,0,0,0,0,0,0,0,0,0,0
3-Methyl-2-Pentene,CCC(=CC)C,922-61-2,Biofuel,2.162037037037037,1.1909722222222223,2.162037037037037,1.1909722222222223,0.4277114586929072,84.16199999999999,72.06599999999999,84.093900384,36,0,-0.035176970755015434,-0.08874490670870167,0.08874490670870167,0.035176970755015434,1.6666666666666667,2.1666666666666665,2.1666666666666665,13.798373706566638,10.226948676033897,1.7257638887591287,-1.8461067861902838,1.9370687724169988,-1.6343874583541667,4.926401208168818,1.0919597249898367,3.2188150560434132,51.058650025961626,4.99156383156272,4.784457050376173,4.784457050376173,2.808060412490447,2.42668557556426,2.42668557556426,1.4885811956081048,1.4885811956081048,1.0504768156519497,1.0504768156519497,0.2041241452319315,0.2041241452319315,-0.26,19.800269059780252,5.740000000000001,2.950970464135022,2.0073796791443854,39.874358567628335,0.0,0.0,0.0,0.0,0.0,0.0,0.0,0.0,0.0,0.0,18.572861836593773,20.268296022307258,0.0,0.0,0.0,0.0,0.0,0.0,0.0,27.19203322199788,0.0,11.64912463690315,0.0,0.0,0.0,0.0,0.0,0.0,0.0,0.0,0.0,27.19203322199788,11.64912463690315,0.0,0.0,0.0,0.0,0.0,0.0,0.0,0.0,0.0,0.0,11.993926152995277,0.0,0.0,26.847231705905752,0.0,0.0,0.0,0.0,0.0,1.4675925925925928,0.0,0.0,3.329861111111111,6.369212962962964,0.0,0.6666666666666666,6,0,0,0,0,0,0,0,0,0,0,0,1,0,0,0,0,2.3626000000000005,29.721999999999984,0,0,0,0,0,0,0,0,0,0,0,0,0,0,0,0,0,0,0,0,0,0,0,0,0,0,2,0,0,0,0,0,0,0,0,0,0,0,0,0,0,0,0,0,0,0,0,0,0,0,0,0,0,0,0,0,0,0,0,0,0,0,0,0,0,0,0,0,0,0,0,0,0,0,0,0,0,0,0,0,0,0,0,0,0
3-Methyl-3-ethylpentane,CCC(C)(CC)CC,1067-08-9,Biofuel,2.3541666666666665,0.625,2.3541666666666665,0.625,0.528150214884252,114.23199999999999,96.08799999999998,114.14085057599999,50,0,-0.03336907992245038,-0.06486338665853789,0.06486338665853789,0.03336907992245038,0.875,1.125,1.125,14.203269502762417,9.823353096634328,2.1467402316676143,-2.23323759801976,2.2783951763906876,-2.1046900843742753,4.666730508881474,0.28603365760718114,3.5832125652604643,42.793987519471216,6.621320343559643,6.621320343559642,6.621320343559642,3.6819805153394642,3.6819805153394634,3.6819805153394634,2.871320343559643,2.871320343559643,2.560660171779821,2.560660171779821,0.7499999999999998,0.7499999999999998,0.0,52.28341890015258,8.0,3.111111111111111,1.8518518518518519,53.293845828605804,0.0,0.0,0.0,0.0,0.0,0.0,0.0,0.0,0.0,0.0,46.95741366754052,5.41499046939678,0.0,0.0,0.0,0.0,0.0,0.0,5.41499046939678,46.95741366754052,0.0,0.0,0.0,0.0,0.0,0.0,0.0,0.0,0.0,0.0,5.41499046939678,46.95741366754052,0.0,0.0,0.0,0.0,0.0,0.0,0.0,0.0,0.0,5.41499046939678,0.0,19.26246486877803,0.0,0.0,27.694948798762496,0.0,0.0,0.0,0.0,0.0,0.625,0.0,0.0,3.958333333333333,9.166666666666668,0.0,1.0,8,0,0,0,0,0,0,0,0,0,0,0,3,0,0,0,0,3.2227000000000023,38.98,0,0,0,0,0,0,0,0,0,0,0,0,0,0,0,0,0,0,0,0,0,0,0,0,0,0,0,0,0,0,0,0,0,0,0,0,0,0,0,0,0,0,0,0,0,0,0,0,0,0,0,0,0,0,0,0,0,0,0,0,0,0,0,0,0,0,0,0,0,0,0,0,0,0,0,0,0,0,0,0,0,0,0,0,0
3-Methyl-3-Hexene,CCC=C(C)CC,3404-65-7,Biofuel,2.263888888888889,1.1802314814814814,2.263888888888889,1.1802314814814814,0.4657299227272448,98.189,84.07699999999998,98.109550448,42,0,-0.03516676861003716,-0.0858948092194275,0.0858948092194275,0.03516676861003716,1.4285714285714286,2.0,2.142857142857143,13.834463286112896,10.191804212647037,1.7624795166778917,-1.880562705797843,1.973037747137812,-1.669644148838907,4.9479788542693015,1.0572013487739338,3.285979158672653,60.438561897747256,5.698670612749268,5.49156383156272,5.49156383156272,3.308060412490447,2.9646903780250446,2.9646903780250446,1.8122784967090864,1.8122784967090864,1.1102633935864747,1.1102633935864747,0.4927992798267444,0.4927992798267444,-0.26,31.916635235956914,6.74,3.914216027874565,3.573538072602325,46.23930068202494,0.0,0.0,0.0,0.0,0.0,0.0,0.0,0.0,0.0,0.0,25.496599036284397,19.765380445542643,0.0,0.0,0.0,0.0,0.0,0.0,0.0,33.61285484492389,0.0,11.64912463690315,0.0,0.0,0.0,0.0,0.0,0.0,0.0,0.0,0.0,33.61285484492389,11.64912463690315,0.0,0.0,0.0,0.0,0.0,0.0,0.0,0.0,0.0,0.0,18.414747775921285,0.0,0.0,26.847231705905752,0.0,0.0,0.0,0.0,0.0,1.5023148148148149,0.0,0.0,4.6463425925925925,6.5180092592592604,0.0,0.7142857142857143,7,0,0,0,0,0,0,0,0,0,0,0,2,0,0,0,0,2.752700000000001,34.33899999999999,0,0,0,0,0,0,0,0,0,0,0,0,0,0,0,0,0,0,0,0,0,0,0,0,0,0,2,0,0,0,0,0,0,0,0,0,0,0,0,0,0,0,0,0,0,0,0,0,0,0,0,0,0,0,0,0,0,0,0,0,0,0,0,0,0,0,0,0,0,0,0,0,0,0,0,0,0,0,0,0,0,0,0,0,0
3-Methylheptane,CCCCC(C)CC,589-81-1,Biofuel,2.3290277777777777,0.9536574074074073,2.3290277777777777,0.9536574074074073,0.5261016802172799,114.23199999999999,96.08799999999998,114.14085057599999,50,0,-0.04454256380330297,-0.06538221101181116,0.06538221101181116,0.04454256380330297,1.25,1.875,2.25,14.003843156103585,10.022963834789905,1.941366213617395,-2.039531242082931,2.092832433345333,-1.893234051994336,4.4737949871050455,0.4916437093741237,2.862065598305084,39.30296890880645,6.405777393935816,6.405777393935816,6.405777393935816,3.808060412490447,3.808060412490447,3.808060412490447,2.655648531174488,2.655648531174488,1.7474002407106255,1.7474002407106255,0.7567100029932008,0.7567100029932008,0.0,56.62563225878344,8.0,5.142857142857143,4.166666666666667,53.293845828605804,0.0,0.0,0.0,0.0,0.0,0.0,0.0,0.0,0.0,0.0,46.454498090775914,5.917906046161393,0.0,0.0,0.0,0.0,0.0,0.0,5.917906046161393,46.454498090775914,0.0,0.0,0.0,0.0,0.0,0.0,0.0,0.0,0.0,0.0,5.917906046161393,46.454498090775914,0.0,0.0,0.0,0.0,0.0,0.0,0.0,0.0,0.0,0.0,5.917906046161393,25.683286491704038,0.0,0.0,20.771211599071872,0.0,0.0,0.0,0.0,0.0,0.0,0.9536574074074073,0.0,5.534074074074074,6.8456018518518515,0.0,1.0,8,0,0,0,0,0,0,0,0,0,0,0,4,0,0,0,0,3.2227000000000023,38.98,0,0,0,0,0,0,0,0,0,0,0,0,0,0,0,0,0,0,0,0,0,0,0,0,0,0,0,0,0,0,0,0,0,0,0,0,0,0,0,0,0,0,0,0,0,0,0,0,0,0,0,0,0,0,0,0,0,0,0,0,0,0,0,0,0,0,0,0,0,0,0,0,0,0,0,0,0,0,0,0,0,0,0,0,0
3-Methylhexane,CCCC(C)CC,589-34-4,Biofuel,2.3090277777777777,0.949074074074074,2.3090277777777777,0.949074074074074,0.5112703489666591,100.205,84.07699999999998,100.12520051199999,44,0,-0.044552450743140945,-0.06537242643141263,0.06537242643141263,0.044552450743140945,1.2857142857142858,1.8571428571428572,2.0,13.983693217313,10.042400277007214,1.9210343082010055,-2.0202837449723887,2.067663286451609,-1.8779395257262868,4.451311172753975,0.508967292553977,2.8318199660707846,31.019550008653873,5.698670612749268,5.698670612749268,5.698670612749268,3.308060412490447,3.308060412490447,3.308060412490447,2.3020951405812147,2.3020951405812147,1.478397839480233,1.478397839480233,0.6969234250586758,0.6969234250586758,0.0,31.916635235956914,7.0,4.166666666666667,3.84,46.92890371420919,0.0,0.0,0.0,0.0,0.0,0.0,0.0,0.0,0.0,0.0,40.0336764678499,5.917906046161393,0.0,0.0,0.0,0.0,0.0,0.0,5.917906046161393,40.0336764678499,0.0,0.0,0.0,0.0,0.0,0.0,0.0,0.0,0.0,0.0,5.917906046161393,40.0336764678499,0.0,0.0,0.0,0.0,0.0,0.0,0.0,0.0,0.0,0.0,5.917906046161393,19.26246486877803,0.0,0.0,20.771211599071872,0.0,0.0,0.0,0.0,0.0,0.0,0.949074074074074,0.0,4.082685185185185,6.8015740740740736,0.0,1.0,7,0,0,0,0,0,0,0,0,0,0,0,3,0,0,0,0,2.832600000000001,34.362999999999985,0,0,0,0,0,0,0,0,0,0,0,0,0,0,0,0,0,0,0,0,0,0,0,0,0,0,0,0,0,0,0,0,0,0,0,0,0,0,0,0,0,0,0,0,0,0,0,0,0,0,0,0,0,0,0,0,0,0,0,0,0,0,0,0,0,0,0,0,0,0,0,0,0,0,0,0,0,0,0,0,0,0,0,0,0
3-Methylpentane,CCC(C)CC,96-14-0,Biofuel,2.2777777777777777,0.9351851851851851,2.2777777777777777,0.9351851851851851,0.4838902980848686,86.178,72.06599999999999,86.109550448,38,0,-0.04480471003954574,-0.06512847364618164,0.06512847364618164,0.04480471003954574,1.1666666666666667,1.5,1.5,13.945215218109075,10.080095912679619,1.8819366832520852,-1.983213102526966,2.0233630284165125,-1.8454449878734882,4.410076596695986,0.5440639288486602,2.7541847860376616,19.219280948873624,4.99156383156272,4.99156383156272,4.99156383156272,2.808060412490447,2.808060412490447,2.808060412490447,1.9216682964502652,1.9216682964502652,1.3938468501173518,1.3938468501173518,0.28867513459481287,0.28867513459481287,0.0,19.800269059780252,6.0,3.2,2.25,40.563961599812586,0.0,0.0,0.0,0.0,0.0,0.0,0.0,0.0,0.0,0.0,33.61285484492389,5.917906046161393,0.0,0.0,0.0,0.0,0.0,0.0,5.917906046161393,33.61285484492389,0.0,0.0,0.0,0.0,0.0,0.0,0.0,0.0,0.0,0.0,5.917906046161393,33.61285484492389,0.0,0.0,0.0,0.0,0.0,0.0,0.0,0.0,0.0,0.0,5.917906046161393,12.841643245852019,0.0,0.0,20.771211599071872,0.0,0.0,0.0,0.0,0.0,0.0,0.9351851851851851,0.0,2.6597222222222223,6.738425925925926,0.0,1.0,6,0,0,0,0,0,0,0,0,0,0,0,2,0,0,0,0,2.442500000000001,29.74599999999998,0,0,0,0,0,0,0,0,0,0,0,0,0,0,0,0,0,0,0,0,0,0,0,0,0,0,0,0,0,0,0,0,0,0,0,0,0,0,0,0,0,0,0,0,0,0,0,0,0,0,0,0,0,0,0,0,0,0,0,0,0,0,0,0,0,0,0,0,0,0,0,0,0,0,0,0,0,0,0,0,0,0,0,0,0
trans-3-Octene,CCCCC=CCC,14919-01-8,Biofuel,2.267361111111111,1.1842403628117915,2.267361111111111,1.1842403628117915,0.38689857093662267,112.21599999999998,96.08799999999998,112.12520051199999,48,0,-0.03508370882088122,-0.08881350195100242,0.08881350195100242,0.03508370882088122,1.125,1.875,2.375,13.808652747413463,10.218303836087108,1.7414933493372968,-1.8493306242795386,1.944255105943965,-1.6461648632308603,4.787416677297089,0.8124650541980023,2.799731275638644,53.058650025961626,6.242640687119286,5.983127663125442,5.983127663125442,3.914213562373095,3.5640434766341547,3.5640434766341547,2.021881336442981,2.021881336442981,1.1267131295540542,1.1267131295540542,0.606493072294114,0.606493072294114,-0.26,61.499612265106904,7.739999999999999,6.74,5.740000000000001,52.60424279642154,0.0,0.0,0.0,0.0,0.0,0.0,0.0,0.0,0.0,0.0,38.84115785890103,12.841643245852019,0.0,0.0,0.0,0.0,0.0,0.0,0.0,39.53076089108528,0.0,12.152040213667762,0.0,0.0,0.0,0.0,0.0,0.0,0.0,0.0,0.0,39.53076089108528,12.152040213667762,0.0,0.0,0.0,0.0,0.0,0.0,0.0,0.0,0.0,0.0,25.683286491704038,0.0,0.0,25.99951461304901,0.0,0.0,0.0,0.0,0.0,0.0,0.0,0.0,9.608897392290249,4.391102607709751,0.0,0.75,8,0,0,0,0,0,0,0,0,0,0,0,4,0,0,0,0,3.142800000000002,38.956,0,0,0,0,0,0,0,0,0,0,0,0,0,0,0,0,0,0,0,0,0,0,0,0,0,0,2,0,0,0,0,0,0,0,0,0,0,0,0,0,0,0,0,0,0,0,0,0,0,0,0,0,0,0,0,0,0,0,0,0,0,0,0,0,0,0,0,0,0,0,0,0,0,0,0,0,0,0,0,0,0,0,0,1,0
"3,3-Dimethyl-1-Butene",CC(C)(C)C=C,558-37-2,Biofuel,3.6319444444444446,0.3055555555555556,3.6319444444444446,0.3055555555555556,0.3946527591486384,84.16199999999999,72.06599999999999,84.093900384,36,0,-0.020584523285978262,-0.10255392015845569,0.10255392015845569,0.020584523285978262,1.3333333333333333,1.5,1.5,14.047033166503844,9.97832957203593,1.991654250812,-2.0775193369927454,2.1141421972094787,-1.9576655082264887,4.818747321520205,0.5456202818938652,3.4459912135188393,45.548875021634686,5.207106781186548,4.784457050376174,4.784457050376174,2.5606601717798214,2.1969234250586758,2.1969234250586758,2.5701495490163704,2.5701495490163704,0.6123724356957945,0.6123724356957945,0.0,0.0,-0.26,12.16479703638053,5.740000000000001,1.4594921149257283,3.7400000000000007,39.874358567628335,0.0,0.0,0.0,0.0,0.0,0.0,0.0,0.0,0.0,6.578935683598497,26.847231705905752,5.41499046939678,0.0,0.0,0.0,0.0,0.0,0.0,5.41499046939678,20.771211599071872,0.0,12.654955790432378,0.0,0.0,0.0,0.0,0.0,0.0,0.0,0.0,5.41499046939678,20.771211599071872,12.654955790432378,0.0,0.0,0.0,0.0,0.0,0.0,0.0,0.0,5.41499046939678,0.0,0.0,0.0,6.076020106833881,27.35014728267037,0.0,0.0,0.0,0.0,0.0,0.3055555555555556,0.0,0.0,1.9375,10.006944444444445,0.0,0.6666666666666666,6,0,0,0,0,0,0,0,0,0,0,0,0,0,0,0,0,2.2184999999999997,29.651999999999983,0,0,0,0,0,0,0,0,0,0,0,0,0,0,0,0,0,0,0,0,0,0,0,0,0,0,1,0,0,0,0,0,0,0,0,0,0,0,0,0,0,0,0,0,0,0,0,0,0,0,0,0,0,0,0,0,0,0,0,0,0,0,0,0,0,0,0,0,0,0,0,0,0,0,0,0,0,0,0,0,0,0,0,0,0
"3,3-Dimethyl-1-Pentene",CCC(C)(C)C=C,3404-73-7,Biofuel,3.7031944444444447,0.3472222222222223,3.7031944444444447,0.3472222222222223,0.4655855089049589,98.18899999999998,84.07699999999998,98.109550448,42,0,-0.018013536438349496,-0.10254375277316717,0.10254375277316717,0.018013536438349496,1.5714285714285714,2.0,2.0,14.11596009237297,9.909935963456412,2.0626133449114517,-2.1438408554687416,2.1878675779570314,-2.0214258704280623,4.8507775463161265,0.4632289798194382,3.575471150366867,60.438561897747256,5.914213562373096,5.491563831562722,5.491563831562722,3.121320343559643,2.757583596838497,2.757583596838497,2.5462587314333103,2.5462587314333103,1.4638167841797487,1.4638167841797487,0.14433756729740643,0.14433756729740643,-0.26,26.838740541269832,6.74,2.1527155819962744,2.436864111498258,46.23930068202493,0.0,0.0,0.0,0.0,0.0,0.0,0.0,0.0,0.0,6.578935683598497,26.847231705905752,11.83581209232279,0.0,0.0,0.0,0.0,0.0,0.0,5.41499046939678,27.19203322199788,0.0,12.654955790432378,0.0,0.0,0.0,0.0,0.0,0.0,0.0,0.0,5.41499046939678,27.19203322199788,12.654955790432378,0.0,0.0,0.0,0.0,0.0,0.0,0.0,0.0,5.41499046939678,0.0,6.4208216229260096,0.0,6.076020106833881,27.35014728267037,0.0,0.0,0.0,0.0,0.0,0.3472222222222223,0.0,0.0,3.1701388888888893,10.23263888888889,0.0,0.7142857142857143,7,0,0,0,0,0,0,0,0,0,0,0,2,0,0,0,0,2.608600000000001,34.26899999999999,0,0,0,0,0,0,0,0,0,0,0,0,0,0,0,0,0,0,0,0,0,0,0,0,0,0,1,0,0,0,0,0,0,0,0,0,0,0,0,0,0,0,0,0,0,0,0,0,0,0,0,0,0,0,0,0,0,0,0,0,0,0,0,0,0,0,0,0,0,0,0,0,0,0,0,0,0,0,0,0,0,0,0,0,0
"3,3-Dimethylhexane",CCCC(C)(C)CC  ,563-16-6,Biofuel,2.329861111111111,0.5920138888888888,2.329861111111111,0.5920138888888888,0.528150214884252,114.23199999999999,96.08799999999998,114.14085057599999,50,0,-0.035693722224125785,-0.06536239888976586,0.06536239888976586,0.035693722224125785,1.125,1.625,1.75,14.171003408513329,9.855707040850202,2.1132835004296417,-2.202058973466975,2.246796911889747,-2.072130734943142,4.634732183251359,0.31853722530185236,3.373381552563661,53.05865002596163,6.621320343559643,6.621320343559642,6.621320343559642,3.6213203435596424,3.6213203435596424,3.6213203435596424,3.267766952966369,3.267766952966369,1.883883476483184,1.883883476483184,0.8535533905932736,0.8535533905932736,0.0,41.8157298068742,8.0,3.111111111111111,3.061224489795918,53.293845828605804,0.0,0.0,0.0,0.0,0.0,0.0,0.0,0.0,0.0,0.0,40.53659204461451,11.83581209232279,0.0,0.0,0.0,0.0,0.0,0.0,5.41499046939678,46.95741366754052,0.0,0.0,0.0,0.0,0.0,0.0,0.0,0.0,0.0,0.0,5.41499046939678,46.95741366754052,0.0,0.0,0.0,0.0,0.0,0.0,0.0,0.0,0.0,5.41499046939678,0.0,19.26246486877803,0.0,0.0,27.694948798762496,0.0,0.0,0.0,0.0,0.0,0.5920138888888888,0.0,0.0,3.99125,9.166736111111112,0.0,1.0,8,0,0,0,0,0,0,0,0,0,0,0,3,0,0,0,0,3.2227000000000023,38.98,0,0,0,0,0,0,0,0,0,0,0,0,0,0,0,0,0,0,0,0,0,0,0,0,0,0,0,0,0,0,0,0,0,0,0,0,0,0,0,0,0,0,0,0,0,0,0,0,0,0,0,0,0,0,0,0,0,0,0,0,0,0,0,0,0,0,0,0,0,0,0,0,0,0,0,0,0,0,0,0,0,0,0,0,0
"3,3,5-Trimethylheptane",CCC(C)CC(C)(C)CC,7154-80-5,Biofuel,2.3602777777777777,0.5649074074074074,2.3602777777777777,0.5649074074074074,0.5588720384570234,142.286,120.10999999999997,142.172150704,62,0,-0.0354308571014133,-0.06512795265159786,0.06512795265159786,0.0354308571014133,1.2,1.7,2.0,14.22404042564833,9.80425381354839,2.167131690545876,-2.252687077077824,2.291063920581897,-2.1315849622878855,4.683602506255371,0.2631036524525533,3.6418624522888208,82.03910001730776,8.198670612749268,8.198670612749268,8.198670612749268,4.515167193676995,4.515167193676994,4.515167193676994,4.235311104184703,4.235311104184703,2.555077776535831,2.555077776535831,1.2319981995668612,1.2319981995668612,0.0,110.45931250987601,10.0,4.0,3.92,66.02373005739902,0.0,0.0,0.0,0.0,0.0,0.0,0.0,0.0,0.0,0.0,47.46032924430514,17.75371813848418,0.0,0.0,0.0,0.0,0.0,0.0,11.332896515558172,53.88115086723114,0.0,0.0,0.0,0.0,0.0,0.0,0.0,0.0,0.0,0.0,11.332896515558172,53.88115086723114,0.0,0.0,0.0,0.0,0.0,0.0,0.0,0.0,0.0,5.41499046939678,5.917906046161393,19.26246486877803,0.0,0.0,34.61868599845312,0.0,0.0,0.0,0.0,0.0,0.5649074074074074,0.8981018518518517,0.0,4.000763888888889,11.619560185185186,0.0,1.0,10,0,0,0,0,0,0,0,0,0,0,0,4,0,0,0,0,3.858800000000003,48.14400000000003,0,0,0,0,0,0,0,0,0,0,0,0,0,0,0,0,0,0,0,0,0,0,0,0,0,0,0,0,0,0,0,0,0,0,0,0,0,0,0,0,0,0,0,0,0,0,0,0,0,0,0,0,0,0,0,0,0,0,0,0,0,0,0,0,0,0,0,0,0,0,0,0,0,0,0,0,0,0,0,0,0,0,0,0,0
"3,4-Dimethyl-2-Pentene",CC=C(C)C(C)C,24910-63-2  ,Biofuel,2.2037037037037037,0.7268518518518516,2.2037037037037037,0.7268518518518516,0.44210961702042856,98.18899999999998,84.07699999999998,98.109550448,42,0,-0.026299849864092784,-0.08847555223595195,0.08847555223595195,0.026299849864092784,1.4285714285714286,1.8571428571428572,1.8571428571428572,13.961657603500704,10.064269855152869,1.8978831542974206,-2.0000222740515112,2.0511012108077082,-1.8515865525235264,4.973868504861113,0.7671078171409409,3.563964543273249,68.10749561002055,5.8618073195657985,5.6547005383792515,5.6547005383792515,3.1807392125526213,2.8094010767585034,2.8094010767585034,2.1873926088303572,2.1873926088303572,1.3660254037844388,1.3660254037844388,0.3333333333333334,0.3333333333333334,-0.26,27.977093296928835,6.74,2.838891422835457,2.436864111498258,46.23930068202494,0.0,0.0,0.0,0.0,0.0,0.0,0.0,0.0,0.0,0.0,25.496599036284397,19.76538044554264,0.0,0.0,0.0,0.0,0.0,0.0,5.917906046161393,27.694948798762496,0.0,11.64912463690315,0.0,0.0,0.0,0.0,0.0,0.0,0.0,0.0,5.917906046161393,27.694948798762496,11.64912463690315,0.0,0.0,0.0,0.0,0.0,0.0,0.0,0.0,0.0,5.917906046161393,5.573104530069267,0.0,0.0,33.770968905596376,0.0,0.0,0.0,0.0,0.0,1.4722222222222223,0.7268518518518516,0.0,2.1574074074074074,8.643518518518519,0.0,0.7142857142857143,7,0,0,0,0,0,0,0,0,0,0,0,1,0,0,0,0,2.608600000000001,34.26899999999999,0,0,0,0,0,0,0,0,0,0,0,0,0,0,0,0,0,0,0,0,0,0,0,0,0,0,2,0,0,0,0,0,0,0,0,0,0,0,0,0,0,0,0,0,0,0,0,0,0,0,0,0,0,0,0,0,0,0,0,0,0,0,0,0,0,0,0,0,0,0,0,0,0,0,0,0,0,0,0,0,0,0,0,0,0
"3,4,4-Trimethyl-2-Pentene",CC=C(C)C(C)(C)C,598-96-9,Biofuel,2.224537037037037,0.36979166666666674,2.224537037037037,0.36979166666666674,0.42247462416704734,112.21599999999998,96.08799999999998,112.12520051199999,48,0,-0.017587596790620746,-0.08820513084866306,0.08820513084866306,0.017587596790620746,1.25,1.625,1.625,14.149970145196713,9.876573777741983,2.0947422086040657,-2.1791359120721387,2.2287814660352234,-2.048926028776554,5.047613063701876,0.5029228813032043,4.0288936847484,91.09616281328596,6.784457050376173,6.577350269189626,6.577350269189626,3.4813804754348494,3.116025403784439,3.116025403784439,3.2216878364870323,3.2216878364870323,1.6160254037844388,1.6160254037844388,0.4330127018922194,0.4330127018922194,-0.26,35.64737584844357,7.739999999999999,2.340807862747661,2.1527155819962744,52.60424279642154,0.0,0.0,0.0,0.0,0.0,0.0,0.0,0.0,0.0,0.0,32.42033623597502,19.26246486877803,0.0,0.0,0.0,0.0,0.0,0.0,5.41499046939678,34.61868599845312,0.0,11.64912463690315,0.0,0.0,0.0,0.0,0.0,0.0,0.0,0.0,5.41499046939678,34.61868599845312,11.64912463690315,0.0,0.0,0.0,0.0,0.0,0.0,0.0,0.0,5.41499046939678,0.0,5.573104530069267,0.0,0.0,40.694706105287,0.0,0.0,0.0,0.0,0.0,1.8258101851851853,0.0,0.0,2.1666666666666665,10.924189814814817,0.0,0.75,8,0,0,0,0,0,0,0,0,0,0,0,0,0,0,0,0,2.9987000000000013,38.886,0,0,0,0,0,0,0,0,0,0,0,0,0,0,0,0,0,0,0,0,0,0,0,0,0,0,2,0,0,0,0,0,0,0,0,0,0,0,0,0,0,0,0,0,0,0,0,0,0,0,0,0,0,0,0,0,0,0,0,0,0,0,0,0,0,0,0,0,0,0,0,0,0,0,0,0,0,0,0,0,0,0,0,0,0
4-Methyl-1-Hexene,CCC(C)CC=C,3769-23-1,Biofuel,3.6486111111111112,0.8310185185185184,3.6486111111111112,0.8310185185185184,0.4758477167623552,98.189,84.07699999999998,98.109550448,42,0,-0.032763253995207874,-0.10307283248457277,0.10307283248457277,0.032763253995207874,1.7142857142857142,2.2857142857142856,2.4285714285714284,13.961596357366682,10.06421388273544,1.9015731126835589,-1.9960535519601454,2.043070372769831,-1.8584854462891505,4.684250510630284,0.5723767432880896,2.9804413212987453,46.0,5.698670612749268,5.276020881938894,5.276020881938894,3.308060412490447,2.9174502122316257,2.9174502122316257,2.0377974009767303,2.0377974009767303,1.2659590187875251,1.2659590187875251,0.4511844635310912,0.4511844635310912,-0.26,31.916635235956914,6.74,3.914216027874565,3.573538072602325,46.23930068202493,0.0,0.0,0.0,0.0,0.0,0.0,0.0,0.0,0.0,6.578935683598497,26.344316129141138,12.338727669087403,0.0,0.0,0.0,0.0,0.0,0.0,5.917906046161393,26.689117645233267,0.0,12.654955790432378,0.0,0.0,0.0,0.0,0.0,0.0,0.0,0.0,5.917906046161393,26.689117645233267,12.654955790432378,0.0,0.0,0.0,0.0,0.0,0.0,0.0,0.0,0.0,12.338727669087403,6.4208216229260096,0.0,6.076020106833881,20.426410082979746,0.0,0.0,0.0,0.0,0.0,0.0,0.8310185185185184,0.0,4.413379629629629,8.088935185185186,0.0,0.7142857142857143,7,0,0,0,0,0,0,0,0,0,0,0,3,0,0,0,0,2.608600000000001,34.26899999999999,0,0,0,0,0,0,0,0,0,0,0,0,0,0,0,0,0,0,0,0,0,0,0,0,0,0,1,0,0,0,0,0,0,0,0,0,0,0,0,0,0,0,0,0,0,0,0,0,0,0,0,0,0,0,0,0,0,0,0,0,0,0,0,0,0,0,0,0,0,0,0,0,0,0,0,0,0,0,0,0,0,0,0,0,0
4-Methyl-1-Pentene,CC(C)CC=C,691-37-2,Biofuel,3.600833333333333,0.7800925925925924,3.600833333333333,0.7800925925925924,0.4498862522575735,84.16199999999999,72.06599999999999,84.093900384,36,0,-0.03301638054078508,-0.10307300461909656,0.10307300461909656,0.03301638054078508,1.6666666666666667,2.1666666666666665,2.1666666666666665,13.884007300716224,10.141189389655487,1.8222844912480276,-1.9208581759262442,1.9631679260190895,-1.7844276686861,4.66632793955935,0.6644546806327998,2.8141442217770303,35.302968908806456,4.99156383156272,4.568914100752346,4.568914100752346,2.770055610029662,2.379445409770841,2.379445409770841,1.9182242451076805,1.9182242451076805,0.6380711874576984,0.6380711874576984,0.3333333333333333,0.3333333333333333,-0.26,14.834466856136647,5.740000000000001,2.950970464135022,3.7400000000000007,39.874358567628335,0.0,0.0,0.0,0.0,0.0,0.0,0.0,0.0,0.0,6.578935683598497,19.92349450621513,12.338727669087403,0.0,0.0,0.0,0.0,0.0,0.0,5.917906046161393,20.268296022307258,0.0,12.654955790432378,0.0,0.0,0.0,0.0,0.0,0.0,0.0,0.0,5.917906046161393,20.268296022307258,12.654955790432378,0.0,0.0,0.0,0.0,0.0,0.0,0.0,0.0,0.0,12.338727669087403,0.0,0.0,6.076020106833881,20.426410082979746,0.0,0.0,0.0,0.0,0.0,0.0,0.7800925925925924,0.0,3.087962962962963,7.965277777777778,0.0,0.6666666666666666,6,0,0,0,0,0,0,0,0,0,0,0,2,0,0,0,0,2.2184999999999997,29.651999999999983,0,0,0,0,0,0,0,0,0,0,0,0,0,0,0,0,0,0,0,0,0,0,0,0,0,0,1,0,0,0,0,0,0,0,0,0,0,0,0,0,0,0,0,0,0,0,0,0,0,0,0,0,0,0,0,0,0,0,0,0,0,0,0,0,0,0,0,0,0,0,0,0,0,0,0,0,0,0,0,0,0,0,0,0,0
4-Methyl-2-Pentene,CC=CC(C)C,4461-48-7,Biofuel,2.1666666666666665,0.7175925925925924,2.1666666666666665,0.7175925925925924,0.4272019529906664,84.162,72.06599999999999,84.093900384,36,0,-0.029052811982983727,-0.09140569170863219,0.09140569170863219,0.029052811982983727,1.3333333333333333,1.8333333333333333,1.8333333333333333,13.824487287724201,10.200763983325704,1.7598140544846343,-1.864574399013029,1.9010900307733567,-1.7276756059291523,4.789248207535871,0.8299918762927156,3.032354946742984,42.0,4.99156383156272,4.732050807568877,4.732050807568877,2.770055610029662,2.398717474235544,2.398717474235544,1.7698003589195017,1.7698003589195017,0.5773502691896261,0.5773502691896261,0.3849001794597507,0.3849001794597507,-0.26,14.834466856136647,5.740000000000001,2.950970464135022,3.7400000000000007,39.874358567628335,0.0,0.0,0.0,0.0,0.0,0.0,0.0,0.0,0.0,0.0,25.999514613049012,12.841643245852017,0.0,0.0,0.0,0.0,0.0,0.0,5.917906046161393,20.771211599071872,0.0,12.152040213667762,0.0,0.0,0.0,0.0,0.0,0.0,0.0,0.0,5.917906046161393,20.771211599071872,12.152040213667762,0.0,0.0,0.0,0.0,0.0,0.0,0.0,0.0,0.0,5.917906046161393,0.0,0.0,6.923737199690624,25.999514613049012,0.0,0.0,0.0,0.0,0.0,0.0,0.7175925925925924,0.0,4.2407407407407405,6.375,0.0,0.6666666666666666,6,0,0,0,0,0,0,0,0,0,0,0,1,0,0,0,0,2.2184999999999997,29.651999999999983,0,0,0,0,0,0,0,0,0,0,0,0,0,0,0,0,0,0,0,0,0,0,0,0,0,0,2,0,0,0,0,0,0,0,0,0,0,0,0,0,0,0,0,0,0,0,0,0,0,0,0,0,0,0,0,0,0,0,0,0,0,0,0,0,0,0,0,0,0,0,0,0,0,0,0,0,0,0,0,0,0,0,0,0,0
4-Methylheptane,CCCC(C)CCC,589-53-7,Biofuel,2.3402777777777777,0.9629629629629628,2.3402777777777777,0.9629629629629628,0.5261016802172799,114.232,96.08799999999998,114.14085057599999,50,0,-0.04430019415363868,-0.06537242505280175,0.06537242505280175,0.04430019415363868,1.0,1.375,1.625,14.014756304151717,10.012083153560674,1.9526213456582613,-2.0500709734557936,2.1020658058060753,-1.9050024201503488,4.483995984104346,0.4802413781966998,2.919612641438553,33.30296890880646,6.405777393935816,6.405777393935816,6.405777393935816,3.808060412490447,3.808060412490447,3.808060412490447,2.6825219847121646,2.6825219847121646,1.5629488288431144,1.5629488288431144,1.129936126950895,1.129936126950895,0.0,50.25226450504587,8.0,5.142857142857143,4.166666666666667,53.293845828605804,0.0,0.0,0.0,0.0,0.0,0.0,0.0,0.0,0.0,0.0,46.454498090775914,5.917906046161393,0.0,0.0,0.0,0.0,0.0,0.0,5.917906046161393,46.454498090775914,0.0,0.0,0.0,0.0,0.0,0.0,0.0,0.0,0.0,0.0,5.917906046161393,46.454498090775914,0.0,0.0,0.0,0.0,0.0,0.0,0.0,0.0,0.0,0.0,5.917906046161393,25.683286491704038,0.0,0.0,20.771211599071872,0.0,0.0,0.0,0.0,0.0,0.0,0.9629629629629628,0.0,5.517870370370371,6.8525,0.0,1.0,8,0,0,0,0,0,0,0,0,0,0,0,4,0,0,0,0,3.2227000000000023,38.98,0,0,0,0,0,0,0,0,0,0,0,0,0,0,0,0,0,0,0,0,0,0,0,0,0,0,0,0,0,0,0,0,0,0,0,0,0,0,0,0,0,0,0,0,0,0,0,0,0,0,0,0,0,0,0,0,0,0,0,0,0,0,0,0,0,0,0,0,0,0,0,0,0,0,0,0,0,0,0,0,0,0,0,0,0
4-Octene,CCCC=CCCC,592-99-4  ,Biofuel,2.267361111111111,1.25,2.267361111111111,1.25,0.48997617635194024,112.216,96.08799999999998,112.12520051199999,48,0,-0.035336121178298735,-0.08854976435019243,0.08854976435019243,0.035336121178298735,0.875,1.25,1.5,13.785898021676859,10.24161801332269,1.7163653697286168,-1.8284618649781137,1.9224943658032236,-1.62181987366162,4.79474475031301,0.921256660616887,2.831978752333332,45.058650025961626,6.242640687119286,5.983127663125442,5.983127663125442,3.914213562373095,3.5640434766341547,3.5640434766341547,2.048754789980657,2.048754789980657,1.0773502691896257,1.0773502691896257,0.5690355937288492,0.5690355937288492,-0.26,61.499612265106904,7.739999999999999,6.74,5.740000000000001,52.60424279642154,0.0,0.0,0.0,0.0,0.0,0.0,0.0,0.0,0.0,0.0,38.84115785890103,12.841643245852019,0.0,0.0,0.0,0.0,0.0,0.0,0.0,39.53076089108528,0.0,12.152040213667762,0.0,0.0,0.0,0.0,0.0,0.0,0.0,0.0,0.0,39.53076089108528,12.152040213667762,0.0,0.0,0.0,0.0,0.0,0.0,0.0,0.0,0.0,0.0,25.683286491704038,0.0,0.0,25.99951461304901,0.0,0.0,0.0,0.0,0.0,0.0,0.0,0.0,9.590702947845806,4.409297052154195,0.0,0.75,8,0,0,0,0,0,0,0,0,0,0,0,4,0,0,0,0,3.142800000000002,38.956,0,0,0,0,0,0,0,0,0,0,0,0,0,0,0,0,0,0,0,0,0,0,0,0,0,0,2,0,0,0,0,0,0,0,0,0,0,0,0,0,0,0,0,0,0,0,0,0,0,0,0,0,0,0,0,0,0,0,0,0,0,0,0,0,0,0,0,0,0,0,0,0,0,0,0,0,0,0,0,0,0,0,0,0,0
"4,4-Dimethyl-1-Pentene",CC(C)(C)CC=C,762-62-9  ,Biofuel,3.6460416666666666,0.43229166666666663,3.6460416666666666,0.43229166666666663,0.44210961702042856,98.189,84.07699999999998,98.109550448,42,0,-0.03043801351094461,-0.10306278685830636,0.10306278685830636,0.03043801351094461,1.4285714285714286,1.8571428571428572,1.8571428571428572,14.09938835643889,9.926568221083349,2.043259408320314,-2.1297682037414374,2.17088787294995,-2.005581173368352,4.7471131544271845,0.4207873955345899,3.336809769016682,54.928786893420316,5.914213562373096,5.491563831562722,5.491563831562722,3.0606601717798214,2.6700499715209998,2.6700499715209998,3.0534594516065665,3.0534594516065665,0.756710002993201,0.756710002993201,0.4330127018922193,0.4330127018922193,-0.26,18.14170945007629,6.74,2.1527155819962744,5.739999999999999,46.23930068202493,0.0,0.0,0.0,0.0,0.0,0.0,0.0,0.0,0.0,6.578935683598497,26.847231705905752,11.83581209232279,0.0,0.0,0.0,0.0,0.0,0.0,5.41499046939678,27.19203322199788,0.0,12.654955790432378,0.0,0.0,0.0,0.0,0.0,0.0,0.0,0.0,5.41499046939678,27.19203322199788,12.654955790432378,0.0,0.0,0.0,0.0,0.0,0.0,0.0,0.0,5.41499046939678,6.4208216229260096,0.0,0.0,6.076020106833881,27.35014728267037,0.0,0.0,0.0,0.0,0.0,0.43229166666666663,0.0,0.0,3.0625,10.255208333333332,0.0,0.7142857142857143,7,0,0,0,0,0,0,0,0,0,0,0,1,0,0,0,0,2.608600000000001,34.26899999999999,0,0,0,0,0,0,0,0,0,0,0,0,0,0,0,0,0,0,0,0,0,0,0,0,0,0,1,0,0,0,0,0,0,0,0,0,0,0,0,0,0,0,0,0,0,0,0,0,0,0,0,0,0,0,0,0,0,0,0,0,0,0,0,0,0,0,0,0,0,0,0,0,0,0,0,0,0,0,0,0,0,0,0,0,0
"4,4-Dimethyl-2-Pentene",C/C=C/C(C)(C)C,26232-98-4  ,Biofuel,2.1875,0.36979166666666674,2.1875,0.36979166666666674,0.4084245846298181,98.189,84.07699999999998,98.109550448,42,0,-0.02032773133647175,-0.09113586744108519,0.09113586744108519,0.02032773133647175,1.1428571428571428,1.5714285714285714,1.5714285714285714,14.059450641680034,9.96646957139416,2.0037484245140127,-2.0897273067942725,2.1291311348874005,-1.9674690903358596,4.884693683257412,0.5433115333568878,3.559682478280344,62.59772060569362,5.914213562373095,5.6547005383792515,5.6547005383792515,3.060660171779821,2.6993587371177723,2.6993587371177723,2.866025403784439,2.866025403784439,0.6666666666666669,0.6666666666666669,0.5000000000000001,0.5000000000000001,-0.26,18.14170945007629,6.74,2.1527155819962744,5.739999999999999,46.23930068202494,0.0,0.0,0.0,0.0,0.0,0.0,0.0,0.0,0.0,0.0,32.923251812739636,12.338727669087405,0.0,0.0,0.0,0.0,0.0,0.0,5.41499046939678,27.694948798762496,0.0,12.152040213667762,0.0,0.0,0.0,0.0,0.0,0.0,0.0,0.0,5.41499046939678,27.694948798762496,12.152040213667762,0.0,0.0,0.0,0.0,0.0,0.0,0.0,0.0,5.41499046939678,0.0,0.0,0.0,6.923737199690624,32.923251812739636,0.0,0.0,0.0,0.0,0.0,0.36979166666666674,0.0,0.0,4.270833333333334,8.609375,0.0,0.7142857142857143,7,0,0,0,0,0,0,0,0,0,0,0,0,0,0,0,0,2.608600000000001,34.26899999999999,0,0,0,0,0,0,0,0,0,0,0,0,0,0,0,0,0,0,0,0,0,0,0,0,0,0,2,0,0,0,0,0,0,0,0,0,0,0,0,0,0,0,0,0,0,0,0,0,0,0,0,0,0,0,0,0,0,0,0,0,0,0,0,0,0,0,0,0,0,0,0,0,0,0,0,0,0,0,0,0,0,0,0,0,0
5-Methyl-1-Hexene,CC(C)CCC=C,3524-73-0,Biofuel,3.6326388888888888,0.8314814814814813,3.6326388888888888,0.8314814814814813,0.4758477167623552,98.189,84.07699999999998,98.109550448,42,0,-0.03509774289550111,-0.10308280770217833,0.10308280770217833,0.03509774289550111,1.5714285714285714,2.142857142857143,2.2857142857142856,13.928065731110994,10.097850697869792,1.866017592422238,-1.9643624425855575,2.015629175220226,-1.8204950325117555,4.656427654273108,0.5945009787349795,2.8099823316091586,44.0,5.698670612749268,5.276020881938894,5.276020881938894,3.270055610029662,2.879445409770841,2.879445409770841,2.2598722539017904,2.2598722539017904,0.9481410810882239,0.9481410810882239,0.45118446353109126,0.45118446353109126,-0.26,29.01955000865388,6.74,3.914216027874565,5.739999999999999,46.23930068202493,0.0,0.0,0.0,0.0,0.0,0.0,0.0,0.0,0.0,6.578935683598497,19.92349450621513,18.75954929201341,0.0,0.0,0.0,0.0,0.0,0.0,5.917906046161393,26.689117645233267,0.0,12.654955790432378,0.0,0.0,0.0,0.0,0.0,0.0,0.0,0.0,5.917906046161393,26.689117645233267,12.654955790432378,0.0,0.0,0.0,0.0,0.0,0.0,0.0,0.0,0.0,12.338727669087403,6.4208216229260096,0.0,6.076020106833881,20.426410082979746,0.0,0.0,0.0,0.0,0.0,0.0,0.8314814814814813,0.0,4.417824074074074,8.084027777777777,0.0,0.7142857142857143,7,0,0,0,0,0,0,0,0,0,0,0,3,0,0,0,0,2.608600000000001,34.26899999999999,0,0,0,0,0,0,0,0,0,0,0,0,0,0,0,0,0,0,0,0,0,0,0,0,0,0,1,0,0,0,0,0,0,0,0,0,0,0,0,0,0,0,0,0,0,0,0,0,0,0,0,0,0,0,0,0,0,0,0,0,0,0,0,0,0,0,0,0,0,0,0,0,0,0,0,0,0,0,0,0,0,0,0,0,0
6-Methyl-1-Heptene,CC(C)CCCC=C,11071-47-9,Biofuel,3.657529289493575,0.856435185185185,3.657529289493575,0.856435185185185,0.387160579619291,112.216,96.08799999999998,112.12520051199999,48,0,-0.03533150085718254,-0.10308297756671253,0.10308297756671253,0.03533150085718254,1.5,2.125,2.5,13.953580464056428,10.07310991391592,1.8911087119024617,-1.9894531613311006,2.048009309471548,-1.839446875958579,4.6517544382299985,0.5598372742495199,2.814002148389726,53.05865002596163,6.405777393935816,5.983127663125442,5.983127663125442,3.770055610029662,3.379445409770841,3.379445409770841,2.613425644495064,2.613425644495064,1.1897227048854202,1.1897227048854202,0.6704369879590273,0.6704369879590273,-0.26,48.27551104108667,7.739999999999999,4.888367952522255,5.740000000000001,52.604242796421545,0.0,0.0,0.0,0.0,0.0,0.0,0.0,0.0,0.0,6.578935683598497,26.344316129141138,18.75954929201341,0.0,0.0,0.0,0.0,0.0,0.0,5.917906046161393,33.10993926815928,0.0,12.654955790432378,0.0,0.0,0.0,0.0,0.0,0.0,0.0,0.0,5.917906046161393,33.10993926815928,12.654955790432378,0.0,0.0,0.0,0.0,0.0,0.0,0.0,0.0,0.0,5.917906046161393,19.26246486877803,0.0,6.076020106833881,20.426410082979746,0.0,0.0,0.0,0.0,0.0,0.0,0.856435185185185,0.0,5.81324074074074,8.163657407407406,0.0,0.75,8,0,0,0,0,0,0,0,0,0,0,0,4,0,0,0,0,2.9987000000000013,38.885999999999996,0,0,0,0,0,0,0,0,0,0,0,0,0,0,0,0,0,0,0,0,0,0,0,0,0,0,1,0,0,0,0,0,0,0,0,0,0,0,0,0,0,0,0,0,0,0,0,0,0,0,0,0,0,0,0,0,0,0,0,0,0,0,0,0,0,0,0,0,0,0,0,0,0,0,0,0,0,0,0,0,0,0,0,1,0
6-Methyl-2-Heptene,C/C=C/CCC(C)C,73548-72-8,Biofuel,2.2534722222222223,0.8529629629629628,2.2534722222222223,0.8529629629629628,0.49221715064516386,112.216,96.08799999999998,112.12520051199999,48,0,-0.03484025825056057,-0.09166402826752292,0.09166402826752292,0.03484025825056057,1.375,2.0,2.375,13.934325234669656,10.09211160070183,1.8720094787915245,-1.9703879397049917,2.0243062617268732,-1.8244791351680842,4.760289666079808,0.593976302525701,2.9308834666575563,60.438561897747256,6.405777393935816,6.146264369941973,6.146264369941973,3.770055610029662,3.381880721829937,3.381880721829937,2.540232713035827,2.540232713035827,1.1463858629184749,1.1463858629184749,0.5962250448649378,0.5962250448649378,-0.26,48.27551104108667,7.739999999999999,4.888367952522255,5.740000000000001,52.60424279642154,0.0,0.0,0.0,0.0,0.0,0.0,0.0,0.0,0.0,0.0,25.999514613049012,25.683286491704038,0.0,0.0,0.0,0.0,0.0,0.0,5.917906046161393,33.61285484492389,0.0,12.152040213667762,0.0,0.0,0.0,0.0,0.0,0.0,0.0,0.0,5.917906046161393,33.61285484492389,12.152040213667762,0.0,0.0,0.0,0.0,0.0,0.0,0.0,0.0,0.0,5.917906046161393,12.841643245852019,0.0,0.0,32.923251812739636,0.0,0.0,0.0,0.0,0.0,0.0,0.8529629629629628,0.0,6.903657407407406,6.576712962962963,0.0,0.75,8,0,0,0,0,0,0,0,0,0,0,0,3,0,0,0,0,2.9987000000000013,38.886,0,0,0,0,0,0,0,0,0,0,0,0,0,0,0,0,0,0,0,0,0,0,0,0,0,0,2,0,0,0,0,0,0,0,0,0,0,0,0,0,0,0,0,0,0,0,0,0,0,0,0,0,0,0,0,0,0,0,0,0,0,0,0,0,0,0,0,0,0,0,0,0,0,0,0,0,0,0,0,0,0,0,0,0,0
6-Methyl-3-Heptene,CCC=CCC(C)C,3404-57-7,Biofuel,2.2546296296296298,0.8174074074074072,2.2546296296296298,0.8174074074074072,0.49221715064516386,112.216,96.08799999999998,112.12520051199999,48,0,-0.03274875659182706,-0.08880352705075752,0.08880352705075752,0.03274875659182706,1.25,1.875,2.25,13.904054196116787,10.122417901969598,1.8412749839599545,-1.940752355255514,1.9909012434769158,-1.7977492166304796,4.800850540440025,0.6624144042244023,3.025847674469288,60.438561897747256,6.405777393935816,6.146264369941973,6.146264369941973,3.770055610029662,3.419885524290722,3.419885524290722,2.5092019217677626,2.5092019217677626,1.0098562113411687,1.0098562113411687,0.5350572385075131,0.5350572385075131,-0.26,48.27551104108667,7.739999999999999,4.888367952522255,5.740000000000001,52.60424279642154,0.0,0.0,0.0,0.0,0.0,0.0,0.0,0.0,0.0,0.0,32.923251812739636,18.75954929201341,0.0,0.0,0.0,0.0,0.0,0.0,5.917906046161393,33.61285484492389,0.0,12.152040213667762,0.0,0.0,0.0,0.0,0.0,0.0,0.0,0.0,5.917906046161393,33.61285484492389,12.152040213667762,0.0,0.0,0.0,0.0,0.0,0.0,0.0,0.0,0.0,5.917906046161393,12.841643245852019,0.0,0.0,32.923251812739636,0.0,0.0,0.0,0.0,0.0,0.0,0.8174074074074072,0.0,6.880185185185185,6.63574074074074,0.0,0.75,8,0,0,0,0,0,0,0,0,0,0,0,3,0,0,0,0,2.9987000000000013,38.886,0,0,0,0,0,0,0,0,0,0,0,0,0,0,0,0,0,0,0,0,0,0,0,0,0,0,2,0,0,0,0,0,0,0,0,0,0,0,0,0,0,0,0,0,0,0,0,0,0,0,0,0,0,0,0,0,0,0,0,0,0,0,0,0,0,0,0,0,0,0,0,0,0,0,0,0,0,0,0,0,0,0,0,0,0
Butane,CCCC,106-97-8,Biofuel,2.1805555555555554,1.3194444444444444,2.1805555555555554,1.3194444444444444,0.4310243576713091,58.123999999999995,48.044,58.078250319999995,26,0,-0.05643437041758633,-0.06539244288085166,0.06539244288085166,0.05643437041758633,1.0,1.25,1.25,13.630205166699419,10.393584045238853,1.560298808400194,-1.6763334730980048,1.763305166699431,-1.4733159547611456,4.122205166699432,0.8855840452388535,1.9747448713915894,2.0,3.414213562373095,3.414213562373095,3.414213562373095,1.914213562373095,1.914213562373095,1.914213562373095,0.9999999999999998,0.9999999999999998,0.4999999999999999,0.4999999999999999,0.0,0.0,0.0,6.854752972273345,4.0,3.0,2.0,27.834077371019376,0.0,0.0,0.0,0.0,0.0,0.0,0.0,0.0,0.0,0.0,26.689117645233267,0.0,0.0,0.0,0.0,0.0,0.0,0.0,0.0,26.689117645233267,0.0,0.0,0.0,0.0,0.0,0.0,0.0,0.0,0.0,0.0,0.0,26.689117645233267,0.0,0.0,0.0,0.0,0.0,0.0,0.0,0.0,0.0,0.0,0.0,12.841643245852019,0.0,0.0,13.847474399381248,0.0,0.0,0.0,0.0,0.0,0.0,0.0,0.0,2.638888888888889,4.361111111111111,0.0,1.0,4,0,0,0,0,0,0,0,0,0,0,0,1,0,0,0,0,1.8064,20.581999999999997,0,0,0,0,0,0,0,0,0,0,0,0,0,0,0,0,0,0,0,0,0,0,0,0,0,0,0,0,0,0,0,0,0,0,0,0,0,0,0,0,0,0,0,0,0,0,0,0,0,0,0,0,0,0,0,0,0,0,0,0,0,0,0,0,0,0,0,0,0,0,0,0,0,0,0,0,0,0,0,0,0,0,0,0,0
Cycloheptane,C1CCCCCC1,291-64-5,Biofuel,1.5,1.5,1.5,1.5,0.4085406794096017,98.18900000000001,84.07699999999998,98.109550448,42,0,-0.0533059727891157,-0.0533059727891157,0.0533059727891157,0.0533059727891157,0.2857142857142857,0.42857142857142855,0.5714285714285714,14.015000000000004,10.209864201930957,1.9506940272108828,-1.8544417708581484,2.1481000000000003,-1.6570357980690336,4.507000000000002,0.7018642019309664,2.0416666666666665,19.651484454403228,4.949747468305834,4.949747468305832,4.949747468305832,3.5,3.4999999999999996,3.4999999999999996,2.4748737341529154,2.4748737341529154,1.7499999999999996,1.7499999999999996,1.2374368670764575,1.2374368670764575,0.0,58.974147804380216,5.142857142857143,3.061224489795918,1.9591836734693877,45.92307256067998,0.0,0.0,0.0,0.0,0.0,0.0,0.0,0.0,0.0,0.0,44.94575136048208,0.0,0.0,0.0,0.0,0.0,0.0,0.0,0.0,44.94575136048208,0.0,0.0,0.0,0.0,0.0,0.0,0.0,0.0,0.0,0.0,0.0,44.94575136048208,0.0,0.0,0.0,0.0,0.0,0.0,0.0,0.0,0.0,0.0,0.0,44.94575136048208,0.0,0.0,0.0,0.0,0.0,0.0,0.0,0.0,0.0,0.0,0.0,10.5,0.0,0.0,1.0,7,0,0,1,0,1,0,0,0,0,0,0,0,1,0,1,1,2.7307000000000015,32.31899999999998,0,0,0,0,0,0,0,0,0,0,0,0,0,0,0,0,0,0,0,0,0,0,0,0,0,0,0,0,0,0,0,0,0,0,0,0,0,0,0,0,0,0,0,0,0,0,0,0,0,0,0,0,0,0,0,0,0,0,0,0,0,0,0,0,0,0,0,0,0,0,0,0,0,0,0,0,0,0,0,0,0,0,0,0,0
Cyclohexane,C1CCCCC1,110-82-7,Biofuel,1.5,1.5,1.5,1.5,0.42231618686094674,84.162,72.06599999999999,84.093900384,36,0,-0.0533059727891157,-0.0533059727891157,0.0533059727891157,0.0533059727891157,0.3333333333333333,0.5,0.6666666666666666,14.014,10.012,1.9496940272108838,-2.052305972789116,2.1470999999999996,-1.8548999999999998,4.506,0.5039999999999998,2.0,15.509775004326936,4.242640687119286,4.242640687119285,4.242640687119285,3.0,2.9999999999999996,2.9999999999999996,2.121320343559642,2.121320343559642,1.4999999999999996,1.4999999999999996,1.0606601717798207,1.0606601717798207,0.0,34.3994618804395,4.166666666666667,2.2222222222222223,1.0,39.55813044628337,0.0,0.0,0.0,0.0,0.0,0.0,0.0,0.0,0.0,0.0,38.524929737556064,0.0,0.0,0.0,0.0,0.0,0.0,0.0,0.0,38.524929737556064,0.0,0.0,0.0,0.0,0.0,0.0,0.0,0.0,0.0,0.0,0.0,38.524929737556064,0.0,0.0,0.0,0.0,0.0,0.0,0.0,0.0,0.0,0.0,0.0,38.524929737556064,0.0,0.0,0.0,0.0,0.0,0.0,0.0,0.0,0.0,0.0,0.0,9.0,0.0,0.0,1.0,6,0,0,1,0,1,0,0,0,0,0,0,0,1,0,1,1,2.3406000000000002,27.701999999999984,0,0,0,0,0,0,0,0,0,0,0,0,0,0,0,0,0,0,0,0,0,0,0,0,0,0,0,0,0,0,0,0,0,0,0,0,0,0,0,0,0,0,0,0,0,0,0,0,0,0,0,0,0,0,0,0,0,0,0,0,0,0,0,0,0,0,0,0,0,0,0,0,0,0,0,0,0,0,0,0,0,0,0,0,0
Cyclooctane,C1CCCCCCC1,292-64-8,Biofuel,1.5,1.5,1.5,1.5,0.45137552465947917,112.21600000000001,96.08799999999998,112.12520051199999,48,0,-0.0533059727891157,-0.0533059727891157,0.0533059727891157,0.0533059727891157,0.25,0.375,0.5,14.016000000000004,10.012000000000002,1.951694027210884,-2.0523059727891155,2.1490999999999967,-1.8548999999999998,4.508,0.5040000000000002,2.0,24.0,5.6568542494923815,5.65685424949238,5.65685424949238,4.0,3.9999999999999996,3.9999999999999996,2.828427124746189,2.828427124746189,1.9999999999999996,1.9999999999999996,1.4142135623730943,1.4142135623730943,0.0,72.69482743708812,6.125,3.9375,2.34375,52.28801467507659,0.0,0.0,0.0,0.0,0.0,0.0,0.0,0.0,0.0,0.0,51.36657298340809,0.0,0.0,0.0,0.0,0.0,0.0,0.0,0.0,51.36657298340809,0.0,0.0,0.0,0.0,0.0,0.0,0.0,0.0,0.0,0.0,0.0,51.36657298340809,0.0,0.0,0.0,0.0,0.0,0.0,0.0,0.0,0.0,0.0,0.0,51.36657298340809,0.0,0.0,0.0,0.0,0.0,0.0,0.0,0.0,0.0,0.0,0.0,12.0,0.0,0.0,1.0,8,0,0,1,0,1,0,0,0,0,0,0,0,1,0,1,1,3.120800000000002,36.93599999999999,0,0,0,0,0,0,0,0,0,0,0,0,0,0,0,0,0,0,0,0,0,0,0,0,0,0,0,0,0,0,0,0,0,0,0,0,0,0,0,0,0,0,0,0,0,0,0,0,0,0,0,0,0,0,0,0,0,0,0,0,0,0,0,0,0,0,0,0,0,0,0,0,0,0,0,0,0,0,0,0,0,0,0,0,0
Cyclopentane,C1CCCC1,287-92-3,Biofuel,1.5,1.5,1.5,1.5,0.40836192922302755,70.135,60.05499999999999,70.07825032,30,0,-0.0533059727891157,-0.0533059727891157,0.0533059727891157,0.0533059727891157,0.4,0.6,0.8,14.013000000000007,10.393584045238855,1.948694027210884,-1.6707219275502607,2.1460999999999983,-1.4733159547611452,4.5050000000000034,0.885584045238855,2.083333333333333,11.60964047443681,3.5355339059327378,3.5355339059327373,3.5355339059327373,2.5,2.4999999999999996,2.4999999999999996,1.7677669529663684,1.7677669529663684,1.2499999999999996,1.2499999999999996,0.883883476483184,0.883883476483184,0.0,22.886435386960574,3.2,1.44,0.64,33.19318833188676,0.0,0.0,0.0,0.0,0.0,0.0,0.0,0.0,0.0,0.0,32.10410811463005,0.0,0.0,0.0,0.0,0.0,0.0,0.0,0.0,32.10410811463005,0.0,0.0,0.0,0.0,0.0,0.0,0.0,0.0,0.0,0.0,0.0,32.10410811463005,0.0,0.0,0.0,0.0,0.0,0.0,0.0,0.0,0.0,0.0,0.0,32.10410811463005,0.0,0.0,0.0,0.0,0.0,0.0,0.0,0.0,0.0,0.0,0.0,7.5,0.0,0.0,1.0,5,0,0,1,0,1,0,0,0,0,0,0,0,1,0,1,1,1.9505000000000001,23.084999999999994,0,0,0,0,0,0,0,0,0,0,0,0,0,0,0,0,0,0,0,0,0,0,0,0,0,0,0,0,0,0,0,0,0,0,0,0,0,0,0,0,0,0,0,0,0,0,0,0,0,0,0,0,0,0,0,0,0,0,0,0,0,0,0,0,0,0,0,0,0,0,0,0,0,0,0,0,0,0,0,0,0,0,0,0,0
Ethane,CC,74-84-0,Biofuel,2.0,2.0,2.0,2.0,0.3727855551576051,30.07,24.022,30.046950192,14,0,-0.06826238342059164,-0.06826238342059164,0.06826238342059164,0.06826238342059164,1.0,1.0,1.0,13.011,11.011000000000001,0.9317376165794083,-1.0682623834205915,1.1441,-0.8558999999999998,3.5029999999999997,1.503,1.0,0.0,2.0,2.0,2.0,1.0,1.0,1.0,0.0,0.0,0.0,0.0,0.0,0.0,0.0,2.0,2.0,0.0,0.0,15.104193142226158,0.0,0.0,0.0,0.0,0.0,0.0,0.0,0.0,0.0,0.0,13.847474399381248,0.0,0.0,0.0,0.0,0.0,0.0,0.0,0.0,13.847474399381248,0.0,0.0,0.0,0.0,0.0,0.0,0.0,0.0,0.0,0.0,0.0,13.847474399381248,0.0,0.0,0.0,0.0,0.0,0.0,0.0,0.0,0.0,0.0,0.0,0.0,0.0,13.847474399381248,0.0,0.0,0.0,0.0,0.0,0.0,0.0,0.0,0.0,0.0,4.0,0.0,1.0,2,0,0,0,0,0,0,0,0,0,0,0,0,0,0,0,0,1.0262,11.348000000000003,0,0,0,0,0,0,0,0,0,0,0,0,0,0,0,0,0,0,0,0,0,0,0,0,0,0,0,0,0,0,0,0,0,0,0,0,0,0,0,0,0,0,0,0,0,0,0,0,0,0,0,0,0,0,0,0,0,0,0,0,0,0,0,0,0,0,0,0,0,0,0,0,0,0,0,0,0,0,0,0,0,0,0,0,0
Ethene,C=C,74-85-1,Biofuel,3.0,3.0,3.0,3.0,0.34449676855385364,28.053999999999995,24.022,28.031300127999998,12,0,-0.10631107461236379,-0.10631107461236379,0.10631107461236379,0.10631107461236379,1.0,1.0,1.0,12.718106781186545,11.30389321881345,0.6007957065741836,-0.8134178557989111,0.8622067811865474,-0.5520067811865473,4.220106781186547,2.8058932188134516,2.0,0.0,2.0,1.414213562373095,1.414213562373095,1.0,0.4999999999999999,0.4999999999999999,0.0,0.0,0.0,0.0,0.0,0.0,-0.26,2.0,1.74,0.74,-6.106153846153846,14.414590110041905,0.0,0.0,0.0,0.0,0.0,0.0,0.0,0.0,0.0,13.157871367196995,0.0,0.0,0.0,0.0,0.0,0.0,0.0,0.0,0.0,0.0,0.0,13.157871367196995,0.0,0.0,0.0,0.0,0.0,0.0,0.0,0.0,0.0,0.0,13.157871367196995,0.0,0.0,0.0,0.0,0.0,0.0,0.0,0.0,0.0,0.0,0.0,0.0,0.0,13.157871367196995,0.0,0.0,0.0,0.0,0.0,0.0,0.0,0.0,0.0,6.0,0.0,0.0,2,0,0,0,0,0,0,0,0,0,0,0,0,0,0,0,0,0.8022,11.254000000000001,0,0,0,0,0,0,0,0,0,0,0,0,0,0,0,0,0,0,0,0,0,0,0,0,0,0,0,0,0,0,0,0,0,0,0,0,0,0,0,0,0,0,0,0,0,0,0,0,0,0,0,0,0,0,0,0,0,0,0,0,0,0,0,0,0,0,0,0,0,0,0,0,0,0,0,0,0,0,0,0,0,0,0,0,0
Ethylcycloheptane,CCC1CCCCCC1,13151-55-8  ,Biofuel,2.329351851851852,1.0763888888888888,2.329351851851852,1.0763888888888888,0.4724561136344535,126.24300000000001,108.09899999999998,126.14085057599999,54,0,-0.041690861065269764,-0.06511818141712189,0.06511818141712189,0.041690861065269764,1.0,1.5555555555555556,2.0,14.140981353180793,9.979358963582438,2.0802539430778557,-2.080318510693488,2.2400701311122195,-1.939980776038974,4.615900487491669,0.44633998554043597,2.1826813172648256,58.438561897747256,6.52709773749546,6.52709773749546,6.52709773749546,4.431851652578137,4.431851652578136,4.431851652578136,3.2658375258110213,3.2658375258110213,2.5520951405812147,2.5520951405812147,1.7721646521389811,1.7721646521389811,0.0,160.03868154412822,7.111111111111111,3.92,2.3801652892561984,58.65295678947319,0.0,0.0,0.0,0.0,0.0,0.0,0.0,0.0,0.0,0.0,51.8694885601727,5.917906046161393,0.0,0.0,0.0,0.0,0.0,0.0,5.917906046161393,51.8694885601727,0.0,0.0,0.0,0.0,0.0,0.0,0.0,0.0,0.0,0.0,5.917906046161393,51.8694885601727,0.0,0.0,0.0,0.0,0.0,0.0,0.0,0.0,0.0,0.0,5.917906046161393,44.94575136048208,0.0,0.0,6.923737199690624,0.0,0.0,0.0,0.0,0.0,0.0,1.0763888888888888,0.0,10.42759259259259,2.329351851851852,0.0,1.0,9,0,0,1,0,1,0,0,0,0,0,0,1,1,0,1,1,3.3668000000000022,41.483000000000004,0,0,0,0,0,0,0,0,0,0,0,0,0,0,0,0,0,0,0,0,0,0,0,0,0,0,0,0,0,0,0,0,0,0,0,0,0,0,0,0,0,0,0,0,0,0,0,0,0,0,0,0,0,0,0,0,0,0,0,0,0,0,0,0,0,0,0,0,0,0,0,0,0,0,0,0,0,0,0,0,0,0,0,0,0
Ethylcyclohexane,CCC1CCCCC1  ,1678-91-7,Biofuel,2.315462962962963,1.0868055555555554,2.315462962962963,1.0868055555555554,0.4889029976557186,112.21600000000001,96.08799999999998,112.12520051199999,48,0,-0.04169086105467225,-0.06511818141712189,0.06511818141712189,0.04169086105467225,1.125,1.75,2.125,14.151033707914848,9.876364520884549,2.0904879451763336,-2.184200905999415,2.2483225994814253,-2.030636310540046,4.625132959945627,0.34942926381655615,2.1250162554146717,51.058650025961626,5.819990956308912,5.819990956308912,5.819990956308912,3.931851652578137,3.931851652578137,3.931851652578137,2.9122841352177478,2.9122841352177478,2.3020951405812147,2.3020951405812147,1.5953879568423444,1.5953879568423444,0.0,91.36757727918736,6.125,3.111111111111111,1.5,52.288014675076575,0.0,0.0,0.0,0.0,0.0,0.0,0.0,0.0,0.0,0.0,45.448666937246685,5.917906046161393,0.0,0.0,0.0,0.0,0.0,0.0,5.917906046161393,45.448666937246685,0.0,0.0,0.0,0.0,0.0,0.0,0.0,0.0,0.0,0.0,5.917906046161393,45.448666937246685,0.0,0.0,0.0,0.0,0.0,0.0,0.0,0.0,0.0,0.0,5.917906046161393,38.524929737556064,0.0,0.0,6.923737199690624,0.0,0.0,0.0,0.0,0.0,0.0,1.0868055555555554,0.0,8.931064814814814,2.315462962962963,0.0,1.0,8,0,0,1,0,1,0,0,0,0,0,0,1,1,0,1,1,2.976700000000002,36.86599999999999,0,0,0,0,0,0,0,0,0,0,0,0,0,0,0,0,0,0,0,0,0,0,0,0,0,0,0,0,0,0,0,0,0,0,0,0,0,0,0,0,0,0,0,0,0,0,0,0,0,0,0,0,0,0,0,0,0,0,0,0,0,0,0,0,0,0,0,0,0,0,0,0,0,0,0,0,0,0,0,0,0,0,0,0,0
Ethylcyclopentane,CCC1CCCC1  ,1640-89-7,Biofuel,2.301574074074074,1.097222222222222,2.301574074074074,1.097222222222222,0.4725758338005772,98.18900000000001,84.07699999999998,98.109550448,42,0,-0.04169085828435218,-0.0651181814171023,0.0651181814171023,0.04169085828435218,1.2857142857142858,1.8571428571428572,2.142857142857143,14.165811746439863,10.067099180069267,2.1055651652818126,-1.9922667103252027,2.2602851779275954,-1.8595298763323762,4.638598147495058,0.5305099092772462,2.1399633186493645,42.0,5.112884175122364,5.112884175122364,5.112884175122364,3.431851652578137,3.431851652578137,3.431851652578137,2.5587307446244743,2.5587307446244743,2.0520951405812147,2.0520951405812147,1.4186112615457076,1.4186112615457076,0.0,66.31310982742876,5.142857142857143,2.34375,1.1851851851851851,45.92307256067996,0.0,0.0,0.0,0.0,0.0,0.0,0.0,0.0,0.0,0.0,39.02784531432067,5.917906046161393,0.0,0.0,0.0,0.0,0.0,0.0,5.917906046161393,39.02784531432067,0.0,0.0,0.0,0.0,0.0,0.0,0.0,0.0,0.0,0.0,5.917906046161393,39.02784531432067,0.0,0.0,0.0,0.0,0.0,0.0,0.0,0.0,0.0,0.0,5.917906046161393,32.10410811463005,0.0,0.0,6.923737199690624,0.0,0.0,0.0,0.0,0.0,0.0,1.097222222222222,0.0,7.434537037037037,2.301574074074074,0.0,1.0,7,0,0,1,0,1,0,0,0,0,0,0,1,1,0,1,1,2.5866000000000007,32.24899999999998,0,0,0,0,0,0,0,0,0,0,0,0,0,0,0,0,0,0,0,0,0,0,0,0,0,0,0,0,0,0,0,0,0,0,0,0,0,0,0,0,0,0,0,0,0,0,0,0,0,0,0,0,0,0,0,0,0,0,0,0,0,0,0,0,0,0,0,0,0,0,0,0,0,0,0,0,0,0,0,0,0,0,0,0,0
Heptane,CCCCCCC,142-82-5,Biofuel,2.245694444444444,1.3611111111111112,2.245694444444444,1.3611111111111112,0.47630987365330063,100.205,84.07699999999998,100.12520051199999,44,0,-0.05332609175221321,-0.06538238322804024,0.06538238322804024,0.05332609175221321,0.7142857142857143,1.1428571428571428,1.4285714285714286,13.862233382977566,10.164098565543423,1.796206847856114,-1.9019330572190785,1.995333382977564,-1.7028014344565705,4.354233382977567,0.6560985655434296,2.447472887876344,19.219280948873624,5.535533905932738,5.535533905932738,5.535533905932738,3.414213562373095,3.414213562373095,3.414213562373095,2.060660171779821,2.060660171779821,1.2071067811865472,1.2071067811865472,0.6767766952966366,0.6767766952966366,0.0,35.509609925153406,7.0,6.0,6.0,46.92890371420919,0.0,0.0,0.0,0.0,0.0,0.0,0.0,0.0,0.0,0.0,45.95158251401129,0.0,0.0,0.0,0.0,0.0,0.0,0.0,0.0,45.95158251401129,0.0,0.0,0.0,0.0,0.0,0.0,0.0,0.0,0.0,0.0,0.0,45.95158251401129,0.0,0.0,0.0,0.0,0.0,0.0,0.0,0.0,0.0,0.0,0.0,32.10410811463005,0.0,0.0,13.847474399381248,0.0,0.0,0.0,0.0,0.0,0.0,0.0,0.0,7.008611111111112,4.491388888888888,0.0,1.0,7,0,0,0,0,0,0,0,0,0,0,0,4,0,0,0,0,2.976700000000002,34.432999999999986,0,0,0,0,0,0,0,0,0,0,0,0,0,0,0,0,0,0,0,0,0,0,0,0,0,0,0,0,0,0,0,0,0,0,0,0,0,0,0,0,0,0,0,0,0,0,0,0,0,0,0,0,0,0,0,0,0,0,0,0,0,0,0,0,0,0,0,0,0,0,0,0,0,0,0,0,0,0,0,0,0,0,0,2,0
Hexane,CCCCCC,110-54-3,Biofuel,2.2318055555555554,1.355,2.2318055555555554,1.355,0.4629542813199688,86.178,72.06599999999999,86.109550448,38,0,-0.05357870225236844,-0.06538238459812357,0.06538238459812357,0.05357870225236844,0.8333333333333334,1.1666666666666667,1.3333333333333333,13.815622205179755,10.209864201930968,1.748868474205106,-1.8568988201678052,1.9487222051797695,-1.6570357980690344,4.307622205179771,0.7018642019309675,2.3390923149762908,12.0,4.82842712474619,4.82842712474619,4.82842712474619,2.914213562373095,2.914213562373095,2.914213562373095,1.707106781186547,1.707106781186547,0.9571067811865472,0.9571067811865472,0.49999999999999983,0.49999999999999983,0.0,20.986300857070454,6.0,5.0,4.0,40.563961599812586,0.0,0.0,0.0,0.0,0.0,0.0,0.0,0.0,0.0,0.0,39.53076089108528,0.0,0.0,0.0,0.0,0.0,0.0,0.0,0.0,39.53076089108528,0.0,0.0,0.0,0.0,0.0,0.0,0.0,0.0,0.0,0.0,0.0,39.53076089108528,0.0,0.0,0.0,0.0,0.0,0.0,0.0,0.0,0.0,0.0,0.0,25.683286491704038,0.0,0.0,13.847474399381248,0.0,0.0,0.0,0.0,0.0,0.0,0.0,0.0,5.536388888888888,4.463611111111111,0.0,1.0,6,0,0,0,0,0,0,0,0,0,0,0,3,0,0,0,0,2.5866000000000007,29.81599999999998,0,0,0,0,0,0,0,0,0,0,0,0,0,0,0,0,0,0,0,0,0,0,0,0,0,0,0,0,0,0,0,0,0,0,0,0,0,0,0,0,0,0,0,0,0,0,0,0,0,0,0,0,0,0,0,0,0,0,0,0,0,0,0,0,0,0,0,0,0,0,0,0,0,0,0,0,0,0,0,0,0,0,0,1,0
Isopropylcyclohexane,CC(C)C1CCCCC1,696-29-7,Biofuel,2.35712962962963,0.9354629629629627,2.35712962962963,0.9354629629629627,0.5057598180238901,126.24300000000001,108.09899999999998,126.14085057599999,54,0,-0.03911054133496766,-0.06250882573984114,0.06250882573984114,0.03911054133496766,1.0,1.5555555555555556,1.8888888888888888,14.209962171439708,9.818204384167808,2.1512061214611267,-2.240583396578728,2.285086561254044,-2.115096256929038,4.672762497783969,0.278974635984808,2.2283621149350434,68.10749561002055,6.69023444431199,6.69023444431199,6.69023444431199,4.304530452640311,4.304530452640311,4.304530452640311,3.6421070322115843,3.6421070322115843,2.5926389558431233,2.5926389558431233,1.800833458845851,1.800833458845851,0.0,129.22533870330605,7.111111111111111,3.239669421487603,2.0,58.65295678947319,0.0,0.0,0.0,0.0,0.0,0.0,0.0,0.0,0.0,0.0,45.95158251401131,11.835812092322787,0.0,0.0,0.0,0.0,0.0,0.0,11.835812092322787,45.95158251401131,0.0,0.0,0.0,0.0,0.0,0.0,0.0,0.0,0.0,0.0,11.835812092322787,45.95158251401131,0.0,0.0,0.0,0.0,0.0,0.0,0.0,0.0,0.0,0.0,11.835812092322787,32.10410811463005,0.0,0.0,13.847474399381248,0.0,0.0,0.0,0.0,0.0,0.0,1.9898611111111106,0.0,7.4625462962962965,4.71425925925926,0.0,1.0,9,0,0,1,0,1,0,0,0,0,0,0,1,1,0,1,1,3.2227000000000023,41.413000000000004,0,0,0,0,0,0,0,0,0,0,0,0,0,0,0,0,0,0,0,0,0,0,0,0,0,0,0,0,0,0,0,0,0,0,0,0,0,0,0,0,0,0,0,0,0,0,0,0,0,0,0,0,0,0,0,0,0,0,0,0,0,0,0,0,0,0,0,0,0,0,0,0,0,0,0,0,0,0,0,0,0,0,0,0,0
Methylcyclohexane,CC1CCCCC1,108-87-2,Biofuel,2.3602777777777777,1.0358796296296295,2.3602777777777777,1.0358796296296295,0.43656953206962734,98.18900000000001,84.07699999999998,98.109550448,42,0,-0.04428007559516109,-0.06250972284470455,0.06250972284470455,0.04428007559516109,1.0,1.5714285714285714,1.8571428571428572,14.115632492342755,9.911130338789695,2.0539877762694174,-2.150526872003993,2.2149178488962535,-1.9941012767549964,4.590675846362491,0.38509284200897903,2.1229179499593664,42.0,5.112884175122364,5.112884175122364,5.112884175122364,3.393846850117352,3.393846850117352,3.393846850117352,2.743182156491985,2.743182156491985,1.8938468501173518,1.8938468501173518,1.3067128222475317,1.3067128222475317,0.0,47.19725257297226,5.142857142857143,2.34375,1.5,45.92307256067996,0.0,0.0,0.0,0.0,0.0,0.0,0.0,0.0,0.0,0.0,39.02784531432067,5.917906046161393,0.0,0.0,0.0,0.0,0.0,0.0,5.917906046161393,39.02784531432067,0.0,0.0,0.0,0.0,0.0,0.0,0.0,0.0,0.0,0.0,5.917906046161393,39.02784531432067,0.0,0.0,0.0,0.0,0.0,0.0,0.0,0.0,0.0,0.0,5.917906046161393,32.10410811463005,0.0,0.0,6.923737199690624,0.0,0.0,0.0,0.0,0.0,0.0,1.0358796296296295,0.0,7.437175925925926,2.3602777777777777,0.0,1.0,7,0,0,1,0,1,0,0,0,0,0,0,0,1,0,1,1,2.5866000000000007,32.24899999999998,0,0,0,0,0,0,0,0,0,0,0,0,0,0,0,0,0,0,0,0,0,0,0,0,0,0,0,0,0,0,0,0,0,0,0,0,0,0,0,0,0,0,0,0,0,0,0,0,0,0,0,0,0,0,0,0,0,0,0,0,0,0,0,0,0,0,0,0,0,0,0,0,0,0,0,0,0,0,0,0,0,0,0,0,0
Methylcyclopentane,CC1CCCC1,96-37-7,Biofuel,2.3402777777777777,1.0462962962962963,2.3402777777777777,1.0462962962962963,0.42179147361668384,84.162,72.06599999999999,84.093900384,36,0,-0.04428007283563192,-0.06250972283408605,0.06250972283408605,0.04428007283563192,1.1666666666666667,1.6666666666666667,1.8333333333333333,14.128549475203439,10.151124652342412,2.0671885801741876,-1.909376426153757,2.2242009944189247,-1.780867708297833,4.601880870680769,0.6119149153541372,2.184105569636068,33.30296890880646,4.405777393935816,4.405777393935816,4.405777393935816,2.893846850117352,2.893846850117352,2.893846850117352,2.3896287658987116,2.3896287658987116,1.6438468501173518,1.6438468501173518,1.129936126950895,1.129936126950895,0.0,33.548875021634686,4.166666666666667,1.6326530612244898,0.7346938775510204,39.55813044628336,0.0,0.0,0.0,0.0,0.0,0.0,0.0,0.0,0.0,0.0,32.60702369139466,5.917906046161393,0.0,0.0,0.0,0.0,0.0,0.0,5.917906046161393,32.60702369139466,0.0,0.0,0.0,0.0,0.0,0.0,0.0,0.0,0.0,0.0,5.917906046161393,32.60702369139466,0.0,0.0,0.0,0.0,0.0,0.0,0.0,0.0,0.0,0.0,5.917906046161393,25.683286491704038,0.0,0.0,6.923737199690624,0.0,0.0,0.0,0.0,0.0,0.0,1.0462962962962963,0.0,5.9467592592592595,2.3402777777777777,0.0,1.0,6,0,0,1,0,1,0,0,0,0,0,0,0,1,0,1,1,2.1965000000000003,27.631999999999984,0,0,0,0,0,0,0,0,0,0,0,0,0,0,0,0,0,0,0,0,0,0,0,0,0,0,0,0,0,0,0,0,0,0,0,0,0,0,0,0,0,0,0,0,0,0,0,0,0,0,0,0,0,0,0,0,0,0,0,0,0,0,0,0,0,0,0,0,0,0,0,0,0,0,0,0,0,0,0,0,0,0,0,0,0
Methylpropane,CC(C)C,75-28-5,Biofuel,2.1666666666666665,0.8333333333333333,2.1666666666666665,0.8333333333333333,0.3971180036971562,58.123999999999995,48.044,58.078250319999995,26,0,-0.04998608114307979,-0.06303725418182882,0.06303725418182882,0.04998608114307979,1.0,1.0,1.0,13.744051096243988,10.27994890375601,1.676547953743917,-1.7875712890688251,1.8066405809907944,-1.6605405809907938,4.201424890146755,0.7365751098532431,2.3237900077244498,4.754887502163469,3.5773502691896257,3.5773502691896257,3.5773502691896257,1.7320508075688772,1.7320508075688776,1.7320508075688776,1.7320508075688776,1.7320508075688776,0.0,0.0,0.0,0.0,0.0,3.2451124978365313,4.0,1.3333333333333333,0.0,27.834077371019372,0.0,0.0,0.0,0.0,0.0,0.0,0.0,0.0,0.0,0.0,20.771211599071872,5.917906046161393,0.0,0.0,0.0,0.0,0.0,0.0,5.917906046161393,20.771211599071872,0.0,0.0,0.0,0.0,0.0,0.0,0.0,0.0,0.0,0.0,5.917906046161393,20.771211599071872,0.0,0.0,0.0,0.0,0.0,0.0,0.0,0.0,0.0,0.0,5.917906046161393,0.0,0.0,0.0,20.771211599071872,0.0,0.0,0.0,0.0,0.0,0.0,0.8333333333333333,0.0,0.0,6.5,0.0,1.0,4,0,0,0,0,0,0,0,0,0,0,0,0,0,0,0,0,1.6622999999999999,20.511999999999997,0,0,0,0,0,0,0,0,0,0,0,0,0,0,0,0,0,0,0,0,0,0,0,0,0,0,0,0,0,0,0,0,0,0,0,0,0,0,0,0,0,0,0,0,0,0,0,0,0,0,0,0,0,0,0,0,0,0,0,0,0,0,0,0,0,0,0,0,0,0,0,0,0,0,0,0,0,0,0,0,0,0,0,0,0
n-Propylcyclohexane,CCCC1CCCCC1,1678-92-8,Biofuel,2.300204081632653,1.1006944444444442,2.300204081632653,1.1006944444444442,0.5318701002709462,126.24300000000001,108.09899999999998,126.14085057599999,54,0,-0.041438638110976984,-0.06537225173373659,0.06537225173373659,0.041438638110976984,1.1111111111111112,1.7777777777777777,2.3333333333333335,14.164796347910775,9.863208868695697,2.1045825150243798,-2.1970217528346465,2.262244051173974,-2.043491577975029,4.638994315579796,0.3363977223262373,2.0778607554610558,57.683674395583786,6.52709773749546,6.52709773749546,6.52709773749546,4.431851652578137,4.431851652578136,4.431851652578136,3.2927109793486977,3.2927109793486977,2.4216682964502647,2.4216682964502647,1.884063091437157,1.884063091437157,0.0,145.16653667335345,7.111111111111111,3.92,2.3801652892561984,58.6529567894732,0.0,0.0,0.0,0.0,0.0,0.0,0.0,0.0,0.0,0.0,51.8694885601727,5.917906046161393,0.0,0.0,0.0,0.0,0.0,0.0,5.917906046161393,51.8694885601727,0.0,0.0,0.0,0.0,0.0,0.0,0.0,0.0,0.0,0.0,5.917906046161393,51.8694885601727,0.0,0.0,0.0,0.0,0.0,0.0,0.0,0.0,0.0,0.0,5.917906046161393,44.94575136048208,0.0,0.0,6.923737199690624,0.0,0.0,0.0,0.0,0.0,0.0,1.1006944444444442,0.0,10.432434807256236,2.300204081632653,0.0,1.0,9,0,0,1,0,1,0,0,0,0,0,0,2,1,0,1,1,3.3668000000000022,41.483000000000004,0,0,0,0,0,0,0,0,0,0,0,0,0,0,0,0,0,0,0,0,0,0,0,0,0,0,0,0,0,0,0,0,0,0,0,0,0,0,0,0,0,0,0,0,0,0,0,0,0,0,0,0,0,0,0,0,0,0,0,0,0,0,0,0,0,0,0,0,0,0,0,0,0,0,0,0,0,0,0,0,0,0,0,0,0
n-Propylcyclopentane,CCCC1CCCC1,2040-96-2,Biofuel,2.29,1.111111111111111,2.29,1.111111111111111,0.5148636044218413,112.21600000000001,96.08799999999998,112.12520051199999,48,0,-0.0414386353406322,-0.06537225173373658,0.06537225173373658,0.0414386353406322,1.25,1.875,2.375,14.17968283497305,10.030465255886558,2.1197544782281987,-2.0287703476710415,2.274663710998437,-1.890936819396681,4.6527296821727075,0.4964977218550301,2.0584046167758574,51.058650025961626,5.819990956308912,5.819990956308912,5.819990956308912,3.931851652578137,3.931851652578137,3.931851652578137,2.939157588755424,2.939157588755424,2.1716682964502647,2.1716682964502647,1.7072863961405202,1.7072863961405202,0.0,107.1071906974106,6.125,3.111111111111111,1.5,52.28801467507659,0.0,0.0,0.0,0.0,0.0,0.0,0.0,0.0,0.0,0.0,45.448666937246685,5.917906046161393,0.0,0.0,0.0,0.0,0.0,0.0,5.917906046161393,45.448666937246685,0.0,0.0,0.0,0.0,0.0,0.0,0.0,0.0,0.0,0.0,5.917906046161393,45.448666937246685,0.0,0.0,0.0,0.0,0.0,0.0,0.0,0.0,0.0,0.0,5.917906046161393,38.524929737556064,0.0,0.0,6.923737199690624,0.0,0.0,0.0,0.0,0.0,0.0,1.111111111111111,0.0,8.932222222222222,2.29,0.0,1.0,8,0,0,1,0,1,0,0,0,0,0,0,2,1,0,1,1,2.976700000000002,36.86599999999999,0,0,0,0,0,0,0,0,0,0,0,0,0,0,0,0,0,0,0,0,0,0,0,0,0,0,0,0,0,0,0,0,0,0,0,0,0,0,0,0,0,0,0,0,0,0,0,0,0,0,0,0,0,0,0,0,0,0,0,0,0,0,0,0,0,0,0,0,0,0,0,0,0,0,0,0,0,0,0,0,0,0,0,0,0
Octane,CCCCCCCC,111-65-9,Biofuel,2.2558985260770976,1.364795918367347,2.2558985260770976,1.364795918367347,0.48061060527513716,114.232,96.08799999999998,114.14085057599999,50,0,-0.053316204543896704,-0.0653823832228023,0.0653823832228023,0.053316204543896704,0.625,1.0,1.25,13.894659234682535,10.132494143669753,1.8291013349134206,-1.9330649257747907,2.0277592346825384,-1.7344058563302447,4.386659234682541,0.6244941436697566,2.53006045688352,25.019550008653873,6.242640687119286,6.242640687119286,6.242640687119286,3.914213562373095,3.914213562373095,3.914213562373095,2.4142135623730945,2.4142135623730945,1.4571067811865472,1.4571067811865472,0.8535533905932734,0.8535533905932734,0.0,61.499612265106904,8.0,7.0,6.0,53.293845828605804,0.0,0.0,0.0,0.0,0.0,0.0,0.0,0.0,0.0,0.0,52.372404136937305,0.0,0.0,0.0,0.0,0.0,0.0,0.0,0.0,52.372404136937305,0.0,0.0,0.0,0.0,0.0,0.0,0.0,0.0,0.0,0.0,0.0,52.372404136937305,0.0,0.0,0.0,0.0,0.0,0.0,0.0,0.0,0.0,0.0,0.0,38.524929737556064,0.0,0.0,13.847474399381248,0.0,0.0,0.0,0.0,0.0,0.0,0.0,0.0,8.488202947845807,4.511797052154195,0.0,1.0,8,0,0,0,0,0,0,0,0,0,0,0,5,0,0,0,0,3.3668000000000022,39.05,0,0,0,0,0,0,0,0,0,0,0,0,0,0,0,0,0,0,0,0,0,0,0,0,0,0,0,0,0,0,0,0,0,0,0,0,0,0,0,0,0,0,0,0,0,0,0,0,0,0,0,0,0,0,0,0,0,0,0,0,0,0,0,0,0,0,0,0,0,0,0,0,0,0,0,0,0,0,0,0,0,0,0,3,0
para-Cymene,CC1=CC=C(C=C1)C(C)C,99-87-6,Biofuel,2.212962962962963,0.6533333333333331,2.212962962962963,0.6533333333333331,0.5532584920101852,134.22199999999998,120.10999999999997,134.109550448,54,0,-0.021882053067443556,-0.0590419921968874,0.0590419921968874,0.021882053067443556,1.0,1.5,1.9,14.004238595994881,10.024482534992158,1.94837422588232,-2.031653154210887,2.131527671788767,-1.8486722054148153,5.228177044700607,0.8658442096896685,2.893762783606678,193.78322454351996,7.560477932315068,6.886751345948129,6.886751345948129,4.698377302757663,3.764742878019983,3.764742878019983,3.065384140902211,3.065384140902211,1.7440169358562931,1.7440169358562931,0.9513530918323416,0.9513530918323416,-0.78,180.91251467537336,7.328459869848157,2.8694839561664094,1.598288065805947,62.89117157708339,0.0,0.0,0.0,0.0,0.0,0.0,0.0,0.0,0.0,0.0,43.67639416492469,18.405094737549014,0.0,0.0,0.0,0.0,0.0,0.0,0.0,26.689117645233264,0.0,35.392371257240434,0.0,0.0,0.0,0.0,0.0,0.0,0.0,0.0,6.923737199690624,30.892283428936633,24.26546827384644,0.0,0.0,0.0,0.0,0.0,0.0,0.0,0.0,5.917906046161393,0.0,11.126902983393991,0.0,0.0,45.03667987291831,0.0,0.0,0.0,0.0,0.0,2.7592592592592595,0.6533333333333331,8.712962962962964,0.0,6.541111111111111,0.0,0.4,10,0,0,0,0,0,1,0,1,0,0,0,1,0,0,0,1,3.118420000000002,45.26800000000003,0,0,0,0,0,0,0,0,0,0,0,0,0,0,0,0,0,0,0,0,0,0,0,0,0,0,0,0,0,0,1,0,0,0,1,0,0,0,0,0,0,0,0,0,0,0,0,0,0,0,0,0,0,0,0,0,0,0,0,0,0,0,0,0,0,0,0,0,0,0,0,0,0,0,0,0,0,0,0,0,0,0,0,0,0
Pentane,CCCCC,109-66-0,Biofuel,2.2118055555555554,1.34375,2.2118055555555554,1.34375,0.4687855098011332,72.151,60.05499999999999,72.093900384,32,0,-0.05383131543183678,-0.06538255537938412,0.06538255537938412,0.05383131543183678,1.0,1.4,1.4,13.744962415414642,10.279705138833732,1.6770337181948811,-1.7882347992017722,1.878062415414647,-1.5871948611662696,4.236962415414642,0.7717051388337315,2.19060968716425,7.5097750043269365,4.121320343559642,4.121320343559642,4.121320343559642,2.414213562373095,2.414213562373095,2.414213562373095,1.3535533905932735,1.3535533905932735,0.7071067811865474,0.7071067811865474,0.3535533905932737,0.3535533905932737,0.0,11.245112497836532,5.0,4.0,4.0,34.19901948541599,0.0,0.0,0.0,0.0,0.0,0.0,0.0,0.0,0.0,0.0,33.10993926815928,0.0,0.0,0.0,0.0,0.0,0.0,0.0,0.0,33.10993926815928,0.0,0.0,0.0,0.0,0.0,0.0,0.0,0.0,0.0,0.0,0.0,33.10993926815928,0.0,0.0,0.0,0.0,0.0,0.0,0.0,0.0,0.0,0.0,0.0,19.26246486877803,0.0,0.0,13.847474399381248,0.0,0.0,0.0,0.0,0.0,0.0,0.0,0.0,4.076388888888889,4.423611111111111,0.0,1.0,5,0,0,0,0,0,0,0,0,0,0,0,2,0,0,0,0,2.1965000000000003,25.19899999999999,0,0,0,0,0,0,0,0,0,0,0,0,0,0,0,0,0,0,0,0,0,0,0,0,0,0,0,0,0,0,0,0,0,0,0,0,0,0,0,0,0,0,0,0,0,0,0,0,0,0,0,0,0,0,0,0,0,0,0,0,0,0,0,0,0,0,0,0,0,0,0,0,0,0,0,0,0,0,0,0,0,0,0,0,0
Propane,CCC,74-98-6,Biofuel,2.125,1.25,2.125,1.25,0.3854706587740357,44.096999999999994,36.033,44.062600255999996,20,0,-0.059038363929048716,-0.06564544121023959,0.06564544121023959,0.059038363929048716,1.3333333333333333,1.3333333333333333,1.3333333333333333,13.425713650761436,10.597286349238559,1.3523744386698806,-1.4760582438091703,1.5588136507614399,-1.26961365076144,3.9177136507614367,1.0892863492385598,1.6329931618554523,0.0,2.7071067811865475,2.7071067811865475,2.7071067811865475,1.4142135623730951,1.414213562373095,1.414213562373095,0.7071067811865475,0.7071067811865475,0.0,0.0,0.0,0.0,0.0,2.7548875021634682,3.0,2.0,0.0,21.469135256622767,0.0,0.0,0.0,0.0,0.0,0.0,0.0,0.0,0.0,0.0,20.268296022307258,0.0,0.0,0.0,0.0,0.0,0.0,0.0,0.0,20.268296022307258,0.0,0.0,0.0,0.0,0.0,0.0,0.0,0.0,0.0,0.0,0.0,20.268296022307258,0.0,0.0,0.0,0.0,0.0,0.0,0.0,0.0,0.0,0.0,0.0,6.4208216229260096,0.0,0.0,13.847474399381248,0.0,0.0,0.0,0.0,0.0,0.0,0.0,0.0,1.25,4.25,0.0,1.0,3,0,0,0,0,0,0,0,0,0,0,0,0,0,0,0,0,1.4163,15.965000000000003,0,0,0,0,0,0,0,0,0,0,0,0,0,0,0,0,0,0,0,0,0,0,0,0,0,0,0,0,0,0,0,0,0,0,0,0,0,0,0,0,0,0,0,0,0,0,0,0,0,0,0,0,0,0,0,0,0,0,0,0,0,0,0,0,0,0,0,0,0,0,0,0,0,0,0,0,0,0,0,0,0,0,0,0,0
Propene,CC=C,115-07-1,Biofuel,3.361111111111111,1.75,3.361111111111111,1.75,0.3570688167166915,42.080999999999996,36.033,42.046950192,18,0,-0.0472598095819833,-0.10336125074726941,0.10336125074726941,0.0472598095819833,2.0,2.0,2.0,13.236216411960266,10.786726397011494,1.1451678078713239,-1.305060595834776,1.3766661644886928,-1.0728567823717958,4.511980410498887,1.7999411690849343,2.1874960973678963,7.5097750043269365,2.7071067811865475,2.284457050376173,2.284457050376173,1.4142135623730951,0.9855985596534889,0.9855985596534889,0.408248290463863,0.408248290463863,0.0,0.0,0.0,0.0,-0.26,2.7548875021634682,2.7400000000000007,1.7400000000000013,1.7399999999999973,20.779532224438512,0.0,0.0,0.0,0.0,0.0,0.0,0.0,0.0,0.0,6.578935683598497,6.076020106833881,6.923737199690624,0.0,0.0,0.0,0.0,0.0,0.0,0.0,6.923737199690624,0.0,12.654955790432378,0.0,0.0,0.0,0.0,0.0,0.0,0.0,0.0,0.0,6.923737199690624,12.654955790432378,0.0,0.0,0.0,0.0,0.0,0.0,0.0,0.0,0.0,0.0,0.0,6.076020106833881,6.923737199690624,6.578935683598497,0.0,0.0,0.0,0.0,0.0,0.0,0.0,0.0,1.75,5.25,0.0,0.3333333333333333,3,0,0,0,0,0,0,0,0,0,0,0,0,0,0,0,0,1.1923000000000001,15.871000000000002,0,0,0,0,0,0,0,0,0,0,0,0,0,0,0,0,0,0,0,0,0,0,0,0,0,0,1,0,0,0,0,0,0,0,0,0,0,0,0,0,0,0,0,0,0,0,0,0,0,0,0,0,0,0,0,0,0,0,0,0,0,0,0,0,0,0,0,0,0,0,0,0,0,0,0,0,0,0,0,0,0,0,0,0,0
Propylcyclohexane,CCCC1CCCCC1,1678-92-8,Biofuel,2.300204081632653,1.1006944444444442,2.300204081632653,1.1006944444444442,0.5318701002709462,126.24300000000001,108.09899999999998,126.14085057599999,54,0,-0.041438638110976984,-0.06537225173373659,0.06537225173373659,0.041438638110976984,1.1111111111111112,1.7777777777777777,2.3333333333333335,14.164796347910775,9.863208868695697,2.1045825150243798,-2.1970217528346465,2.262244051173974,-2.043491577975029,4.638994315579796,0.3363977223262373,2.0778607554610558,57.683674395583786,6.52709773749546,6.52709773749546,6.52709773749546,4.431851652578137,4.431851652578136,4.431851652578136,3.2927109793486977,3.2927109793486977,2.4216682964502647,2.4216682964502647,1.884063091437157,1.884063091437157,0.0,145.16653667335345,7.111111111111111,3.92,2.3801652892561984,58.6529567894732,0.0,0.0,0.0,0.0,0.0,0.0,0.0,0.0,0.0,0.0,51.8694885601727,5.917906046161393,0.0,0.0,0.0,0.0,0.0,0.0,5.917906046161393,51.8694885601727,0.0,0.0,0.0,0.0,0.0,0.0,0.0,0.0,0.0,0.0,5.917906046161393,51.8694885601727,0.0,0.0,0.0,0.0,0.0,0.0,0.0,0.0,0.0,0.0,5.917906046161393,44.94575136048208,0.0,0.0,6.923737199690624,0.0,0.0,0.0,0.0,0.0,0.0,1.1006944444444442,0.0,10.432434807256236,2.300204081632653,0.0,1.0,9,0,0,1,0,1,0,0,0,0,0,0,2,1,0,1,1,3.3668000000000022,41.483000000000004,0,0,0,0,0,0,0,0,0,0,0,0,0,0,0,0,0,0,0,0,0,0,0,0,0,0,0,0,0,0,0,0,0,0,0,0,0,0,0,0,0,0,0,0,0,0,0,0,0,0,0,0,0,0,0,0,0,0,0,0,0,0,0,0,0,0,0,0,0,0,0,0,0,0,0,0,0,0,0,0,0,0,0,0,0
Propylcyclopentane,CCCC1CCCC1,2040-96-2,Biofuel,2.29,1.111111111111111,2.29,1.111111111111111,0.5148636044218413,112.21600000000001,96.08799999999998,112.12520051199999,48,0,-0.0414386353406322,-0.06537225173373658,0.06537225173373658,0.0414386353406322,1.25,1.875,2.375,14.17968283497305,10.030465255886558,2.1197544782281987,-2.0287703476710415,2.274663710998437,-1.890936819396681,4.6527296821727075,0.4964977218550301,2.0584046167758574,51.058650025961626,5.819990956308912,5.819990956308912,5.819990956308912,3.931851652578137,3.931851652578137,3.931851652578137,2.939157588755424,2.939157588755424,2.1716682964502647,2.1716682964502647,1.7072863961405202,1.7072863961405202,0.0,107.1071906974106,6.125,3.111111111111111,1.5,52.28801467507659,0.0,0.0,0.0,0.0,0.0,0.0,0.0,0.0,0.0,0.0,45.448666937246685,5.917906046161393,0.0,0.0,0.0,0.0,0.0,0.0,5.917906046161393,45.448666937246685,0.0,0.0,0.0,0.0,0.0,0.0,0.0,0.0,0.0,0.0,5.917906046161393,45.448666937246685,0.0,0.0,0.0,0.0,0.0,0.0,0.0,0.0,0.0,0.0,5.917906046161393,38.524929737556064,0.0,0.0,6.923737199690624,0.0,0.0,0.0,0.0,0.0,0.0,1.111111111111111,0.0,8.932222222222222,2.29,0.0,1.0,8,0,0,1,0,1,0,0,0,0,0,0,2,1,0,1,1,2.976700000000002,36.86599999999999,0,0,0,0,0,0,0,0,0,0,0,0,0,0,0,0,0,0,0,0,0,0,0,0,0,0,0,0,0,0,0,0,0,0,0,0,0,0,0,0,0,0,0,0,0,0,0,0,0,0,0,0,0,0,0,0,0,0,0,0,0,0,0,0,0,0,0,0,0,0,0,0,0,0,0,0,0,0,0,0,0,0,0,0,0
dimethyl ether,COC,115-10-6,Biofuel,4.25,1.625,4.25,1.625,0.3800398096193344,46.069,40.021,46.041864812,20,0,0.035078372220806404,-0.3879283458815952,0.3879283458815952,0.035078372220806404,1.3333333333333333,1.3333333333333333,1.3333333333333333,16.449685395995985,11.561314604004028,1.254090895685948,-1.6059408693467365,1.2803521410140613,-1.5512521410140627,3.5615688931954113,0.2774311068045893,1.6329931618554523,2.7548875021634682,2.7071067811865475,2.408248290463863,2.408248290463863,1.4142135623730951,0.8164965809277261,0.8164965809277261,0.4082482904638631,0.4082482904638631,0.0,0.0,0.0,0.0,-0.04,2.7548875021634682,2.9600000000000004,1.96,1.9600000000000033,20.217738371733038,4.736862953800049,0.0,0.0,0.0,0.0,0.0,0.0,0.0,0.0,0.0,0.0,0.0,14.219595082555067,0.0,4.736862953800049,0.0,0.0,0.0,0.0,0.0,14.219595082555067,0.0,0.0,0.0,0.0,0.0,0.0,0.0,14.219595082555067,4.736862953800049,0.0,0.0,0.0,0.0,0.0,0.0,9.23,0.0,0.0,0.0,0.0,0.0,0.0,0.0,14.219595082555067,0.0,4.736862953800049,0.0,4.25,0.0,0.0,0.0,0.0,0.0,0.0,0.0,0.0,3.25,1.0,3,0,1,0,0,0,0,0,0,1,0,1,0,0,0,0,0,0.26260000000000006,12.933000000000002,0,0,0,0,0,0,0,0,0,0,0,0,0,0,0,0,0,0,0,0,0,0,0,0,0,0,0,0,0,0,0,0,0,0,0,0,0,0,0,0,0,1,0,0,0,0,0,0,0,0,0,0,0,0,0,1,0,0,0,0,0,0,0,0,0,0,0,0,0,0,0,0,0,0,0,0,0,0,0,0,0,0,0,0,0
Methane,C,74-82-8  ,Biofuel,0.0,0.0,0.0,0.0,0.3597849378839701,16.043,12.011,16.031300127999998,8,0,-0.07755789119307553,-0.07755789119307553,0.07755789119307553,0.07755789119307553,1.0,1.0,1.0,12.011,12.011,-0.07755789119307553,-0.07755789119307553,0.1441,0.1441,2.503,2.503,0.0,0.0,0.0,0.0,0.0,0.0,0.0,0.0,0.0,0.0,0.0,0.0,0.0,0.0,0.0,0.0,0.0,0.0,0.0,8.739251027829551,0.0,0.0,0.0,0.0,0.0,0.0,0.0,0.0,0.0,0.0,7.426652776455239,0.0,0.0,0.0,0.0,0.0,0.0,0.0,0.0,7.426652776455239,0.0,0.0,0.0,0.0,0.0,0.0,0.0,0.0,0.0,0.0,0.0,7.426652776455239,0.0,0.0,0.0,0.0,0.0,0.0,0.0,0.0,7.426652776455239,0.0,0.0,0.0,0.0,0.0,0.0,0.0,0.0,0.0,0.0,0.0,0.0,0.0,0.0,0.0,0.0,0.0,1.0,1,0,0,0,0,0,0,0,0,0,0,0,0,0,0,0,0,0.6361,6.731,0,0,0,0,0,0,0,0,0,0,0,0,0,0,0,0,0,0,0,0,0,0,0,0,0,0,0,0,0,0,0,0,0,0,0,0,0,0,0,0,0,0,0,0,0,0,0,0,0,0,0,0,0,0,0,0,0,0,0,0,0,0,0,0,0,0,0,0,0,0,0,0,0,0,0,0,0,0,0,0,0,0,0,0,0
Ethane,CC,74-84-0,Biofuel,2.0,2.0,2.0,2.0,0.3727855551576051,30.07,24.022,30.046950192,14,0,-0.06826238342059164,-0.06826238342059164,0.06826238342059164,0.06826238342059164,1.0,1.0,1.0,13.011,11.011000000000001,0.9317376165794083,-1.0682623834205915,1.1441,-0.8558999999999998,3.5029999999999997,1.503,1.0,0.0,2.0,2.0,2.0,1.0,1.0,1.0,0.0,0.0,0.0,0.0,0.0,0.0,0.0,2.0,2.0,0.0,0.0,15.104193142226158,0.0,0.0,0.0,0.0,0.0,0.0,0.0,0.0,0.0,0.0,13.847474399381248,0.0,0.0,0.0,0.0,0.0,0.0,0.0,0.0,13.847474399381248,0.0,0.0,0.0,0.0,0.0,0.0,0.0,0.0,0.0,0.0,0.0,13.847474399381248,0.0,0.0,0.0,0.0,0.0,0.0,0.0,0.0,0.0,0.0,0.0,0.0,0.0,13.847474399381248,0.0,0.0,0.0,0.0,0.0,0.0,0.0,0.0,0.0,0.0,4.0,0.0,1.0,2,0,0,0,0,0,0,0,0,0,0,0,0,0,0,0,0,1.0262,11.348000000000003,0,0,0,0,0,0,0,0,0,0,0,0,0,0,0,0,0,0,0,0,0,0,0,0,0,0,0,0,0,0,0,0,0,0,0,0,0,0,0,0,0,0,0,0,0,0,0,0,0,0,0,0,0,0,0,0,0,0,0,0,0,0,0,0,0,0,0,0,0,0,0,0,0,0,0,0,0,0,0,0,0,0,0,0,0
Propane,CCC,74-98-6,Biofuel,2.125,1.25,2.125,1.25,0.3854706587740357,44.096999999999994,36.033,44.062600255999996,20,0,-0.059038363929048716,-0.06564544121023959,0.06564544121023959,0.059038363929048716,1.3333333333333333,1.3333333333333333,1.3333333333333333,13.425713650761436,10.597286349238559,1.3523744386698806,-1.4760582438091703,1.5588136507614399,-1.26961365076144,3.9177136507614367,1.0892863492385598,1.6329931618554523,0.0,2.7071067811865475,2.7071067811865475,2.7071067811865475,1.4142135623730951,1.414213562373095,1.414213562373095,0.7071067811865475,0.7071067811865475,0.0,0.0,0.0,0.0,0.0,2.7548875021634682,3.0,2.0,0.0,21.469135256622767,0.0,0.0,0.0,0.0,0.0,0.0,0.0,0.0,0.0,0.0,20.268296022307258,0.0,0.0,0.0,0.0,0.0,0.0,0.0,0.0,20.268296022307258,0.0,0.0,0.0,0.0,0.0,0.0,0.0,0.0,0.0,0.0,0.0,20.268296022307258,0.0,0.0,0.0,0.0,0.0,0.0,0.0,0.0,0.0,0.0,0.0,6.4208216229260096,0.0,0.0,13.847474399381248,0.0,0.0,0.0,0.0,0.0,0.0,0.0,0.0,1.25,4.25,0.0,1.0,3,0,0,0,0,0,0,0,0,0,0,0,0,0,0,0,0,1.4163,15.965000000000003,0,0,0,0,0,0,0,0,0,0,0,0,0,0,0,0,0,0,0,0,0,0,0,0,0,0,0,0,0,0,0,0,0,0,0,0,0,0,0,0,0,0,0,0,0,0,0,0,0,0,0,0,0,0,0,0,0,0,0,0,0,0,0,0,0,0,0,0,0,0,0,0,0,0,0,0,0,0,0,0,0,0,0,0,0
2-Methylpentane,CCCC(C)C,107-83-5  ,Biofuel,2.2534722222222223,0.8981481481481479,2.2534722222222223,0.8981481481481479,0.4838902980848686,86.178,72.06599999999999,86.109550448,38,0,-0.04714263543756667,-0.06537259817899396,0.06537259817899396,0.04714263543756667,1.3333333333333333,1.8333333333333333,1.8333333333333333,13.915562047569095,10.109923040658451,1.8513166066046423,-1.954342431596249,1.99908672764211,-1.8116090393407516,4.382863992183623,0.5760031536750146,2.6272148478988635,21.219280948873624,4.99156383156272,4.99156383156272,4.99156383156272,2.770055610029662,2.770055610029662,2.770055610029662,2.1825219847121646,2.1825219847121646,0.8660254037844386,0.8660254037844386,0.5773502691896257,0.5773502691896257,0.0,14.834466856136647,6.0,3.2,4.0,40.563961599812586,0.0,0.0,0.0,0.0,0.0,0.0,0.0,0.0,0.0,0.0,33.61285484492389,5.917906046161393,0.0,0.0,0.0,0.0,0.0,0.0,5.917906046161393,33.61285484492389,0.0,0.0,0.0,0.0,0.0,0.0,0.0,0.0,0.0,0.0,5.917906046161393,33.61285484492389,0.0,0.0,0.0,0.0,0.0,0.0,0.0,0.0,0.0,0.0,5.917906046161393,12.841643245852019,0.0,0.0,20.771211599071872,0.0,0.0,0.0,0.0,0.0,0.0,0.8981481481481479,0.0,2.7060185185185186,6.729166666666667,0.0,1.0,6,0,0,0,0,0,0,0,0,0,0,0,2,0,0,0,0,2.442500000000001,29.74599999999998,0,0,0,0,0,0,0,0,0,0,0,0,0,0,0,0,0,0,0,0,0,0,0,0,0,0,0,0,0,0,0,0,0,0,0,0,0,0,0,0,0,0,0,0,0,0,0,0,0,0,0,0,0,0,0,0,0,0,0,0,0,0,0,0,0,0,0,0,0,0,0,0,0,0,0,0,0,0,0,0,0,0,0,0,0
3-Methylpentane,CCC(C)CC,96-14-0  ,Not biofuel,2.2777777777777777,0.9351851851851851,2.2777777777777777,0.9351851851851851,0.4838902980848686,86.178,72.06599999999999,86.109550448,38,0,-0.04480471003954574,-0.06512847364618164,0.06512847364618164,0.04480471003954574,1.1666666666666667,1.5,1.5,13.945215218109075,10.080095912679619,1.8819366832520852,-1.983213102526966,2.0233630284165125,-1.8454449878734882,4.410076596695986,0.5440639288486602,2.7541847860376616,19.219280948873624,4.99156383156272,4.99156383156272,4.99156383156272,2.808060412490447,2.808060412490447,2.808060412490447,1.9216682964502652,1.9216682964502652,1.3938468501173518,1.3938468501173518,0.28867513459481287,0.28867513459481287,0.0,19.800269059780252,6.0,3.2,2.25,40.563961599812586,0.0,0.0,0.0,0.0,0.0,0.0,0.0,0.0,0.0,0.0,33.61285484492389,5.917906046161393,0.0,0.0,0.0,0.0,0.0,0.0,5.917906046161393,33.61285484492389,0.0,0.0,0.0,0.0,0.0,0.0,0.0,0.0,0.0,0.0,5.917906046161393,33.61285484492389,0.0,0.0,0.0,0.0,0.0,0.0,0.0,0.0,0.0,0.0,5.917906046161393,12.841643245852019,0.0,0.0,20.771211599071872,0.0,0.0,0.0,0.0,0.0,0.0,0.9351851851851851,0.0,2.6597222222222223,6.738425925925926,0.0,1.0,6,0,0,0,0,0,0,0,0,0,0,0,2,0,0,0,0,2.442500000000001,29.74599999999998,0,0,0,0,0,0,0,0,0,0,0,0,0,0,0,0,0,0,0,0,0,0,0,0,0,0,0,0,0,0,0,0,0,0,0,0,0,0,0,0,0,0,0,0,0,0,0,0,0,0,0,0,0,0,0,0,0,0,0,0,0,0,0,0,0,0,0,0,0,0,0,0,0,0,0,0,0,0,0,0,0,0,0,0,0
"2,3-Dimethylbutane",CC(C)C(C)C,79-29-8  ,Not biofuel,2.240740740740741,0.8518518518518516,2.240740740740741,0.8518518518518516,0.4590282783168001,86.178,72.06599999999999,86.109550448,38,0,-0.04481265908420449,-0.06252913230679805,0.06252913230679805,0.04481265908420449,0.6666666666666666,0.8333333333333334,0.8333333333333334,14.013334517859978,10.012000000000008,1.9516290844405955,-2.0497414690825204,2.0520159625774275,-1.952481299711394,4.459075191119941,0.4569728569138516,2.9934972434784735,21.019550008653873,5.1547005383792515,5.1547005383792515,5.1547005383792515,2.6427344100918364,2.642734410091837,2.642734410091837,2.4880338717125854,2.4880338717125854,1.3333333333333337,1.3333333333333337,0.0,0.0,0.0,13.609640474436812,6.0,2.2222222222222223,2.25,40.563961599812586,0.0,0.0,0.0,0.0,0.0,0.0,0.0,0.0,0.0,0.0,27.694948798762496,11.835812092322787,0.0,0.0,0.0,0.0,0.0,0.0,11.835812092322787,27.694948798762496,0.0,0.0,0.0,0.0,0.0,0.0,0.0,0.0,0.0,0.0,11.835812092322787,27.694948798762496,0.0,0.0,0.0,0.0,0.0,0.0,0.0,0.0,0.0,0.0,11.835812092322787,0.0,0.0,0.0,27.694948798762496,0.0,0.0,0.0,0.0,0.0,0.0,1.7037037037037033,0.0,0.0,8.962962962962964,0.0,1.0,6,0,0,0,0,0,0,0,0,0,0,0,1,0,0,0,0,2.2984,29.675999999999984,0,0,0,0,0,0,0,0,0,0,0,0,0,0,0,0,0,0,0,0,0,0,0,0,0,0,0,0,0,0,0,0,0,0,0,0,0,0,0,0,0,0,0,0,0,0,0,0,0,0,0,0,0,0,0,0,0,0,0,0,0,0,0,0,0,0,0,0,0,0,0,0,0,0,0,0,0,0,0,0,0,0,0,0,0
2-Methylhexane,CCCCC(C)C,591-76-4  ,Biofuel,2.2734722222222223,0.9027314814814813,2.2734722222222223,0.9027314814814813,0.5112703489666591,100.20499999999998,84.07699999999998,100.12520051199999,44,0,-0.04713274852204558,-0.06538221239010727,0.06538221239010727,0.04713274852204558,1.2857142857142858,1.8571428571428572,2.0,13.94608135018466,10.080142899802732,1.8821876934441113,-1.9837657676845375,2.0375324588646344,-1.8346673329298178,4.417096157328514,0.5496425543061613,2.678257743164726,29.01955000865387,5.698670612749268,5.698670612749268,5.698670612749268,3.270055610029662,3.270055610029662,3.270055610029662,2.536075375305438,2.536075375305438,1.1350278050148308,1.1350278050148308,0.6123724356957945,0.6123724356957945,0.0,29.01955000865388,7.0,4.166666666666667,6.0,46.92890371420919,0.0,0.0,0.0,0.0,0.0,0.0,0.0,0.0,0.0,0.0,40.0336764678499,5.917906046161393,0.0,0.0,0.0,0.0,0.0,0.0,5.917906046161393,40.0336764678499,0.0,0.0,0.0,0.0,0.0,0.0,0.0,0.0,0.0,0.0,5.917906046161393,40.0336764678499,0.0,0.0,0.0,0.0,0.0,0.0,0.0,0.0,0.0,0.0,5.917906046161393,19.26246486877803,0.0,0.0,20.771211599071872,0.0,0.0,0.0,0.0,0.0,0.0,0.9027314814814813,0.0,4.145185185185185,6.785416666666666,0.0,1.0,7,0,0,0,0,0,0,0,0,0,0,0,3,0,0,0,0,2.832600000000001,34.362999999999985,0,0,0,0,0,0,0,0,0,0,0,0,0,0,0,0,0,0,0,0,0,0,0,0,0,0,0,0,0,0,0,0,0,0,0,0,0,0,0,0,0,0,0,0,0,0,0,0,0,0,0,0,0,0,0,0,0,0,0,0,0,0,0,0,0,0,0,0,0,0,0,0,0,0,0,0,0,0,0,0,0,0,0,0,0
3-Methylhexane,CCCC(C)CC,589-34-4,Not biofuel,2.3090277777777777,0.949074074074074,2.3090277777777777,0.949074074074074,0.5112703489666591,100.205,84.07699999999998,100.12520051199999,44,0,-0.044552450743140945,-0.06537242643141263,0.06537242643141263,0.044552450743140945,1.2857142857142858,1.8571428571428572,2.0,13.983693217313,10.042400277007214,1.9210343082010055,-2.0202837449723887,2.067663286451609,-1.8779395257262868,4.451311172753975,0.508967292553977,2.8318199660707846,31.019550008653873,5.698670612749268,5.698670612749268,5.698670612749268,3.308060412490447,3.308060412490447,3.308060412490447,2.3020951405812147,2.3020951405812147,1.478397839480233,1.478397839480233,0.6969234250586758,0.6969234250586758,0.0,31.916635235956914,7.0,4.166666666666667,3.84,46.92890371420919,0.0,0.0,0.0,0.0,0.0,0.0,0.0,0.0,0.0,0.0,40.0336764678499,5.917906046161393,0.0,0.0,0.0,0.0,0.0,0.0,5.917906046161393,40.0336764678499,0.0,0.0,0.0,0.0,0.0,0.0,0.0,0.0,0.0,0.0,5.917906046161393,40.0336764678499,0.0,0.0,0.0,0.0,0.0,0.0,0.0,0.0,0.0,0.0,5.917906046161393,19.26246486877803,0.0,0.0,20.771211599071872,0.0,0.0,0.0,0.0,0.0,0.0,0.949074074074074,0.0,4.082685185185185,6.8015740740740736,0.0,1.0,7,0,0,0,0,0,0,0,0,0,0,0,3,0,0,0,0,2.832600000000001,34.362999999999985,0,0,0,0,0,0,0,0,0,0,0,0,0,0,0,0,0,0,0,0,0,0,0,0,0,0,0,0,0,0,0,0,0,0,0,0,0,0,0,0,0,0,0,0,0,0,0,0,0,0,0,0,0,0,0,0,0,0,0,0,0,0,0,0,0,0,0,0,0,0,0,0,0,0,0,0,0,0,0,0,0,0,0,0,0
"2,2-Dimethylpentane",CCCC(C)(C)C,590-35-2,Biofuel,2.2743055555555554,0.5503472222222222,2.2743055555555554,0.5503472222222222,0.4750207476322447,100.20499999999998,84.07699999999998,100.12520051199999,44,0,-0.03827118037973427,-0.0653625715831776,0.0653625715831776,0.03827118037973427,1.1428571428571428,1.5714285714285714,1.5714285714285714,14.114787605279886,9.911430892981071,2.055444422588347,-2.147949012445037,2.188397465243936,-2.0188459406773127,4.577417942951085,0.3731039513926097,3.154490065368808,38.49022499567306,5.914213562373095,5.914213562373095,5.914213562373095,3.060660171779821,3.060660171779821,3.060660171779821,3.310660171779821,3.310660171779821,0.9999999999999998,0.9999999999999998,0.7499999999999998,0.7499999999999998,0.0,18.14170945007629,7.0,2.34375,6.0,46.92890371420919,0.0,0.0,0.0,0.0,0.0,0.0,0.0,0.0,0.0,0.0,34.11577042168851,11.83581209232279,0.0,0.0,0.0,0.0,0.0,0.0,5.41499046939678,40.53659204461451,0.0,0.0,0.0,0.0,0.0,0.0,0.0,0.0,0.0,0.0,5.41499046939678,40.53659204461451,0.0,0.0,0.0,0.0,0.0,0.0,0.0,0.0,0.0,5.41499046939678,0.0,12.841643245852019,0.0,0.0,27.694948798762496,0.0,0.0,0.0,0.0,0.0,0.5503472222222222,0.0,0.0,2.6493055555555554,9.050347222222221,0.0,1.0,7,0,0,0,0,0,0,0,0,0,0,0,1,0,0,0,0,2.832600000000001,34.362999999999985,0,0,0,0,0,0,0,0,0,0,0,0,0,0,0,0,0,0,0,0,0,0,0,0,0,0,0,0,0,0,0,0,0,0,0,0,0,0,0,0,0,0,0,0,0,0,0,0,0,0,0,0,0,0,0,0,0,0,0,0,0,0,0,0,0,0,0,0,0,0,0,0,0,0,0,0,0,0,0,0,0,0,0,0,0
"3,3-Dimethylpentane",CCC(C)(C)CC,562-49-2  ,Biofuel,2.298611111111111,0.5833333333333334,2.298611111111111,0.5833333333333334,0.5002442109657919,100.20499999999998,84.07699999999998,100.12520051199999,44,0,-0.03594562843668448,-0.06487337882622692,0.06487337882622692,0.03594562843668448,1.0,1.2857142857142858,1.2857142857142858,14.149550307493504,9.876498710164562,2.0914343529325277,-2.1816698000596295,2.2220515744997984,-2.0541942039873824,4.611729990480692,0.3378954369712388,3.3604351426960575,38.0,5.914213562373096,5.914213562373096,5.914213562373096,3.121320343559643,3.1213203435596424,3.1213203435596424,2.871320343559643,2.871320343559643,1.914213562373095,1.914213562373095,0.24999999999999994,0.24999999999999994,0.0,26.838740541269832,7.0,2.34375,2.6666666666666665,46.92890371420919,0.0,0.0,0.0,0.0,0.0,0.0,0.0,0.0,0.0,0.0,40.53659204461451,5.41499046939678,0.0,0.0,0.0,0.0,0.0,0.0,5.41499046939678,40.53659204461451,0.0,0.0,0.0,0.0,0.0,0.0,0.0,0.0,0.0,0.0,5.41499046939678,40.53659204461451,0.0,0.0,0.0,0.0,0.0,0.0,0.0,0.0,0.0,5.41499046939678,0.0,12.841643245852019,0.0,0.0,27.694948798762496,0.0,0.0,0.0,0.0,0.0,0.5833333333333334,0.0,0.0,2.5902777777777777,9.07638888888889,0.0,1.0,7,0,0,0,0,0,0,0,0,0,0,0,2,0,0,0,0,2.832600000000001,34.362999999999985,0,0,0,0,0,0,0,0,0,0,0,0,0,0,0,0,0,0,0,0,0,0,0,0,0,0,0,0,0,0,0,0,0,0,0,0,0,0,0,0,0,0,0,0,0,0,0,0,0,0,0,0,0,0,0,0,0,0,0,0,0,0,0,0,0,0,0,0,0,0,0,0,0,0,0,0,0,0,0,0,0,0,0,0,0
"2,3-Dimethylpentane",CCC(C)C(C)C,565-59-3  ,Not biofuel,2.2962962962962963,0.8657407407407406,2.2962962962962963,0.8657407407407406,0.5001817914751358,100.20499999999998,84.07699999999998,100.12520051199999,44,0,-0.042223386517280546,-0.06511846835372892,0.06511846835372892,0.042223386517280546,1.1428571428571428,1.5714285714285714,1.5714285714285714,14.066881219377116,9.95918068295084,2.0064276726545613,-2.1013106062957765,2.113159452594174,-1.998760246267159,4.516176878336748,0.4074492292309298,3.1442082073698243,37.30296890880646,5.8618073195657985,5.8618073195657985,5.8618073195657985,3.1807392125526213,3.1807392125526213,3.1807392125526213,2.629549110512868,2.629549110512868,1.7820217383170776,1.7820217383170776,0.47140452079103173,0.47140452079103173,0.0,27.977093296928835,7.0,3.061224489795918,2.6666666666666665,46.92890371420919,0.0,0.0,0.0,0.0,0.0,0.0,0.0,0.0,0.0,0.0,34.11577042168851,11.835812092322787,0.0,0.0,0.0,0.0,0.0,0.0,11.835812092322787,34.11577042168851,0.0,0.0,0.0,0.0,0.0,0.0,0.0,0.0,0.0,0.0,11.835812092322787,34.11577042168851,0.0,0.0,0.0,0.0,0.0,0.0,0.0,0.0,0.0,0.0,11.835812092322787,6.4208216229260096,0.0,0.0,27.694948798762496,0.0,0.0,0.0,0.0,0.0,0.0,1.7685185185185182,0.0,1.3171296296296298,9.081018518518519,0.0,1.0,7,0,0,0,0,0,0,0,0,0,0,0,2,0,0,0,0,2.6885000000000012,34.292999999999985,0,0,0,0,0,0,0,0,0,0,0,0,0,0,0,0,0,0,0,0,0,0,0,0,0,0,0,0,0,0,0,0,0,0,0,0,0,0,0,0,0,0,0,0,0,0,0,0,0,0,0,0,0,0,0,0,0,0,0,0,0,0,0,0,0,0,0,0,0,0,0,0,0,0,0,0,0,0,0,0,0,0,0,0,0
"2,4-Dimethylpentane",CC(C)CC(C)C,108-08-7,Not biofuel,2.263888888888889,0.8749999999999998,2.263888888888889,0.8749999999999998,0.5001817914751358,100.20499999999998,84.07699999999998,100.12520051199999,44,0,-0.04688931685947847,-0.06276378738606951,0.06276378738606951,0.04688931685947847,0.8571428571428571,1.1428571428571428,1.1428571428571428,14.014251950198746,10.01224954721075,1.951961100676995,-2.0500598497960745,2.0766437290779174,-1.9280421509203858,4.4715799171733694,0.46892161946431205,2.9532231745612925,29.302968908806456,5.8618073195657985,5.8618073195657985,5.8618073195657985,3.125897657686229,3.125897657686229,3.125897657686229,3.0233959606302196,3.0233959606302196,0.9428090415820635,0.9428090415820635,0.9428090415820635,0.9428090415820635,0.0,19.093583929800843,7.0,3.061224489795918,6.0,46.92890371420919,0.0,0.0,0.0,0.0,0.0,0.0,0.0,0.0,0.0,0.0,27.694948798762496,18.256633715248796,0.0,0.0,0.0,0.0,0.0,0.0,11.835812092322787,34.11577042168851,0.0,0.0,0.0,0.0,0.0,0.0,0.0,0.0,0.0,0.0,11.835812092322787,34.11577042168851,0.0,0.0,0.0,0.0,0.0,0.0,0.0,0.0,0.0,0.0,11.835812092322787,6.4208216229260096,0.0,0.0,27.694948798762496,0.0,0.0,0.0,0.0,0.0,0.0,1.7499999999999996,0.0,1.3611111111111112,9.055555555555555,0.0,1.0,7,0,0,0,0,0,0,0,0,0,0,0,2,0,0,0,0,2.6885000000000012,34.292999999999985,0,0,0,0,0,0,0,0,0,0,0,0,0,0,0,0,0,0,0,0,0,0,0,0,0,0,0,0,0,0,0,0,0,0,0,0,0,0,0,0,0,0,0,0,0,0,0,0,0,0,0,0,0,0,0,0,0,0,0,0,0,0,0,0,0,0,0,0,0,0,0,0,0,0,0,0,0,0,0,0,0,0,0,0,0
3-Ethylpentane,CCC(CC)CC,617-78-7  ,Not biofuel,2.261574074074074,0.9861111111111109,2.261574074074074,0.9861111111111109,0.5112703489666591,100.205,84.07699999999998,100.12520051199999,44,0,-0.04221543387253523,-0.06511852812199308,0.06511852812199308,0.04221543387253523,0.8571428571428571,1.1428571428571428,1.1428571428571428,14.014002995502254,10.012000000000002,1.9523752809357462,-2.049663409242256,2.094855983815344,-1.9106590894867614,4.480204764679129,0.4773457108034254,2.9923028831940863,21.509775004326936,5.698670612749268,5.698670612749268,5.698670612749268,3.3460652149512318,3.3460652149512318,3.3460652149512318,2.0907702751760278,2.0907702751760278,1.7320508075688772,1.7320508075688772,0.8660254037844386,0.8660254037844386,0.0,34.3994618804395,7.0,4.166666666666667,2.6666666666666665,46.92890371420919,0.0,0.0,0.0,0.0,0.0,0.0,0.0,0.0,0.0,0.0,40.0336764678499,5.917906046161393,0.0,0.0,0.0,0.0,0.0,0.0,5.917906046161393,40.0336764678499,0.0,0.0,0.0,0.0,0.0,0.0,0.0,0.0,0.0,0.0,5.917906046161393,40.0336764678499,0.0,0.0,0.0,0.0,0.0,0.0,0.0,0.0,0.0,0.0,5.917906046161393,19.26246486877803,0.0,0.0,20.771211599071872,0.0,0.0,0.0,0.0,0.0,0.0,0.9861111111111109,0.0,4.0625,6.784722222222221,0.0,1.0,7,0,0,0,0,0,0,0,0,0,0,0,3,0,0,0,0,2.832600000000001,34.362999999999985,0,0,0,0,0,0,0,0,0,0,0,0,0,0,0,0,0,0,0,0,0,0,0,0,0,0,0,0,0,0,0,0,0,0,0,0,0,0,0,0,0,0,0,0,0,0,0,0,0,0,0,0,0,0,0,0,0,0,0,0,0,0,0,0,0,0,0,0,0,0,0,0,0,0,0,0,0,0,0,0,0,0,0,0,0
"2,2,3-Trimethylbutane",CC(C)C(C)(C)C,464-06-2  ,Not biofuel,2.261574074074074,0.5,2.261574074074074,0.5,0.4387734079247987,100.20499999999998,84.07699999999998,100.12520051199999,44,0,-0.03595364166053182,-0.06227354329393883,0.06227354329393883,0.03595364166053182,1.0,1.1428571428571428,1.1428571428571428,14.189174912621917,9.836924894055704,2.131894152259927,-2.2204096809434954,2.2309724403081743,-2.1242526190713,4.636456830422641,0.2834800261158475,3.541196965079901,45.548875021634686,6.077350269189626,6.077350269189626,6.077350269189626,2.9433756729740645,2.9433756729740645,2.9433756729740645,3.5207259421636903,3.5207259421636903,1.7320508075688774,1.7320508075688774,0.0,0.0,0.0,17.086166327180322,7.0,1.8518518518518519,2.6666666666666665,46.92890371420919,0.0,0.0,0.0,0.0,0.0,0.0,0.0,0.0,0.0,0.0,34.61868599845312,11.332896515558172,0.0,0.0,0.0,0.0,0.0,0.0,11.332896515558172,34.61868599845312,0.0,0.0,0.0,0.0,0.0,0.0,0.0,0.0,0.0,0.0,11.332896515558172,34.61868599845312,0.0,0.0,0.0,0.0,0.0,0.0,0.0,0.0,0.0,5.41499046939678,5.917906046161393,0.0,0.0,0.0,34.61868599845312,0.0,0.0,0.0,0.0,0.0,0.5,0.7986111111111109,0.0,0.0,11.284722222222223,0.0,1.0,7,0,0,0,0,0,0,0,0,0,0,0,0,0,0,0,0,2.6885000000000012,34.292999999999985,0,0,0,0,0,0,0,0,0,0,0,0,0,0,0,0,0,0,0,0,0,0,0,0,0,0,0,0,0,0,0,0,0,0,0,0,0,0,0,0,0,0,0,0,0,0,0,0,0,0,0,0,0,0,0,0,0,0,0,0,0,0,0,0,0,0,0,0,0,0,0,0,0,0,0,0,0,0,0,0,0,0,0,0,0
2-Methylheptane,CCCCCC(C)C,592-27-8  ,Not biofuel,2.287361111111111,0.9042129629629628,2.287361111111111,0.9042129629629628,0.4921472673477994,114.23199999999999,96.08799999999998,114.14085057599999,50,0,-0.0471325775290515,-0.06538238184567347,0.06538238184567347,0.0471325775290515,1.125,1.75,2.125,13.964879854785659,10.062182261607683,1.9011220709078742,-2.0015828937213636,2.06252870122442,-1.847506884750428,4.438796681172605,0.5343123279298295,2.7158427612932585,37.30296890880646,6.405777393935816,6.405777393935816,6.405777393935816,3.770055610029662,3.770055610029662,3.770055610029662,2.889628765898712,2.889628765898712,1.3850278050148308,1.3850278050148308,0.8025858577612692,0.8025858577612692,0.0,48.27551104108667,8.0,5.142857142857143,6.0,53.29384582860579,0.0,0.0,0.0,0.0,0.0,0.0,0.0,0.0,0.0,0.0,46.4544980907759,5.917906046161393,0.0,0.0,0.0,0.0,0.0,0.0,5.917906046161393,46.4544980907759,0.0,0.0,0.0,0.0,0.0,0.0,0.0,0.0,0.0,0.0,5.917906046161393,46.4544980907759,0.0,0.0,0.0,0.0,0.0,0.0,0.0,0.0,0.0,0.0,5.917906046161393,25.683286491704038,0.0,0.0,20.771211599071872,0.0,0.0,0.0,0.0,0.0,0.0,0.9042129629629628,0.0,5.604074074074074,6.825046296296296,0.0,1.0,8,0,0,0,0,0,0,0,0,0,0,0,4,0,0,0,0,3.2227000000000023,38.98,0,0,0,0,0,0,0,0,0,0,0,0,0,0,0,0,0,0,0,0,0,0,0,0,0,0,0,0,0,0,0,0,0,0,0,0,0,0,0,0,0,0,0,0,0,0,0,0,0,0,0,0,0,0,0,0,0,0,0,0,0,0,0,0,0,0,0,0,0,0,0,0,0,0,0,0,0,0,0,0,0,0,0,1,0
3-Methylheptane,CCCCC(C)CC,589-81-1  ,Biofuel,2.3290277777777777,0.9536574074074073,2.3290277777777777,0.9536574074074073,0.5261016802172799,114.23199999999999,96.08799999999998,114.14085057599999,50,0,-0.04454256380330297,-0.06538221101181116,0.06538221101181116,0.04454256380330297,1.25,1.875,2.25,14.003843156103585,10.022963834789905,1.941366213617395,-2.039531242082931,2.092832433345333,-1.893234051994336,4.4737949871050455,0.4916437093741237,2.862065598305084,39.30296890880645,6.405777393935816,6.405777393935816,6.405777393935816,3.808060412490447,3.808060412490447,3.808060412490447,2.655648531174488,2.655648531174488,1.7474002407106255,1.7474002407106255,0.7567100029932008,0.7567100029932008,0.0,56.62563225878344,8.0,5.142857142857143,4.166666666666667,53.293845828605804,0.0,0.0,0.0,0.0,0.0,0.0,0.0,0.0,0.0,0.0,46.454498090775914,5.917906046161393,0.0,0.0,0.0,0.0,0.0,0.0,5.917906046161393,46.454498090775914,0.0,0.0,0.0,0.0,0.0,0.0,0.0,0.0,0.0,0.0,5.917906046161393,46.454498090775914,0.0,0.0,0.0,0.0,0.0,0.0,0.0,0.0,0.0,0.0,5.917906046161393,25.683286491704038,0.0,0.0,20.771211599071872,0.0,0.0,0.0,0.0,0.0,0.0,0.9536574074074073,0.0,5.534074074074074,6.8456018518518515,0.0,1.0,8,0,0,0,0,0,0,0,0,0,0,0,4,0,0,0,0,3.2227000000000023,38.98,0,0,0,0,0,0,0,0,0,0,0,0,0,0,0,0,0,0,0,0,0,0,0,0,0,0,0,0,0,0,0,0,0,0,0,0,0,0,0,0,0,0,0,0,0,0,0,0,0,0,0,0,0,0,0,0,0,0,0,0,0,0,0,0,0,0,0,0,0,0,0,0,0,0,0,0,0,0,0,0,0,0,0,0,0
4-Methylheptane,CCCC(C)CCC,589-53-7,Biofuel,2.3402777777777777,0.9629629629629628,2.3402777777777777,0.9629629629629628,0.5261016802172799,114.232,96.08799999999998,114.14085057599999,50,0,-0.04430019415363868,-0.06537242505280175,0.06537242505280175,0.04430019415363868,1.0,1.375,1.625,14.014756304151717,10.012083153560674,1.9526213456582613,-2.0500709734557936,2.1020658058060753,-1.9050024201503488,4.483995984104346,0.4802413781966998,2.919612641438553,33.30296890880646,6.405777393935816,6.405777393935816,6.405777393935816,3.808060412490447,3.808060412490447,3.808060412490447,2.6825219847121646,2.6825219847121646,1.5629488288431144,1.5629488288431144,1.129936126950895,1.129936126950895,0.0,50.25226450504587,8.0,5.142857142857143,4.166666666666667,53.293845828605804,0.0,0.0,0.0,0.0,0.0,0.0,0.0,0.0,0.0,0.0,46.454498090775914,5.917906046161393,0.0,0.0,0.0,0.0,0.0,0.0,5.917906046161393,46.454498090775914,0.0,0.0,0.0,0.0,0.0,0.0,0.0,0.0,0.0,0.0,5.917906046161393,46.454498090775914,0.0,0.0,0.0,0.0,0.0,0.0,0.0,0.0,0.0,0.0,5.917906046161393,25.683286491704038,0.0,0.0,20.771211599071872,0.0,0.0,0.0,0.0,0.0,0.0,0.9629629629629628,0.0,5.517870370370371,6.8525,0.0,1.0,8,0,0,0,0,0,0,0,0,0,0,0,4,0,0,0,0,3.2227000000000023,38.98,0,0,0,0,0,0,0,0,0,0,0,0,0,0,0,0,0,0,0,0,0,0,0,0,0,0,0,0,0,0,0,0,0,0,0,0,0,0,0,0,0,0,0,0,0,0,0,0,0,0,0,0,0,0,0,0,0,0,0,0,0,0,0,0,0,0,0,0,0,0,0,0,0,0,0,0,0,0,0,0,0,0,0,0,0
"2,3-Dimethylhexane",CCCC(C)C(C)C,584-94-1,Not biofuel,2.3275462962962963,0.8703240740740739,2.3275462962962963,0.8703240740740739,0.5286347163806406,114.23199999999999,96.08799999999998,114.14085057599999,50,0,-0.041971157970100426,-0.06537225325015444,0.06537225325015444,0.041971157970100426,1.125,1.625,1.75,14.088961958165994,9.937761136601628,2.028842975213933,-2.122390037749915,2.1418483872556124,-2.0152154389324477,4.5412474243186,0.3886138012675958,3.170819357347939,46.0,6.568914100752346,6.568914100752346,6.568914100752346,3.6807392125526213,3.6807392125526213,3.6807392125526213,3.0099759546438176,3.0099759546438176,1.8820881233139912,1.8820881233139912,0.7886751345948129,0.7886751345948129,0.0,45.11498676384928,8.0,3.9375,3.061224489795918,53.29384582860579,0.0,0.0,0.0,0.0,0.0,0.0,0.0,0.0,0.0,0.0,40.53659204461451,11.835812092322787,0.0,0.0,0.0,0.0,0.0,0.0,11.835812092322787,40.53659204461451,0.0,0.0,0.0,0.0,0.0,0.0,0.0,0.0,0.0,0.0,11.835812092322787,40.53659204461451,0.0,0.0,0.0,0.0,0.0,0.0,0.0,0.0,0.0,0.0,11.835812092322787,12.841643245852019,0.0,0.0,27.694948798762496,0.0,0.0,0.0,0.0,0.0,0.0,1.7869907407407404,0.0,2.7192592592592595,9.160416666666666,0.0,1.0,8,0,0,0,0,0,0,0,0,0,0,0,3,0,0,0,0,3.0786000000000016,38.91,0,0,0,0,0,0,0,0,0,0,0,0,0,0,0,0,0,0,0,0,0,0,0,0,0,0,0,0,0,0,0,0,0,0,0,0,0,0,0,0,0,0,0,0,0,0,0,0,0,0,0,0,0,0,0,0,0,0,0,0,0,0,0,0,0,0,0,0,0,0,0,0,0,0,0,0,0,0,0,0,0,0,0,0,0
"2,4-Dimethylhexane",CCC(C)CC(C)C,589-43-5  ,Not biofuel,2.3194444444444446,0.8795833333333332,2.3194444444444446,0.8795833333333332,0.5286347163806406,114.23199999999999,96.08799999999998,114.14085057599999,50,0,-0.044299163340655104,-0.06512812868065244,0.06512812868065244,0.044299163340655104,1.125,1.625,1.75,14.057006579439944,9.970100170152799,1.9956958130565254,-2.091231208575878,2.1235378628056556,-1.966435058209292,4.516297204214419,0.42864165923825887,3.0988280941131414,46.0,6.568914100752346,6.568914100752346,6.568914100752346,3.663902460147014,3.663902460147014,3.663902460147014,3.1429691164992697,3.1429691164992697,1.5706968729118902,1.5706968729118902,0.9714045207910318,0.9714045207910318,0.0,42.84459140699416,8.0,3.9375,4.166666666666667,53.29384582860579,0.0,0.0,0.0,0.0,0.0,0.0,0.0,0.0,0.0,0.0,34.11577042168851,18.256633715248796,0.0,0.0,0.0,0.0,0.0,0.0,11.835812092322787,40.53659204461451,0.0,0.0,0.0,0.0,0.0,0.0,0.0,0.0,0.0,0.0,11.835812092322787,40.53659204461451,0.0,0.0,0.0,0.0,0.0,0.0,0.0,0.0,0.0,0.0,11.835812092322787,12.841643245852019,0.0,0.0,27.694948798762496,0.0,0.0,0.0,0.0,0.0,0.0,1.805509259259259,0.0,2.7169444444444446,9.144212962962964,0.0,1.0,8,0,0,0,0,0,0,0,0,0,0,0,3,0,0,0,0,3.0786000000000016,38.91,0,0,0,0,0,0,0,0,0,0,0,0,0,0,0,0,0,0,0,0,0,0,0,0,0,0,0,0,0,0,0,0,0,0,0,0,0,0,0,0,0,0,0,0,0,0,0,0,0,0,0,0,0,0,0,0,0,0,0,0,0,0,0,0,0,0,0,0,0,0,0,0,0,0,0,0,0,0,0,0,0,0,0,0,0
"2,5-Dimethylhexane",CC(C)CCC(C)C,592-13-2,Not biofuel,2.2801388888888887,0.8864814814814813,2.2801388888888887,0.8864814814814813,0.5286347163806406,114.23199999999999,96.08799999999998,114.14085057599999,50,0,-0.047122791945284,-0.06277343901107306,0.06277343901107306,0.047122791945284,0.75,1.0,1.125,14.015202871615879,10.011999999999993,1.9525077848501957,-2.0507088659229424,2.0923092550797118,-1.9142116011653314,4.479592762694349,0.47560655433888877,2.9278193611827583,36.0,6.568914100752346,6.568914100752346,6.568914100752346,3.625897657686229,3.625897657686229,3.625897657686229,3.3650439694243293,3.3650439694243293,1.3213672050459182,1.3213672050459182,0.6666666666666667,0.6666666666666667,0.0,40.339203954130696,8.0,3.9375,6.0,53.29384582860579,0.0,0.0,0.0,0.0,0.0,0.0,0.0,0.0,0.0,0.0,40.53659204461451,11.835812092322787,0.0,0.0,0.0,0.0,0.0,0.0,11.835812092322787,40.53659204461451,0.0,0.0,0.0,0.0,0.0,0.0,0.0,0.0,0.0,0.0,11.835812092322787,40.53659204461451,0.0,0.0,0.0,0.0,0.0,0.0,0.0,0.0,0.0,0.0,11.835812092322787,12.841643245852019,0.0,0.0,27.694948798762496,0.0,0.0,0.0,0.0,0.0,0.0,1.7729629629629629,0.0,2.7731481481481484,9.120555555555555,0.0,1.0,8,0,0,0,0,0,0,0,0,0,0,0,3,0,0,0,0,3.0786000000000016,38.91,0,0,0,0,0,0,0,0,0,0,0,0,0,0,0,0,0,0,0,0,0,0,0,0,0,0,0,0,0,0,0,0,0,0,0,0,0,0,0,0,0,0,0,0,0,0,0,0,0,0,0,0,0,0,0,0,0,0,0,0,0,0,0,0,0,0,0,0,0,0,0,0,0,0,0,0,0,0,0,0,0,0,0,0,0
"3,3-Dimethylhexane",CCCC(C)(C)CC,563-16-6,Not biofuel,2.329861111111111,0.5920138888888888,2.329861111111111,0.5920138888888888,0.528150214884252,114.23199999999999,96.08799999999998,114.14085057599999,50,0,-0.035693722224125785,-0.06536239888976586,0.06536239888976586,0.035693722224125785,1.125,1.625,1.75,14.171003408513329,9.855707040850202,2.1132835004296417,-2.202058973466975,2.246796911889747,-2.072130734943142,4.634732183251359,0.31853722530185236,3.373381552563661,53.05865002596163,6.621320343559643,6.621320343559642,6.621320343559642,3.6213203435596424,3.6213203435596424,3.6213203435596424,3.267766952966369,3.267766952966369,1.883883476483184,1.883883476483184,0.8535533905932736,0.8535533905932736,0.0,41.8157298068742,8.0,3.111111111111111,3.061224489795918,53.293845828605804,0.0,0.0,0.0,0.0,0.0,0.0,0.0,0.0,0.0,0.0,40.53659204461451,11.83581209232279,0.0,0.0,0.0,0.0,0.0,0.0,5.41499046939678,46.95741366754052,0.0,0.0,0.0,0.0,0.0,0.0,0.0,0.0,0.0,0.0,5.41499046939678,46.95741366754052,0.0,0.0,0.0,0.0,0.0,0.0,0.0,0.0,0.0,5.41499046939678,0.0,19.26246486877803,0.0,0.0,27.694948798762496,0.0,0.0,0.0,0.0,0.0,0.5920138888888888,0.0,0.0,3.99125,9.166736111111112,0.0,1.0,8,0,0,0,0,0,0,0,0,0,0,0,3,0,0,0,0,3.2227000000000023,38.98,0,0,0,0,0,0,0,0,0,0,0,0,0,0,0,0,0,0,0,0,0,0,0,0,0,0,0,0,0,0,0,0,0,0,0,0,0,0,0,0,0,0,0,0,0,0,0,0,0,0,0,0,0,0,0,0,0,0,0,0,0,0,0,0,0,0,0,0,0,0,0,0,0,0,0,0,0,0,0,0,0,0,0,0,0
"2,2-Dimethylhexane",CCCCC(C)(C)C,590-73-8,Not biofuel,2.2943055555555554,0.5515972222222223,2.2943055555555554,0.5515972222222223,0.5167600429991204,114.23199999999999,96.08799999999998,114.14085057599999,50,0,-0.03826129381068647,-0.0653820387556187,0.0653820387556187,0.03826129381068647,1.125,1.625,1.75,14.126349826711014,9.900380546431355,2.0670829577872842,-2.158917222522018,2.203329361863952,-2.027308897582956,4.590518669389076,0.3633925022694719,3.1117661943884265,47.548875021634686,6.621320343559642,6.621320343559642,6.621320343559642,3.5606601717798214,3.560660171779821,3.560660171779821,3.664213562373095,3.664213562373095,1.2803300858899105,1.2803300858899105,0.7071067811865474,0.7071067811865474,0.0,36.61600302409073,8.0,3.111111111111111,6.0,53.293845828605804,0.0,0.0,0.0,0.0,0.0,0.0,0.0,0.0,0.0,0.0,40.53659204461451,11.83581209232279,0.0,0.0,0.0,0.0,0.0,0.0,5.41499046939678,46.95741366754052,0.0,0.0,0.0,0.0,0.0,0.0,0.0,0.0,0.0,0.0,5.41499046939678,46.95741366754052,0.0,0.0,0.0,0.0,0.0,0.0,0.0,0.0,0.0,5.41499046939678,0.0,19.26246486877803,0.0,0.0,27.694948798762496,0.0,0.0,0.0,0.0,0.0,0.5515972222222223,0.0,0.0,4.073680555555556,9.124722222222221,0.0,1.0,8,0,0,0,0,0,0,0,0,0,0,0,2,0,0,0,0,3.2227000000000023,38.98,0,0,0,0,0,0,0,0,0,0,0,0,0,0,0,0,0,0,0,0,0,0,0,0,0,0,0,0,0,0,0,0,0,0,0,0,0,0,0,0,0,0,0,0,0,0,0,0,0,0,0,0,0,0,0,0,0,0,0,0,0,0,0,0,0,0,0,0,0,0,0,0,0,0,0,0,0,0,0,0,0,0,0,0,0
"3,4-Dimethylhexane",CCC(C)C(C)CC,583-48-2,Not biofuel,2.3275462962962963,0.9166666666666665,2.3275462962962963,0.9166666666666665,0.5286347163806406,114.23199999999999,96.08799999999998,114.14085057599999,50,0,-0.04197058946384056,-0.06511829561900206,0.06511829561900206,0.04197058946384056,0.875,1.125,1.25,14.109937408101041,9.916801308761304,2.0505084520341286,-2.1426656620061846,2.1604630591502176,-2.03714123638279,4.561274559759071,0.36704202954242665,3.292478156075495,40.0,6.568914100752346,6.568914100752346,6.568914100752346,3.718744015013406,3.718744015013406,3.718744015013406,2.771064349313151,2.771064349313151,2.25930562250979,2.25930562250979,0.804737854124365,0.804737854124365,0.0,53.47276361405894,8.0,3.9375,2.34375,53.293845828605804,0.0,0.0,0.0,0.0,0.0,0.0,0.0,0.0,0.0,0.0,40.53659204461451,11.835812092322787,0.0,0.0,0.0,0.0,0.0,0.0,11.835812092322787,40.53659204461451,0.0,0.0,0.0,0.0,0.0,0.0,0.0,0.0,0.0,0.0,11.835812092322787,40.53659204461451,0.0,0.0,0.0,0.0,0.0,0.0,0.0,0.0,0.0,0.0,11.835812092322787,12.841643245852019,0.0,0.0,27.694948798762496,0.0,0.0,0.0,0.0,0.0,0.0,1.833333333333333,0.0,2.6567592592592595,9.176574074074075,0.0,1.0,8,0,0,0,0,0,0,0,0,0,0,0,3,0,0,0,0,3.0786000000000016,38.91,0,0,0,0,0,0,0,0,0,0,0,0,0,0,0,0,0,0,0,0,0,0,0,0,0,0,0,0,0,0,0,0,0,0,0,0,0,0,0,0,0,0,0,0,0,0,0,0,0,0,0,0,0,0,0,0,0,0,0,0,0,0,0,0,0,0,0,0,0,0,0,0,0,0,0,0,0,0,0,0,0,0,0,0,0
3-Ethylhexane,CCCC(CC)CC,619-99-8,Not biofuel,2.281574074074074,0.9999999999999998,2.281574074074074,0.9999999999999998,0.5261016802172799,114.232,96.08799999999998,114.14085057599999,50,0,-0.04196320542519574,-0.0653722545047953,0.0653722545047953,0.04196320542519574,1.0,1.5,1.625,14.04319907840953,9.98351254584087,1.9820493184461558,-2.0776676182946674,2.1278920405383945,-1.935668349113429,4.51122650397729,0.4505881024986818,3.0743734120651833,35.302968908806456,6.405777393935816,6.405777393935816,6.405777393935816,3.8460652149512318,3.8460652149512318,3.8460652149512318,2.4711971193069777,2.4711971193069777,1.8516239634379272,1.8516239634379272,1.105171715522539,1.105171715522539,0.0,58.51622162380951,8.0,5.142857142857143,3.061224489795918,53.293845828605804,0.0,0.0,0.0,0.0,0.0,0.0,0.0,0.0,0.0,0.0,46.454498090775914,5.917906046161393,0.0,0.0,0.0,0.0,0.0,0.0,5.917906046161393,46.454498090775914,0.0,0.0,0.0,0.0,0.0,0.0,0.0,0.0,0.0,0.0,5.917906046161393,46.454498090775914,0.0,0.0,0.0,0.0,0.0,0.0,0.0,0.0,0.0,0.0,5.917906046161393,25.683286491704038,0.0,0.0,20.771211599071872,0.0,0.0,0.0,0.0,0.0,0.0,0.9999999999999998,0.0,5.507962962962963,6.82537037037037,0.0,1.0,8,0,0,0,0,0,0,0,0,0,0,0,4,0,0,0,0,3.2227000000000023,38.98,0,0,0,0,0,0,0,0,0,0,0,0,0,0,0,0,0,0,0,0,0,0,0,0,0,0,0,0,0,0,0,0,0,0,0,0,0,0,0,0,0,0,0,0,0,0,0,0,0,0,0,0,0,0,0,0,0,0,0,0,0,0,0,0,0,0,0,0,0,0,0,0,0,0,0,0,0,0,0,0,0,0,0,0,0
"2,2,3-Trimethylpentane",CCC(C)C(C)(C)C,564-02-3,Not biofuel,2.3055555555555554,0.5086805555555556,2.3055555555555554,0.5086805555555556,0.4911539632740701,114.23199999999999,96.08799999999998,114.14085057599999,50,0,-0.035701170512770566,-0.06510839342619178,0.06510839342619178,0.035701170512770566,1.25,1.625,1.625,14.220414892871707,9.806372605060647,2.1639167169550193,-2.250176954355492,2.2657400821413876,-2.1517145227145895,4.669358784447525,0.25447431651678964,3.623281003705976,56.92878689342031,6.784457050376173,6.784457050376173,6.784457050376173,3.4813804754348494,3.4813804754348494,3.4813804754348494,3.6753212645389093,3.6753212645389093,2.0907702751760278,2.0907702751760278,0.6123724356957945,0.6123724356957945,0.0,35.64737584844357,8.0,2.52,2.34375,53.29384582860579,0.0,0.0,0.0,0.0,0.0,0.0,0.0,0.0,0.0,0.0,41.03950762137913,11.332896515558172,0.0,0.0,0.0,0.0,0.0,0.0,11.332896515558172,41.03950762137913,0.0,0.0,0.0,0.0,0.0,0.0,0.0,0.0,0.0,0.0,11.332896515558172,41.03950762137913,0.0,0.0,0.0,0.0,0.0,0.0,0.0,0.0,0.0,5.41499046939678,5.917906046161393,6.4208216229260096,0.0,0.0,34.61868599845312,0.0,0.0,0.0,0.0,0.0,0.5086805555555556,0.849537037037037,0.0,1.2951388888888888,11.429976851851853,0.0,1.0,8,0,0,0,0,0,0,0,0,0,0,0,1,0,0,0,0,3.0786000000000016,38.91,0,0,0,0,0,0,0,0,0,0,0,0,0,0,0,0,0,0,0,0,0,0,0,0,0,0,0,0,0,0,0,0,0,0,0,0,0,0,0,0,0,0,0,0,0,0,0,0,0,0,0,0,0,0,0,0,0,0,0,0,0,0,0,0,0,0,0,0,0,0,0,0,0,0,0,0,0,0,0,0,0,0,0,0,0
"2,2,4-Trimethylpentane",CC(C)CC(C)(C)C,540-84-1  ,Biofuel,2.2847222222222223,0.5219907407407407,2.2847222222222223,0.5219907407407407,0.4911539632740701,114.23199999999999,96.08799999999998,114.14085057599999,50,0,-0.038018218252164164,-0.06275372160759639,0.06275372160759639,0.038018218252164164,1.125,1.5,1.5,14.163638387484248,9.863629649244036,2.1051028686638853,-2.194935125216457,2.2259535915423507,-2.076585447700782,4.620951578734183,0.32031651003291156,3.388924101358251,54.928786893420316,6.784457050376173,6.784457050376173,6.784457050376173,3.4165022194363885,3.4165022194363885,3.4165022194363885,4.158631167129105,4.158631167129105,1.0206207261596576,1.0206207261596576,1.2247448713915892,1.2247448713915892,0.0,23.005390496014627,8.0,2.52,6.0,53.29384582860579,0.0,0.0,0.0,0.0,0.0,0.0,0.0,0.0,0.0,0.0,34.61868599845312,17.75371813848418,0.0,0.0,0.0,0.0,0.0,0.0,11.332896515558172,41.03950762137913,0.0,0.0,0.0,0.0,0.0,0.0,0.0,0.0,0.0,0.0,11.332896515558172,41.03950762137913,0.0,0.0,0.0,0.0,0.0,0.0,0.0,0.0,0.0,5.41499046939678,5.917906046161393,6.4208216229260096,0.0,0.0,34.61868599845312,0.0,0.0,0.0,0.0,0.0,0.5219907407407407,0.8425925925925923,0.0,1.3263888888888888,11.39236111111111,0.0,1.0,8,0,0,0,0,0,0,0,0,0,0,0,1,0,0,0,0,3.0786000000000016,38.91,0,0,0,0,0,0,0,0,0,0,0,0,0,0,0,0,0,0,0,0,0,0,0,0,0,0,0,0,0,0,0,0,0,0,0,0,0,0,0,0,0,0,0,0,0,0,0,0,0,0,0,0,0,0,0,0,0,0,0,0,0,0,0,0,0,0,0,0,0,0,0,0,0,0,0,0,0,0,0,0,0,0,0,0,0
"2,3,3-Trimethylpentane",CCC(C)(C)C(C)C,560-21-4,Not biofuel,2.3171296296296298,0.5416666666666667,2.3171296296296298,0.5416666666666667,0.517234095658858,114.23199999999997,96.08799999999998,114.14085057599999,50,0,-0.03337709673098796,-0.0648633266388849,0.0648633266388849,0.03337709673098796,1.25,1.625,1.625,14.23602865111902,9.790669788138525,2.1801565371507765,-2.2652633137208658,2.283658650437367,-2.165368076294864,4.686056226203565,0.23980087560137972,3.708324167474306,60.438561897747256,6.784457050376174,6.784457050376174,6.784457050376174,3.5040358447538855,3.5040358447538855,3.5040358447538855,3.4968351245806306,3.4968351245806306,2.474179755261594,2.474179755261594,0.408248290463863,0.408248290463863,0.0,38.3366927298978,8.0,2.52,1.8518518518518519,53.29384582860579,0.0,0.0,0.0,0.0,0.0,0.0,0.0,0.0,0.0,0.0,41.03950762137913,11.332896515558172,0.0,0.0,0.0,0.0,0.0,0.0,11.332896515558172,41.03950762137913,0.0,0.0,0.0,0.0,0.0,0.0,0.0,0.0,0.0,0.0,11.332896515558172,41.03950762137913,0.0,0.0,0.0,0.0,0.0,0.0,0.0,0.0,0.0,5.41499046939678,5.917906046161393,6.4208216229260096,0.0,0.0,34.61868599845312,0.0,0.0,0.0,0.0,0.0,0.5416666666666667,0.8124999999999998,0.0,1.2824074074074074,11.44675925925926,0.0,1.0,8,0,0,0,0,0,0,0,0,0,0,0,2,0,0,0,0,3.0786000000000016,38.91,0,0,0,0,0,0,0,0,0,0,0,0,0,0,0,0,0,0,0,0,0,0,0,0,0,0,0,0,0,0,0,0,0,0,0,0,0,0,0,0,0,0,0,0,0,0,0,0,0,0,0,0,0,0,0,0,0,0,0,0,0,0,0,0,0,0,0,0,0,0,0,0,0,0,0,0,0,0,0,0,0,0,0,0,0
"2,3,4-Trimethylpentane",CC(C)C(C)C(C)C,565-75-3  ,Biofuel,2.314814814814815,0.8425925925925924,2.314814814814815,0.8425925925925924,0.5174907689766356,114.23199999999999,96.08799999999998,114.14085057599999,50,0,-0.039643009079065525,-0.06250911399286939,0.06250911399286939,0.039643009079065525,0.625,0.875,0.875,14.15050063281029,9.876412757772448,2.0920012045164604,-2.1821273741297365,2.1781801685513513,-2.0988790524576517,4.590923253015533,0.31609939839038115,3.464226847231096,45.058650025961626,6.732050807568877,6.732050807568878,6.732050807568878,3.5534180126147956,3.553418012614796,3.553418012614796,3.3471506281091274,3.3471506281091274,2.103133692252835,2.103133692252835,0.7698003589195014,0.7698003589195014,0.0,39.36806555425064,8.0,3.111111111111111,2.34375,53.29384582860579,0.0,0.0,0.0,0.0,0.0,0.0,0.0,0.0,0.0,0.0,34.61868599845312,17.75371813848418,0.0,0.0,0.0,0.0,0.0,0.0,17.75371813848418,34.61868599845312,0.0,0.0,0.0,0.0,0.0,0.0,0.0,0.0,0.0,0.0,17.75371813848418,34.61868599845312,0.0,0.0,0.0,0.0,0.0,0.0,0.0,0.0,0.0,0.0,17.75371813848418,0.0,0.0,0.0,34.61868599845312,0.0,0.0,0.0,0.0,0.0,0.0,2.5555555555555554,0.0,0.0,11.444444444444446,0.0,1.0,8,0,0,0,0,0,0,0,0,0,0,0,2,0,0,0,0,2.9345000000000017,38.839999999999996,0,0,0,0,0,0,0,0,0,0,0,0,0,0,0,0,0,0,0,0,0,0,0,0,0,0,0,0,0,0,0,0,0,0,0,0,0,0,0,0,0,0,0,0,0,0,0,0,0,0,0,0,0,0,0,0,0,0,0,0,0,0,0,0,0,0,0,0,0,0,0,0,0,0,0,0,0,0,0,0,0,0,0,0,0
3-Ethyl-2-methylpentane,CCC(CC)C(C)C,609-26-7,Not biofuel,2.303240740740741,0.8796296296296295,2.303240740740741,0.8796296296296295,0.5286347163806406,114.23199999999999,96.08799999999998,114.14085057599999,50,0,-0.039635052793240144,-0.06510851259817034,0.06510851259817034,0.039635052793240144,1.0,1.375,1.375,14.115635690671375,9.911130323422816,2.056448461380819,-2.1480979343334794,2.1676313458801557,-2.0416141266338363,4.567649527113252,0.36198598682608313,3.3548772347438,42.0,6.568914100752346,6.568914100752346,6.568914100752346,3.718744015013406,3.718744015013406,3.718744015013406,2.820593172169863,2.820593172169863,1.991563831562721,1.991563831562721,1.2314841761768764,1.2314841761768764,0.0,47.19725257297226,8.0,3.9375,2.34375,53.29384582860579,0.0,0.0,0.0,0.0,0.0,0.0,0.0,0.0,0.0,0.0,40.53659204461451,11.835812092322787,0.0,0.0,0.0,0.0,0.0,0.0,11.835812092322787,40.53659204461451,0.0,0.0,0.0,0.0,0.0,0.0,0.0,0.0,0.0,0.0,11.835812092322787,40.53659204461451,0.0,0.0,0.0,0.0,0.0,0.0,0.0,0.0,0.0,0.0,11.835812092322787,12.841643245852019,0.0,0.0,27.694948798762496,0.0,0.0,0.0,0.0,0.0,0.0,1.833333333333333,0.0,2.6828703703703702,9.150462962962964,0.0,1.0,8,0,0,0,0,0,0,0,0,0,0,0,3,0,0,0,0,3.0786000000000016,38.91,0,0,0,0,0,0,0,0,0,0,0,0,0,0,0,0,0,0,0,0,0,0,0,0,0,0,0,0,0,0,0,0,0,0,0,0,0,0,0,0,0,0,0,0,0,0,0,0,0,0,0,0,0,0,0,0,0,0,0,0,0,0,0,0,0,0,0,0,0,0,0,0,0,0,0,0,0,0,0,0,0,0,0,0,0
3-Ethyl-3-methylpentane,CCC(C)(CC)CC,1067-08-9  ,Not biofuel,2.3541666666666665,0.625,2.3541666666666665,0.625,0.528150214884252,114.23199999999999,96.08799999999998,114.14085057599999,50,0,-0.03336907992245038,-0.06486338665853789,0.06486338665853789,0.03336907992245038,0.875,1.125,1.125,14.203269502762417,9.823353096634328,2.1467402316676143,-2.23323759801976,2.2783951763906876,-2.1046900843742753,4.666730508881474,0.28603365760718114,3.5832125652604643,42.793987519471216,6.621320343559643,6.621320343559642,6.621320343559642,3.6819805153394642,3.6819805153394634,3.6819805153394634,2.871320343559643,2.871320343559643,2.560660171779821,2.560660171779821,0.7499999999999998,0.7499999999999998,0.0,52.28341890015258,8.0,3.111111111111111,1.8518518518518519,53.293845828605804,0.0,0.0,0.0,0.0,0.0,0.0,0.0,0.0,0.0,0.0,46.95741366754052,5.41499046939678,0.0,0.0,0.0,0.0,0.0,0.0,5.41499046939678,46.95741366754052,0.0,0.0,0.0,0.0,0.0,0.0,0.0,0.0,0.0,0.0,5.41499046939678,46.95741366754052,0.0,0.0,0.0,0.0,0.0,0.0,0.0,0.0,0.0,5.41499046939678,0.0,19.26246486877803,0.0,0.0,27.694948798762496,0.0,0.0,0.0,0.0,0.0,0.625,0.0,0.0,3.958333333333333,9.166666666666668,0.0,1.0,8,0,0,0,0,0,0,0,0,0,0,0,3,0,0,0,0,3.2227000000000023,38.98,0,0,0,0,0,0,0,0,0,0,0,0,0,0,0,0,0,0,0,0,0,0,0,0,0,0,0,0,0,0,0,0,0,0,0,0,0,0,0,0,0,0,0,0,0,0,0,0,0,0,0,0,0,0,0,0,0,0,0,0,0,0,0,0,0,0,0,0,0,0,0,0,0,0,0,0,0,0,0,0,0,0,0,0,0
"2,2,3,3-Tetramethylbutane",CC(C)(C)C(C)(C)C,594-82-1  ,Not biofuel,2.2708333333333335,0.4374999999999999,2.2708333333333335,0.4374999999999999,0.4537321644153058,114.23199999999999,96.08799999999998,114.14085057599999,50,0,-0.033393440990614094,-0.05967289390805985,0.05967289390805985,0.033393440990614094,0.5,0.625,0.625,14.317248665973178,9.709527137905734,2.263383754635284,-2.3444060602234407,2.359770071167698,-2.2507212208944103,4.764910557815576,0.15650766152918272,4.020391543176799,55.01955000865387,7.0,7.0,7.0,3.25,3.25,3.25,4.5,4.5,2.25,2.25,0.0,0.0,0.0,21.30605883387173,8.0,1.75,1.8518518518518519,53.293845828605804,0.0,0.0,0.0,0.0,0.0,0.0,0.0,0.0,0.0,0.0,41.54242319814374,10.82998093879356,0.0,0.0,0.0,0.0,0.0,0.0,10.82998093879356,41.54242319814374,0.0,0.0,0.0,0.0,0.0,0.0,0.0,0.0,0.0,0.0,10.82998093879356,41.54242319814374,0.0,0.0,0.0,0.0,0.0,0.0,0.0,0.0,0.0,10.82998093879356,0.0,0.0,0.0,0.0,41.54242319814374,0.0,0.0,0.0,0.0,0.0,0.8749999999999999,0.0,0.0,0.0,13.625000000000002,0.0,1.0,8,0,0,0,0,0,0,0,0,0,0,0,0,0,0,0,0,3.0786000000000016,38.91,0,0,0,0,0,0,0,0,0,0,0,0,0,0,0,0,0,0,0,0,0,0,0,0,0,0,0,0,0,0,0,0,0,0,0,0,0,0,0,0,0,0,0,0,0,0,0,0,0,0,0,0,0,0,0,0,0,0,0,0,0,0,0,0,0,0,0,0,0,0,0,0,0,0,0,0,0,0,0,0,0,0,0,0,0
2-Methyloctane,CCCCCCC(C)C,3221-61-2  ,Biofuel,2.297565192743764,0.904496409674981,2.297565192743764,0.904496409674981,0.4960481579147377,128.259,108.09899999999998,128.15650064,56,0,-0.04713257615644698,-0.0653823832175159,0.0653823832175159,0.04713257615644698,1.0,1.6666666666666667,2.111111111111111,13.977397694607973,10.050441665426485,1.9136834233608362,-2.0132747887679616,2.0799447660151404,-1.8552585685828449,4.4536145952322315,0.5246388237947701,2.746690906857495,46.0,7.112884175122364,7.112884175122364,7.112884175122364,4.270055610029662,4.2700556100296625,4.2700556100296625,3.2431821564919856,3.2431821564919856,1.6350278050148308,1.6350278050148308,0.9793625530579061,0.9793625530579061,0.0,84.62711413110172,9.0,6.125,8.0,59.6587879430024,0.0,0.0,0.0,0.0,0.0,0.0,0.0,0.0,0.0,0.0,52.87531971370191,5.917906046161393,0.0,0.0,0.0,0.0,0.0,0.0,5.917906046161393,52.87531971370191,0.0,0.0,0.0,0.0,0.0,0.0,0.0,0.0,0.0,0.0,5.917906046161393,52.87531971370191,0.0,0.0,0.0,0.0,0.0,0.0,0.0,0.0,0.0,0.0,5.917906046161393,32.10410811463005,0.0,0.0,20.771211599071872,0.0,0.0,0.0,0.0,0.0,0.0,0.904496409674981,0.0,7.074406651549509,6.854430272108845,0.0,1.0,9,0,0,0,0,0,0,0,0,0,0,0,5,0,0,0,0,3.6128000000000027,43.59700000000001,0,0,0,0,0,0,0,0,0,0,0,0,0,0,0,0,0,0,0,0,0,0,0,0,0,0,0,0,0,0,0,0,0,0,0,0,0,0,0,0,0,0,0,0,0,0,0,0,0,0,0,0,0,0,0,0,0,0,0,0,0,0,0,0,0,0,0,0,0,0,0,0,0,0,0,0,0,0,0,0,0,0,0,2,0
3-Methyloctane,CCCCCC(C)CC,2216-33-3,Not biofuel,2.3429166666666665,0.9551388888888888,2.3429166666666665,0.9551388888888888,0.4960481579147377,128.259,108.09899999999998,128.15650064,56,0,-0.04454239280037601,-0.06538238184040335,0.06538238184040335,0.04454239280037601,1.1111111111111112,1.7777777777777777,2.2222222222222223,14.015513909735942,10.012033250216168,1.9530636809002428,-2.0504268478874645,2.108581459575843,-1.9010496808985966,4.487336312725837,0.48233302056333516,2.8766225950797444,48.0,7.112884175122364,7.112884175122364,7.112884175122364,4.308060412490447,4.3080604124904465,4.3080604124904465,3.0092019217677626,3.0092019217677626,1.9974002407106255,1.9974002407106255,0.9469234250586757,0.9469234250586757,0.0,94.26737928973323,9.0,6.125,5.877551020408164,59.6587879430024,0.0,0.0,0.0,0.0,0.0,0.0,0.0,0.0,0.0,0.0,52.87531971370191,5.917906046161393,0.0,0.0,0.0,0.0,0.0,0.0,5.917906046161393,52.87531971370191,0.0,0.0,0.0,0.0,0.0,0.0,0.0,0.0,0.0,0.0,5.917906046161393,52.87531971370191,0.0,0.0,0.0,0.0,0.0,0.0,0.0,0.0,0.0,0.0,5.917906046161393,32.10410811463005,0.0,0.0,20.771211599071872,0.0,0.0,0.0,0.0,0.0,0.0,0.9551388888888888,0.0,7.000332577475435,6.87786186696901,0.0,1.0,9,0,0,0,0,0,0,0,0,0,0,0,5,0,0,0,0,3.6128000000000027,43.59700000000001,0,0,0,0,0,0,0,0,0,0,0,0,0,0,0,0,0,0,0,0,0,0,0,0,0,0,0,0,0,0,0,0,0,0,0,0,0,0,0,0,0,0,0,0,0,0,0,0,0,0,0,0,0,0,0,0,0,0,0,0,0,0,0,0,0,0,0,0,0,0,0,0,0,0,0,0,0,0,0,0,0,0,0,1,0
4-Methyloctane,CCCCC(C)CCC,2216-34-4  ,Biofuel,2.3602777777777777,0.9675462962962962,2.3602777777777777,0.9675462962962962,0.5302717025211113,128.259,108.09899999999998,128.15650064,56,0,-0.04429030725972217,-0.06538221100653975,0.06538221100653975,0.04429030725972217,1.0,1.6666666666666667,2.111111111111111,14.03075578735184,9.996745528774502,1.9687642741727553,-2.065258674783209,2.1214199371799807,-1.9174624590813056,4.501572726860945,0.46635560348707333,2.9548225727898,48.0,7.112884175122364,7.112884175122364,7.112884175122364,4.308060412490447,4.3080604124904465,4.3080604124904465,3.036075375305438,3.036075375305438,1.8319512300735068,1.8319512300735068,1.18972270488542,1.18972270488542,0.0,90.44046466047871,9.0,6.125,5.877551020408164,59.658787943002416,0.0,0.0,0.0,0.0,0.0,0.0,0.0,0.0,0.0,0.0,52.87531971370193,5.917906046161393,0.0,0.0,0.0,0.0,0.0,0.0,5.917906046161393,52.87531971370193,0.0,0.0,0.0,0.0,0.0,0.0,0.0,0.0,0.0,0.0,5.917906046161393,52.87531971370193,0.0,0.0,0.0,0.0,0.0,0.0,0.0,0.0,0.0,0.0,5.917906046161393,32.10410811463005,0.0,0.0,20.771211599071872,0.0,0.0,0.0,0.0,0.0,0.0,0.9675462962962962,0.0,6.976628873771731,6.889158163265305,0.0,1.0,9,0,0,0,0,0,0,0,0,0,0,0,5,0,0,0,0,3.6128000000000027,43.59700000000001,0,0,0,0,0,0,0,0,0,0,0,0,0,0,0,0,0,0,0,0,0,0,0,0,0,0,0,0,0,0,0,0,0,0,0,0,0,0,0,0,0,0,0,0,0,0,0,0,0,0,0,0,0,0,0,0,0,0,0,0,0,0,0,0,0,0,0,0,0,0,0,0,0,0,0,0,0,0,0,0,0,0,0,0,0
"2,2-Dimethylheptane",CCCCCC(C)(C)C,1071-26-7,Not biofuel,2.308194444444444,0.5507638888888888,2.308194444444444,0.5507638888888888,0.5092195903163099,128.259,108.09899999999998,128.15650064,56,0,-0.03826112271278758,-0.06538238045100547,0.06538238045100547,0.03826112271278758,1.0,1.5555555555555556,1.8888888888888888,14.131743207524572,9.895519232077833,2.0724497958449977,-2.1637955512794225,2.2109906199879235,-2.0306446884359155,4.5969225277363,0.35934102660468387,3.072989461365733,56.92878689342031,7.32842712474619,7.32842712474619,7.32842712474619,4.060660171779821,4.060660171779821,4.060660171779821,4.017766952966369,4.017766952966369,1.5303300858899105,1.5303300858899105,0.9053300858899105,0.9053300858899105,0.0,60.47184355343589,9.0,3.92,8.0,59.6587879430024,0.0,0.0,0.0,0.0,0.0,0.0,0.0,0.0,0.0,0.0,46.95741366754052,11.83581209232279,0.0,0.0,0.0,0.0,0.0,0.0,5.41499046939678,53.37823529046652,0.0,0.0,0.0,0.0,0.0,0.0,0.0,0.0,0.0,0.0,5.41499046939678,53.37823529046652,0.0,0.0,0.0,0.0,0.0,0.0,0.0,0.0,0.0,5.41499046939678,0.0,25.683286491704038,0.0,0.0,27.694948798762496,0.0,0.0,0.0,0.0,0.0,0.5507638888888888,0.0,0.0,5.522013888888889,9.177222222222222,0.0,1.0,9,0,0,0,0,0,0,0,0,0,0,0,3,0,0,0,0,3.6128000000000027,43.59700000000001,0,0,0,0,0,0,0,0,0,0,0,0,0,0,0,0,0,0,0,0,0,0,0,0,0,0,0,0,0,0,0,0,0,0,0,0,0,0,0,0,0,0,0,0,0,0,0,0,0,0,0,0,0,0,0,0,0,0,0,0,0,0,0,0,0,0,0,0,0,0,0,0,0,0,0,0,0,0,0,0,0,0,0,1,0
"2,3-Dimethylheptane",CCCCC(C)C(C)C,3074-71-3,Not biofuel,2.3475462962962963,0.8718055555555555,2.3475462962962963,0.8718055555555555,0.5435567265945543,128.25899999999996,108.09899999999998,128.15650064,56,0,-0.04196127099934508,-0.06538220962116585,0.06538220962116585,0.04196127099934508,1.1111111111111112,1.6666666666666667,2.0,14.099217593419352,9.928118945253715,2.03914702492428,-2.1319755647004817,2.1570678534315393,-2.021628235682302,4.553677016158715,0.3807085330429855,3.1552800835051924,55.058650025961626,7.276020881938894,7.276020881938894,7.276020881938894,4.180739212552622,4.180739212552622,4.180739212552622,3.363529345237091,3.363529345237091,2.1510905245443834,2.1510905245443834,0.8594327539949542,0.8594327539949542,0.0,80.20139955580649,9.0,4.839506172839506,4.5,59.6587879430024,0.0,0.0,0.0,0.0,0.0,0.0,0.0,0.0,0.0,0.0,46.95741366754052,11.835812092322787,0.0,0.0,0.0,0.0,0.0,0.0,11.835812092322787,46.95741366754052,0.0,0.0,0.0,0.0,0.0,0.0,0.0,0.0,0.0,0.0,11.835812092322787,46.95741366754052,0.0,0.0,0.0,0.0,0.0,0.0,0.0,0.0,0.0,0.0,11.835812092322787,19.26246486877803,0.0,0.0,27.694948798762496,0.0,0.0,0.0,0.0,0.0,0.0,1.7930555555555554,0.0,4.157314814814815,9.216296296296296,0.0,1.0,9,0,0,0,0,0,0,0,0,0,0,0,4,0,0,0,0,3.468700000000003,43.52700000000001,0,0,0,0,0,0,0,0,0,0,0,0,0,0,0,0,0,0,0,0,0,0,0,0,0,0,0,0,0,0,0,0,0,0,0,0,0,0,0,0,0,0,0,0,0,0,0,0,0,0,0,0,0,0,0,0,0,0,0,0,0,0,0,0,0,0,0,0,0,0,0,0,0,0,0,0,0,0,0,0,0,0,0,0,0
"2,5-Dimethylheptane",CCC(C)CCC(C)C,2216-30-0,Not biofuel,2.3356944444444445,0.8879629629629628,2.3356944444444445,0.8879629629629628,0.5435567265945545,128.259,108.09899999999998,128.15650064,56,0,-0.04453260720346361,-0.06512829911210985,0.06512829911210985,0.04453260720346361,1.0,1.5555555555555556,1.8888888888888888,14.051522415050991,9.976389383969586,1.9896838276176567,-2.0854624058792433,2.1303285348969765,-1.948096811465536,4.516746293679996,0.44082796731916557,3.0608205611627874,55.058650025961626,7.276020881938894,7.276020881938894,7.276020881938894,4.163902460147014,4.163902460147014,4.163902460147014,3.4846171252933797,3.4846171252933797,1.9337396407417127,1.9337396407417127,0.8219752754296894,0.8219752754296894,0.0,78.51304536092788,9.0,4.839506172839506,5.877551020408164,59.6587879430024,0.0,0.0,0.0,0.0,0.0,0.0,0.0,0.0,0.0,0.0,46.95741366754052,11.835812092322787,0.0,0.0,0.0,0.0,0.0,0.0,11.835812092322787,46.95741366754052,0.0,0.0,0.0,0.0,0.0,0.0,0.0,0.0,0.0,0.0,11.835812092322787,46.95741366754052,0.0,0.0,0.0,0.0,0.0,0.0,0.0,0.0,0.0,0.0,11.835812092322787,19.26246486877803,0.0,0.0,27.694948798762496,0.0,0.0,0.0,0.0,0.0,0.0,1.82537037037037,0.0,4.148703703703704,9.192592592592593,0.0,1.0,9,0,0,0,0,0,0,0,0,0,0,0,4,0,0,0,0,3.468700000000003,43.52700000000001,0,0,0,0,0,0,0,0,0,0,0,0,0,0,0,0,0,0,0,0,0,0,0,0,0,0,0,0,0,0,0,0,0,0,0,0,0,0,0,0,0,0,0,0,0,0,0,0,0,0,0,0,0,0,0,0,0,0,0,0,0,0,0,0,0,0,0,0,0,0,0,0,0,0,0,0,0,0,0,0,0,0,0,0,0
"2,6-Dimethylheptane",CC(C)CCCC(C)C,1072-05-5,Not biofuel,2.291990740740741,0.8923611111111109,2.291990740740741,0.8923611111111109,0.5435567265945545,128.259,108.09899999999998,128.15650064,56,0,-0.04713240510765534,-0.06277360921982794,0.06277360921982794,0.04713240510765534,0.7777777777777778,1.1111111111111112,1.3333333333333333,14.01617061718745,10.012166252905343,1.9532051023732495,-2.0508050659685533,2.103268129273611,-1.9049247834595697,4.485308378131319,0.480322022765254,2.914658625512464,45.058650025961626,7.276020881938894,7.276020881938894,7.276020881938894,4.125897657686229,4.125897657686229,4.125897657686229,3.7185973600176028,3.7185973600176028,1.5629488288431144,1.5629488288431144,0.9343477111254838,0.9343477111254838,0.0,65.1469510314125,9.0,4.839506172839506,8.0,59.6587879430024,0.0,0.0,0.0,0.0,0.0,0.0,0.0,0.0,0.0,0.0,46.95741366754052,11.835812092322787,0.0,0.0,0.0,0.0,0.0,0.0,11.835812092322787,46.95741366754052,0.0,0.0,0.0,0.0,0.0,0.0,0.0,0.0,0.0,0.0,11.835812092322787,46.95741366754052,0.0,0.0,0.0,0.0,0.0,0.0,0.0,0.0,0.0,0.0,11.835812092322787,19.26246486877803,0.0,0.0,27.694948798762496,0.0,0.0,0.0,0.0,0.0,0.0,1.7847222222222219,0.0,4.213981481481482,9.167962962962964,0.0,1.0,9,0,0,0,0,0,0,0,0,0,0,0,4,0,0,0,0,3.468700000000003,43.52700000000001,0,0,0,0,0,0,0,0,0,0,0,0,0,0,0,0,0,0,0,0,0,0,0,0,0,0,0,0,0,0,0,0,0,0,0,0,0,0,0,0,0,0,0,0,0,0,0,0,0,0,0,0,0,0,0,0,0,0,0,0,0,0,0,0,0,0,0,0,0,0,0,0,0,0,0,0,0,0,0,0,0,0,0,0,0
"3,3-Dimethylheptane",CCCCC(C)(C)CC,4032-86-4,Not biofuel,2.349861111111111,0.5932638888888889,2.349861111111111,0.5932638888888889,0.5422404874814915,128.259,108.09899999999998,128.15650064,56,0,-0.03568383563404707,-0.06538203736927432,0.06538203736927432,0.03568383563404707,1.1111111111111112,1.6666666666666667,2.0,14.179490645593788,9.847700415870843,2.121815170863945,-2.2100141474705097,2.257486406152709,-2.0784238715601555,4.644230578995153,0.3114118036637812,3.330074215693167,62.43856189774725,7.32842712474619,7.32842712474619,7.32842712474619,4.121320343559643,4.121320343559642,4.121320343559642,3.621320343559643,3.621320343559643,2.164213562373095,2.164213562373095,0.8321067811865474,0.8321067811865474,0.0,75.58143215472592,9.0,3.92,4.5,59.658787943002416,0.0,0.0,0.0,0.0,0.0,0.0,0.0,0.0,0.0,0.0,46.95741366754052,11.83581209232279,0.0,0.0,0.0,0.0,0.0,0.0,5.41499046939678,53.378235290466534,0.0,0.0,0.0,0.0,0.0,0.0,0.0,0.0,0.0,0.0,5.41499046939678,53.378235290466534,0.0,0.0,0.0,0.0,0.0,0.0,0.0,0.0,0.0,5.41499046939678,0.0,25.683286491704038,0.0,0.0,27.694948798762496,0.0,0.0,0.0,0.0,0.0,0.5932638888888889,0.0,0.0,5.427847222222223,9.22888888888889,0.0,1.0,9,0,0,0,0,0,0,0,0,0,0,0,4,0,0,0,0,3.6128000000000027,43.59700000000001,0,0,0,0,0,0,0,0,0,0,0,0,0,0,0,0,0,0,0,0,0,0,0,0,0,0,0,0,0,0,0,0,0,0,0,0,0,0,0,0,0,0,0,0,0,0,0,0,0,0,0,0,0,0,0,0,0,0,0,0,0,0,0,0,0,0,0,0,0,0,0,0,0,0,0,0,0,0,0,0,0,0,0,0,0
"3,4-Dimethylheptane",CCCC(C)C(C)CC,922-28-1  ,Not biofuel,2.3587962962962963,0.9212499999999999,2.3587962962962963,0.9212499999999999,0.5435567265945545,128.259,108.09899999999998,128.15650064,56,0,-0.04171836363368824,-0.06537225186329917,0.06537225186329917,0.04171836363368824,1.0,1.5555555555555556,1.8888888888888888,14.127247604755205,9.900125758054152,2.0680733514249603,-2.1590797605189596,2.182192094877553,-2.0503728357340982,4.580606998271573,0.3521407235084055,3.324760174025222,57.058650025961626,7.276020881938894,7.276020881938894,7.276020881938894,4.218744015013407,4.218744015013407,4.218744015013407,3.151491193444101,3.151491193444101,2.3593720075067033,2.3593720075067033,1.1422285251880866,1.1422285251880866,0.0,86.01498078690322,9.0,4.839506172839506,3.5555555555555554,59.6587879430024,0.0,0.0,0.0,0.0,0.0,0.0,0.0,0.0,0.0,0.0,46.95741366754052,11.835812092322787,0.0,0.0,0.0,0.0,0.0,0.0,11.835812092322787,46.95741366754052,0.0,0.0,0.0,0.0,0.0,0.0,0.0,0.0,0.0,0.0,11.835812092322787,46.95741366754052,0.0,0.0,0.0,0.0,0.0,0.0,0.0,0.0,0.0,0.0,11.835812092322787,19.26246486877803,0.0,0.0,27.694948798762496,0.0,0.0,0.0,0.0,0.0,0.0,1.8518055555555553,0.0,4.071111111111111,9.24375,0.0,1.0,9,0,0,0,0,0,0,0,0,0,0,0,4,0,0,0,0,3.468700000000003,43.52700000000001,0,0,0,0,0,0,0,0,0,0,0,0,0,0,0,0,0,0,0,0,0,0,0,0,0,0,0,0,0,0,0,0,0,0,0,0,0,0,0,0,0,0,0,0,0,0,0,0,0,0,0,0,0,0,0,0,0,0,0,0,0,0,0,0,0,0,0,0,0,0,0,0,0,0,0,0,0,0,0,0,0,0,0,0,0
"3,5-Dimethylheptane",CCC(C)CC(C)CC,926-82-9,Not biofuel,2.3394444444444447,0.9305092592592591,2.3394444444444447,0.9305092592592591,0.5435567265945545,128.259,108.09899999999998,128.15650064,56,0,-0.04428922860460472,-0.06512812729423906,0.06512812729423906,0.04428922860460472,0.8888888888888888,1.2222222222222223,1.4444444444444444,14.089922104416909,9.937837576840204,2.0293226668794144,-2.1227809035365497,2.158648006357944,-1.9965858952293545,4.550273273119391,0.39741260255855565,3.2230469044906185,49.05865002596163,7.276020881938894,7.276020881938894,7.276020881938894,4.201907262607799,4.201907262607799,4.201907262607799,3.2625422723683197,3.2625422723683197,2.198584704241717,2.198584704241717,1.0202200572599405,1.0202200572599405,0.0,84.36491016843732,9.0,4.839506172839506,4.5,59.6587879430024,0.0,0.0,0.0,0.0,0.0,0.0,0.0,0.0,0.0,0.0,40.53659204461451,18.256633715248796,0.0,0.0,0.0,0.0,0.0,0.0,11.835812092322787,46.95741366754052,0.0,0.0,0.0,0.0,0.0,0.0,0.0,0.0,0.0,0.0,11.835812092322787,46.95741366754052,0.0,0.0,0.0,0.0,0.0,0.0,0.0,0.0,0.0,0.0,11.835812092322787,19.26246486877803,0.0,0.0,27.694948798762496,0.0,0.0,0.0,0.0,0.0,0.0,1.8610185185185184,0.0,4.085,9.220648148148149,0.0,1.0,9,0,0,0,0,0,0,0,0,0,0,0,4,0,0,0,0,3.468700000000003,43.52700000000001,0,0,0,0,0,0,0,0,0,0,0,0,0,0,0,0,0,0,0,0,0,0,0,0,0,0,0,0,0,0,0,0,0,0,0,0,0,0,0,0,0,0,0,0,0,0,0,0,0,0,0,0,0,0,0,0,0,0,0,0,0,0,0,0,0,0,0,0,0,0,0,0,0,0,0,0,0,0,0,0,0,0,0,0,0
"4,4-Dimethylheptane",CCCC(C)(C)CCC,1068-19-5,Not biofuel,2.361111111111111,0.6006944444444444,2.361111111111111,0.6006944444444444,0.5422404874814915,128.259,108.09899999999998,128.15650064,56,0,-0.03544181874594648,-0.06536239750271663,0.06536239750271663,0.03544181874594648,0.8888888888888888,1.2222222222222223,1.4444444444444444,14.19026387503171,9.837086833979573,2.1329185148588405,-2.2202977833382316,2.2685527939344494,-2.0884886015570845,4.655182401845585,0.30104070890771256,3.4310512772790966,54.43856189774725,7.328427124746191,7.32842712474619,7.32842712474619,4.121320343559643,4.121320343559642,4.121320343559642,3.664213562373095,3.664213562373095,1.8535533905932735,1.8535533905932735,1.4785533905932735,1.4785533905932735,0.0,64.0524865010122,9.0,3.92,4.5,59.658787943002416,0.0,0.0,0.0,0.0,0.0,0.0,0.0,0.0,0.0,0.0,40.53659204461451,18.2566337152488,0.0,0.0,0.0,0.0,0.0,0.0,5.41499046939678,53.378235290466534,0.0,0.0,0.0,0.0,0.0,0.0,0.0,0.0,0.0,0.0,5.41499046939678,53.378235290466534,0.0,0.0,0.0,0.0,0.0,0.0,0.0,0.0,0.0,5.41499046939678,0.0,25.683286491704038,0.0,0.0,27.694948798762496,0.0,0.0,0.0,0.0,0.0,0.6006944444444444,0.0,0.0,5.404444444444444,9.24486111111111,0.0,1.0,9,0,0,0,0,0,0,0,0,0,0,0,4,0,0,0,0,3.6128000000000027,43.59700000000001,0,0,0,0,0,0,0,0,0,0,0,0,0,0,0,0,0,0,0,0,0,0,0,0,0,0,0,0,0,0,0,0,0,0,0,0,0,0,0,0,0,0,0,0,0,0,0,0,0,0,0,0,0,0,0,0,0,0,0,0,0,0,0,0,0,0,0,0,0,0,0,0,0,0,0,0,0,0,0,0,0,0,0,0,0
3-Ethylheptane,CCCCC(CC)CC,15869-80-4  ,Not biofuel,2.295462962962963,1.0045833333333332,2.295462962962963,1.0045833333333332,0.5302717025211113,128.259,108.09899999999998,128.15650064,56,0,-0.04195331846015148,-0.06538220963206955,0.06538220963206955,0.04195331846015148,1.0,1.5555555555555556,1.8888888888888888,14.057412099501983,9.969963913210897,1.9963626025264805,-2.0911078006398096,2.1453939904102692,-1.9465215634843027,4.526967804164483,0.4384123894744249,3.0922461946023914,44.0,7.112884175122364,7.112884175122364,7.112884175122364,4.346065214951232,4.346065214951231,4.346065214951231,2.824750509900251,2.824750509900251,2.120626364668319,2.120626364668319,1.18972270488542,1.18972270488542,0.0,99.31601294519112,9.0,6.125,4.5,59.6587879430024,0.0,0.0,0.0,0.0,0.0,0.0,0.0,0.0,0.0,0.0,52.87531971370191,5.917906046161393,0.0,0.0,0.0,0.0,0.0,0.0,5.917906046161393,52.87531971370191,0.0,0.0,0.0,0.0,0.0,0.0,0.0,0.0,0.0,0.0,5.917906046161393,52.87531971370191,0.0,0.0,0.0,0.0,0.0,0.0,0.0,0.0,0.0,0.0,5.917906046161393,32.10410811463005,0.0,0.0,20.771211599071872,0.0,0.0,0.0,0.0,0.0,0.0,1.0045833333333332,0.0,6.971574074074074,6.857175925925926,0.0,1.0,9,0,0,0,0,0,0,0,0,0,0,0,5,0,0,0,0,3.6128000000000027,43.59700000000001,0,0,0,0,0,0,0,0,0,0,0,0,0,0,0,0,0,0,0,0,0,0,0,0,0,0,0,0,0,0,0,0,0,0,0,0,0,0,0,0,0,0,0,0,0,0,0,0,0,0,0,0,0,0,0,0,0,0,0,0,0,0,0,0,0,0,0,0,0,0,0,0,0,0,0,0,0,0,0,0,0,0,0,0,0
4-Ethylheptane,CCCC(CC)CCC,2216-32-2,Not biofuel,2.301574074074074,1.0138888888888886,2.301574074074074,1.0138888888888886,0.5302717025211113,128.259,108.09899999999998,128.15650064,56,0,-0.04171097968376277,-0.06537225312459749,0.06537225312459749,0.04171097968376277,0.8888888888888888,1.3333333333333333,1.5555555555555556,14.068199475987514,9.959197757703977,2.007482156041139,-2.101544113483087,2.155465533017831,-1.9575160608205824,4.537470879829885,0.4274826467016522,3.1753410823958332,42.0,7.112884175122364,7.112884175122364,7.112884175122364,4.346065214951232,4.346065214951231,4.346065214951231,2.8516239634379277,2.8516239634379277,1.9711971193069775,1.9711971193069775,1.3690824386889955,1.3690824386889955,0.0,95.7964805168374,9.0,6.125,4.5,59.658787943002416,0.0,0.0,0.0,0.0,0.0,0.0,0.0,0.0,0.0,0.0,52.87531971370193,5.917906046161393,0.0,0.0,0.0,0.0,0.0,0.0,5.917906046161393,52.87531971370193,0.0,0.0,0.0,0.0,0.0,0.0,0.0,0.0,0.0,0.0,5.917906046161393,52.87531971370193,0.0,0.0,0.0,0.0,0.0,0.0,0.0,0.0,0.0,0.0,5.917906046161393,32.10410811463005,0.0,0.0,20.771211599071872,0.0,0.0,0.0,0.0,0.0,0.0,1.0138888888888886,0.0,6.965648148148148,6.853796296296297,0.0,1.0,9,0,0,0,0,0,0,0,0,0,0,0,5,0,0,0,0,3.6128000000000027,43.59700000000001,0,0,0,0,0,0,0,0,0,0,0,0,0,0,0,0,0,0,0,0,0,0,0,0,0,0,0,0,0,0,0,0,0,0,0,0,0,0,0,0,0,0,0,0,0,0,0,0,0,0,0,0,0,0,0,0,0,0,0,0,0,0,0,0,0,0,0,0,0,0,0,0,0,0,0,0,0,0,0,0,0,0,0,0,0
"2,2,3-Trimethylhexane",CCCC(C)C(C)(C)C,16747-25-4  ,Not biofuel,2.3368055555555554,0.5099305555555556,2.3368055555555554,0.5099305555555556,0.5339051517407362,128.259,108.09899999999998,128.15650064,56,0,-0.035691245570930015,-0.06537207863552469,0.06537207863552469,0.035691245570930015,1.2222222222222223,1.6666666666666667,1.7777777777777777,14.23134824735413,9.79593670435136,2.175000519709986,-2.2604564208097275,2.2795797188216023,-2.159975757811976,4.681608472458438,0.24516603292818845,3.5887346042650643,66.59772060569361,7.49156383156272,7.49156383156272,7.49156383156272,3.9813804754348494,3.9813804754348494,3.9813804754348494,4.055748108669859,4.055748108669859,2.2000856759672653,2.2000856759672653,0.8660254037844386,0.8660254037844386,0.0,57.508712278837244,9.0,3.239669421487603,3.5555555555555554,59.6587879430024,0.0,0.0,0.0,0.0,0.0,0.0,0.0,0.0,0.0,0.0,47.46032924430513,11.332896515558172,0.0,0.0,0.0,0.0,0.0,0.0,11.332896515558172,47.46032924430513,0.0,0.0,0.0,0.0,0.0,0.0,0.0,0.0,0.0,0.0,11.332896515558172,47.46032924430513,0.0,0.0,0.0,0.0,0.0,0.0,0.0,0.0,0.0,5.41499046939678,5.917906046161393,12.841643245852019,0.0,0.0,34.61868599845312,0.0,0.0,0.0,0.0,0.0,0.5099305555555556,0.8634259259259258,0.0,2.682476851851852,11.5275,0.0,1.0,9,0,0,0,0,0,0,0,0,0,0,0,2,0,0,0,0,3.468700000000003,43.52700000000001,0,0,0,0,0,0,0,0,0,0,0,0,0,0,0,0,0,0,0,0,0,0,0,0,0,0,0,0,0,0,0,0,0,0,0,0,0,0,0,0,0,0,0,0,0,0,0,0,0,0,0,0,0,0,0,0,0,0,0,0,0,0,0,0,0,0,0,0,0,0,0,0,0,0,0,0,0,0,0,0,0,0,0,0,0
"2,2,4-Trimethylhexane",CCC(C)CC(C)(C)C,16747-26-5,Not biofuel,2.3246527777777777,0.5232407407407408,2.3246527777777777,0.5232407407407408,0.5339051517407362,128.259,108.09899999999998,128.15650064,56,0,-0.03800828391157249,-0.06512795404610427,0.06512795404610427,0.03800828391157249,1.2222222222222223,1.6666666666666667,1.7777777777777777,14.183221484702507,9.844640117472588,2.1250295631865717,-2.2135778186200965,2.2473571950240774,-2.093950458208303,4.641397212491517,0.3021356789499141,3.467261091454156,66.59772060569361,7.49156383156272,7.49156383156272,7.49156383156272,3.9545070218971734,3.9545070218971734,3.9545070218971734,4.278204322998155,4.278204322998155,1.6577575732838086,1.6577575732838086,1.1897227048854204,1.1897227048854204,0.0,53.32665318316997,9.0,3.239669421487603,5.877551020408164,59.6587879430024,0.0,0.0,0.0,0.0,0.0,0.0,0.0,0.0,0.0,0.0,41.03950762137913,17.75371813848418,0.0,0.0,0.0,0.0,0.0,0.0,11.332896515558172,47.46032924430513,0.0,0.0,0.0,0.0,0.0,0.0,0.0,0.0,0.0,0.0,11.332896515558172,47.46032924430513,0.0,0.0,0.0,0.0,0.0,0.0,0.0,0.0,0.0,5.41499046939678,5.917906046161393,12.841643245852019,0.0,0.0,34.61868599845312,0.0,0.0,0.0,0.0,0.0,0.5232407407407408,0.8935185185185184,0.0,2.6674305555555557,11.49914351851852,0.0,1.0,9,0,0,0,0,0,0,0,0,0,0,0,2,0,0,0,0,3.468700000000003,43.52700000000001,0,0,0,0,0,0,0,0,0,0,0,0,0,0,0,0,0,0,0,0,0,0,0,0,0,0,0,0,0,0,0,0,0,0,0,0,0,0,0,0,0,0,0,0,0,0,0,0,0,0,0,0,0,0,0,0,0,0,0,0,0,0,0,0,0,0,0,0,0,0,0,0,0,0,0,0,0,0,0,0,0,0,0,0,0
"2,2,5-Trimethylhexane",CC(C)CCC(C)(C)C,3522-94-9  ,Not biofuel,2.300972222222222,0.5320138888888889,2.300972222222222,0.5320138888888889,0.5339051517407362,128.259,108.09899999999998,128.15650064,56,0,-0.03825133759960815,-0.06277326460408876,0.06277326460408876,0.03825133759960815,1.1111111111111112,1.5555555555555556,1.6666666666666667,14.15116441999947,9.876485384707257,2.0920420549000833,-2.1826618466490038,2.2236389905724296,-2.054199307362601,4.613332160601128,0.3378861854635784,3.2807108400137506,64.59772060569361,7.49156383156272,7.49156383156272,7.49156383156272,3.9165022194363885,3.9165022194363885,3.9165022194363885,4.4931821564919865,4.4931821564919865,1.471687836487032,1.471687836487032,0.7216878364870322,0.7216878364870322,0.0,51.0033566944173,9.0,3.239669421487603,8.0,59.6587879430024,0.0,0.0,0.0,0.0,0.0,0.0,0.0,0.0,0.0,0.0,41.03950762137913,17.75371813848418,0.0,0.0,0.0,0.0,0.0,0.0,11.332896515558172,47.46032924430513,0.0,0.0,0.0,0.0,0.0,0.0,0.0,0.0,0.0,0.0,11.332896515558172,47.46032924430513,0.0,0.0,0.0,0.0,0.0,0.0,0.0,0.0,0.0,5.41499046939678,5.917906046161393,12.841643245852019,0.0,0.0,34.61868599845312,0.0,0.0,0.0,0.0,0.0,0.5320138888888889,0.865023148148148,0.0,2.716435185185185,11.469861111111111,0.0,1.0,9,0,0,0,0,0,0,0,0,0,0,0,2,0,0,0,0,3.468700000000003,43.52700000000001,0,0,0,0,0,0,0,0,0,0,0,0,0,0,0,0,0,0,0,0,0,0,0,0,0,0,0,0,0,0,0,0,0,0,0,0,0,0,0,0,0,0,0,0,0,0,0,0,0,0,0,0,0,0,0,0,0,0,0,0,0,0,0,0,0,0,0,0,0,0,0,0,0,0,0,0,0,0,0,0,0,0,0,0,0
"2,3,3-Trimethylhexane",CCCC(C)(C)C(C)C,16747-28-7,Not biofuel,2.3483796296296298,0.5503472222222221,2.3483796296296298,0.5503472222222221,0.5456732277192704,128.25899999999996,108.09899999999998,128.15650064,56,0,-0.03312522145336468,-0.06536222475591959,0.06536222475591959,0.03312522145336468,1.2222222222222223,1.6666666666666667,1.7777777777777777,14.251050131139175,9.776223570717791,2.195474728403539,-2.2794067317890017,2.302505644982474,-2.1768549267438884,4.702824630224287,0.22688110411822215,3.7020861454013385,70.10749561002055,7.49156383156272,7.491563831562721,7.491563831562721,4.0040358447538855,4.0040358447538855,4.0040358447538855,3.8932817339873567,3.8932817339873567,2.457286396140521,2.457286396140521,0.9330127018922192,0.9330127018922192,0.0,59.41115080179386,9.0,3.239669421487603,2.88,59.6587879430024,0.0,0.0,0.0,0.0,0.0,0.0,0.0,0.0,0.0,0.0,41.03950762137913,17.75371813848418,0.0,0.0,0.0,0.0,0.0,0.0,11.332896515558172,47.46032924430513,0.0,0.0,0.0,0.0,0.0,0.0,0.0,0.0,0.0,0.0,11.332896515558172,47.46032924430513,0.0,0.0,0.0,0.0,0.0,0.0,0.0,0.0,0.0,5.41499046939678,5.917906046161393,12.841643245852019,0.0,0.0,34.61868599845312,0.0,0.0,0.0,0.0,0.0,0.5503472222222221,0.8170833333333332,0.0,2.6625462962962967,11.553356481481481,0.0,1.0,9,0,0,0,0,0,0,0,0,0,0,0,3,0,0,0,0,3.468700000000003,43.52700000000001,0,0,0,0,0,0,0,0,0,0,0,0,0,0,0,0,0,0,0,0,0,0,0,0,0,0,0,0,0,0,0,0,0,0,0,0,0,0,0,0,0,0,0,0,0,0,0,0,0,0,0,0,0,0,0,0,0,0,0,0,0,0,0,0,0,0,0,0,0,0,0,0,0,0,0,0,0,0,0,0,0,0,0,0,0
"2,3,5-Trimethylhexane",CC(C)CC(C)C(C)C,1069-53-0  ,Not biofuel,2.337962962962963,0.854074074074074,2.337962962962963,0.854074074074074,0.5466510747758826,128.25899999999996,108.09899999999998,128.15650064,56,0,-0.04171790161634167,-0.06276344092316553,0.06276344092316553,0.04171790161634167,0.8888888888888888,1.3333333333333333,1.4444444444444444,14.13247003917563,9.895254674945928,2.073003170231184,-2.164238556422131,2.1790069882221967,-2.0616635446702776,4.581999799186133,0.3439370994021674,3.3766005151771443,62.43856189774725,7.439157588755425,7.439157588755425,7.439157588755425,4.036581260209188,4.036581260209188,4.036581260209188,3.8508499305618726,3.8508499305618726,1.9812607321322007,1.9812607321322007,1.0157355747428491,1.0157355747428491,0.0,60.47184355343589,9.0,3.92,4.5,59.6587879430024,0.0,0.0,0.0,0.0,0.0,0.0,0.0,0.0,0.0,0.0,34.61868599845312,24.174539761410188,0.0,0.0,0.0,0.0,0.0,0.0,17.75371813848418,41.03950762137913,0.0,0.0,0.0,0.0,0.0,0.0,0.0,0.0,0.0,0.0,17.75371813848418,41.03950762137913,0.0,0.0,0.0,0.0,0.0,0.0,0.0,0.0,0.0,0.0,17.75371813848418,6.4208216229260096,0.0,0.0,34.61868599845312,0.0,0.0,0.0,0.0,0.0,0.0,2.610925925925925,0.0,1.3726851851851851,11.516388888888889,0.0,1.0,9,0,0,0,0,0,0,0,0,0,0,0,3,0,0,0,0,3.324600000000002,43.45700000000001,0,0,0,0,0,0,0,0,0,0,0,0,0,0,0,0,0,0,0,0,0,0,0,0,0,0,0,0,0,0,0,0,0,0,0,0,0,0,0,0,0,0,0,0,0,0,0,0,0,0,0,0,0,0,0,0,0,0,0,0,0,0,0,0,0,0,0,0,0,0,0,0,0,0,0,0,0,0,0,0,0,0,0,0,0
"2,4,4-Trimethylhexane",CCC(C)(C)CC(C)C,16747-30-1,Not biofuel,2.3402777777777777,0.5636574074074074,2.3402777777777777,0.5636574074074074,0.5456732277192704,128.25899999999996,108.09899999999998,128.15650064,56,0,-0.035440791461487514,-0.06487303190818336,0.06487303190818336,0.035440791461487514,1.2222222222222223,1.6666666666666667,1.7777777777777777,14.209215468278176,9.818484056287312,2.1520858357237316,-2.238683470657988,2.275296661679884,-2.1182349297763805,4.668323111157723,0.27690266313003176,3.5767516140520192,70.10749561002055,7.491563831562722,7.491563831562722,7.491563831562722,3.97716239121621,3.9771623912162095,3.9771623912162095,4.115737948315653,4.115737948315653,1.9179409294116803,1.9179409294116803,1.2495092828199454,1.2495092828199454,0.0,55.48686830125576,9.0,3.239669421487603,4.5,59.6587879430024,0.0,0.0,0.0,0.0,0.0,0.0,0.0,0.0,0.0,0.0,41.03950762137913,17.75371813848418,0.0,0.0,0.0,0.0,0.0,0.0,11.332896515558172,47.46032924430513,0.0,0.0,0.0,0.0,0.0,0.0,0.0,0.0,0.0,0.0,11.332896515558172,47.46032924430513,0.0,0.0,0.0,0.0,0.0,0.0,0.0,0.0,0.0,5.41499046939678,5.917906046161393,12.841643245852019,0.0,0.0,34.61868599845312,0.0,0.0,0.0,0.0,0.0,0.5636574074074074,0.8471759259259257,0.0,2.6475,11.525,0.0,1.0,9,0,0,0,0,0,0,0,0,0,0,0,3,0,0,0,0,3.468700000000003,43.52700000000001,0,0,0,0,0,0,0,0,0,0,0,0,0,0,0,0,0,0,0,0,0,0,0,0,0,0,0,0,0,0,0,0,0,0,0,0,0,0,0,0,0,0,0,0,0,0,0,0,0,0,0,0,0,0,0,0,0,0,0,0,0,0,0,0,0,0,0,0,0,0,0,0,0,0,0,0,0,0,0,0,0,0,0,0,0
"3,3,4-Trimethylhexane",CCC(C)C(C)(C)CC,16747-31-2,Not biofuel,2.3483796296296298,0.5503472222222222,2.3483796296296298,0.5503472222222222,0.5456732277192704,128.259,108.09899999999998,128.15650064,56,0,-0.033124656839103456,-0.06510821974275224,0.06510821974275224,0.033124656839103456,1.2222222222222223,1.6666666666666667,1.7777777777777777,14.262021823027563,9.76532382319719,2.206807412575242,-2.2899481810583766,2.3117327433872044,-2.1887531082719645,4.713052220968456,0.21541811369492134,3.8023952699803583,72.10749561002055,7.491563831562721,7.49156383156272,7.49156383156272,4.042040647214671,4.042040647214671,4.042040647214671,3.6514304469558496,3.6514304469558496,2.8576636342971007,2.8576636342971007,0.9010475702906073,0.9010475702906073,0.0,72.59007042936165,9.0,3.239669421487603,2.3801652892561984,59.6587879430024,0.0,0.0,0.0,0.0,0.0,0.0,0.0,0.0,0.0,0.0,47.46032924430514,11.332896515558172,0.0,0.0,0.0,0.0,0.0,0.0,11.332896515558172,47.46032924430514,0.0,0.0,0.0,0.0,0.0,0.0,0.0,0.0,0.0,0.0,11.332896515558172,47.46032924430514,0.0,0.0,0.0,0.0,0.0,0.0,0.0,0.0,0.0,5.41499046939678,5.917906046161393,12.841643245852019,0.0,0.0,34.61868599845312,0.0,0.0,0.0,0.0,0.0,0.5503472222222222,0.8634259259259258,0.0,2.6000462962962962,11.569513888888888,0.0,1.0,9,0,0,0,0,0,0,0,0,0,0,0,3,0,0,0,0,3.468700000000003,43.52700000000001,0,0,0,0,0,0,0,0,0,0,0,0,0,0,0,0,0,0,0,0,0,0,0,0,0,0,0,0,0,0,0,0,0,0,0,0,0,0,0,0,0,0,0,0,0,0,0,0,0,0,0,0,0,0,0,0,0,0,0,0,0,0,0,0,0,0,0,0,0,0,0,0,0,0,0,0,0,0,0,0,0,0,0,0,0
3-Ethyl-3-methylhexane,CCCC(C)(CC)CC,3074-76-8  ,Not biofuel,2.385416666666667,0.6336805555555555,2.385416666666667,0.6336805555555555,0.5422404874814915,128.259,108.09899999999998,128.15650064,56,0,-0.03311720474675757,-0.06536222601729531,0.06536222601729531,0.03311720474675757,1.0,1.4444444444444444,1.5555555555555556,14.22087443500138,9.806358324308656,2.164685067919995,-2.249886183743553,2.2983836887180416,-2.119581954382644,4.685463070973353,0.2700891474063184,3.6173893085936086,60.438561897747256,7.328427124746191,7.32842712474619,7.32842712474619,4.181980515339464,4.181980515339463,4.181980515339463,3.267766952966369,3.267766952966369,2.560660171779821,2.560660171779821,1.2071067811865472,1.2071067811865472,0.0,83.09848478310953,9.0,3.92,2.88,59.658787943002416,0.0,0.0,0.0,0.0,0.0,0.0,0.0,0.0,0.0,0.0,46.95741366754052,11.83581209232279,0.0,0.0,0.0,0.0,0.0,0.0,5.41499046939678,53.378235290466534,0.0,0.0,0.0,0.0,0.0,0.0,0.0,0.0,0.0,0.0,5.41499046939678,53.378235290466534,0.0,0.0,0.0,0.0,0.0,0.0,0.0,0.0,0.0,5.41499046939678,0.0,25.683286491704038,0.0,0.0,27.694948798762496,0.0,0.0,0.0,0.0,0.0,0.6336805555555555,0.0,0.0,5.381805555555555,9.23451388888889,0.0,1.0,9,0,0,0,0,0,0,0,0,0,0,0,4,0,0,0,0,3.6128000000000027,43.59700000000001,0,0,0,0,0,0,0,0,0,0,0,0,0,0,0,0,0,0,0,0,0,0,0,0,0,0,0,0,0,0,0,0,0,0,0,0,0,0,0,0,0,0,0,0,0,0,0,0,0,0,0,0,0,0,0,0,0,0,0,0,0,0,0,0,0,0,0,0,0,0,0,0,0,0,0,0,0,0,0,0,0,0,0,0,0
"2,2,3,4-Tetramethylpentane",CC(C)C(C)C(C)(C)C,1186-53-4  ,Not biofuel,2.324074074074074,0.4803240740740742,2.324074074074074,0.4803240740740742,0.5078929430561274,128.259,108.09899999999998,128.15650064,56,0,-0.03544767716348226,-0.06249899986580342,0.06249899986580342,0.03544767716348226,0.8888888888888888,1.2222222222222223,1.2222222222222223,14.270505071131113,9.757191498394267,2.2151377099170753,-2.298225156970605,2.3026927228073726,-2.2136947334774297,4.713107851366398,0.19903191740091924,3.877604668586773,74.52932501298082,7.6547005383792515,7.6547005383792515,7.6547005383792515,3.8540592754970238,3.854059275497024,3.854059275497024,4.398717474235545,4.398717474235545,2.3660254037844393,2.3660254037844393,1.0000000000000002,1.0000000000000002,0.0,50.070310617666195,9.0,2.7222222222222223,2.88,59.6587879430024,0.0,0.0,0.0,0.0,0.0,0.0,0.0,0.0,0.0,0.0,41.54242319814374,17.250802561719567,0.0,0.0,0.0,0.0,0.0,0.0,17.250802561719567,41.54242319814374,0.0,0.0,0.0,0.0,0.0,0.0,0.0,0.0,0.0,0.0,17.250802561719567,41.54242319814374,0.0,0.0,0.0,0.0,0.0,0.0,0.0,0.0,0.0,5.41499046939678,11.835812092322787,0.0,0.0,0.0,41.54242319814374,0.0,0.0,0.0,0.0,0.0,0.4803240740740742,1.6273148148148144,0.0,0.0,13.809027777777777,0.0,1.0,9,0,0,0,0,0,0,0,0,0,0,0,1,0,0,0,0,3.324600000000002,43.45700000000001,0,0,0,0,0,0,0,0,0,0,0,0,0,0,0,0,0,0,0,0,0,0,0,0,0,0,0,0,0,0,0,0,0,0,0,0,0,0,0,0,0,0,0,0,0,0,0,0,0,0,0,0,0,0,0,0,0,0,0,0,0,0,0,0,0,0,0,0,0,0,0,0,0,0,0,0,0,0,0,0,0,0,0,0,0
"2,3,3,4-Tetramethylpentane",CC(C)C(C)(C)C(C)C,16747-38-9,Not biofuel,2.335648148148148,0.5,2.335648148148148,0.5,0.5348619103915533,128.25899999999996,108.09899999999998,128.15650064,56,0,-0.03080951237237185,-0.062253431398279574,0.062253431398279574,0.03080951237237185,0.7777777777777778,1.0,1.0,14.303367736583512,9.724043616751644,2.249326866790439,-2.330064756128384,2.333665576673875,-2.2484151891432864,4.745090857770154,0.16508433647642212,4.0137374978541,68.03910001730776,7.654700538379252,7.654700538379252,7.654700538379252,3.886751345948129,3.886751345948129,3.886751345948129,4.130768281804422,4.130768281804422,2.9760677434251708,2.9760677434251708,0.6666666666666669,0.6666666666666669,0.0,54.46500593882896,9.0,2.7222222222222223,2.0,59.6587879430024,0.0,0.0,0.0,0.0,0.0,0.0,0.0,0.0,0.0,0.0,41.54242319814374,17.250802561719567,0.0,0.0,0.0,0.0,0.0,0.0,17.250802561719567,41.54242319814374,0.0,0.0,0.0,0.0,0.0,0.0,0.0,0.0,0.0,0.0,17.250802561719567,41.54242319814374,0.0,0.0,0.0,0.0,0.0,0.0,0.0,0.0,0.0,5.41499046939678,11.835812092322787,0.0,0.0,0.0,41.54242319814374,0.0,0.0,0.0,0.0,0.0,0.5,1.5787037037037033,0.0,0.0,13.837962962962962,0.0,1.0,9,0,0,0,0,0,0,0,0,0,0,0,2,0,0,0,0,3.324600000000002,43.45700000000001,0,0,0,0,0,0,0,0,0,0,0,0,0,0,0,0,0,0,0,0,0,0,0,0,0,0,0,0,0,0,0,0,0,0,0,0,0,0,0,0,0,0,0,0,0,0,0,0,0,0,0,0,0,0,0,0,0,0,0,0,0,0,0,0,0,0,0,0,0,0,0,0,0,0,0,0,0,0,0,0,0,0,0,0,0
"2,2,4,4-Tetramethylpentane",CC(C)(C)CC(C)(C)C,1070-87-7  ,Not biofuel,2.2899305555555554,0.484375,2.2899305555555554,0.484375,0.4683564794452038,128.259,108.09899999999998,128.15650064,56,0,-0.037764252564215776,-0.060153984117606224,0.060153984117606224,0.037764252564215776,0.6666666666666666,0.8888888888888888,0.8888888888888888,14.25161278284608,9.776789133539552,2.194998961615318,-2.2798523884118516,2.313893468266687,-2.1633914416833373,4.708920972325656,0.23348099759573984,3.7464179312510324,65.19188266301452,7.707106781186548,7.707106781186548,7.707106781186548,3.7071067811865475,3.7071067811865475,3.7071067811865475,5.29809703885628,5.29809703885628,1.0606601717798212,1.0606601717798212,1.590990257669732,1.590990257669732,0.0,27.435741083179973,9.0,2.3195266272189348,8.0,59.6587879430024,0.0,0.0,0.0,0.0,0.0,0.0,0.0,0.0,0.0,0.0,41.54242319814374,17.25080256171957,0.0,0.0,0.0,0.0,0.0,0.0,10.82998093879356,47.96324482106975,0.0,0.0,0.0,0.0,0.0,0.0,0.0,0.0,0.0,0.0,10.82998093879356,47.96324482106975,0.0,0.0,0.0,0.0,0.0,0.0,0.0,0.0,0.0,10.82998093879356,0.0,6.4208216229260096,0.0,0.0,41.54242319814374,0.0,0.0,0.0,0.0,0.0,0.96875,0.0,0.0,1.2916666666666667,13.739583333333332,0.0,1.0,9,0,0,0,0,0,0,0,0,0,0,0,0,0,0,0,0,3.468700000000003,43.52700000000001,0,0,0,0,0,0,0,0,0,0,0,0,0,0,0,0,0,0,0,0,0,0,0,0,0,0,0,0,0,0,0,0,0,0,0,0,0,0,0,0,0,0,0,0,0,0,0,0,0,0,0,0,0,0,0,0,0,0,0,0,0,0,0,0,0,0,0,0,0,0,0,0,0,0,0,0,0,0,0,0,0,0,0,0,0
"2,2,3,3-Tetramethylpentane",CCC(C)(C)C(C)(C)C,7154-79-2  ,Not biofuel,2.326388888888889,0.4461805555555556,2.326388888888889,0.4461805555555556,0.5069844263763693,128.25899999999996,108.09899999999998,128.15650064,56,0,-0.030817843252736052,-0.06485320458530552,0.06485320458530552,0.030817843252736052,0.8888888888888888,1.2222222222222223,1.2222222222222223,14.349464097993588,9.677924454323389,2.2966520635514405,-2.374959197581627,2.3955808006852806,-2.2791502693029,4.798821537266853,0.1264921627342032,4.1447263667447585,82.70165766734145,7.707106781186548,7.707106781186548,7.707106781186548,3.8106601717798214,3.810660171779821,3.810660171779821,4.4874368670764575,4.4874368670764575,2.914213562373095,2.914213562373095,0.5303300858899106,0.5303300858899106,0.0,49.09358392980085,9.0,2.3195266272189348,2.0,59.6587879430024,0.0,0.0,0.0,0.0,0.0,0.0,0.0,0.0,0.0,0.0,47.96324482106975,10.82998093879356,0.0,0.0,0.0,0.0,0.0,0.0,10.82998093879356,47.96324482106975,0.0,0.0,0.0,0.0,0.0,0.0,0.0,0.0,0.0,0.0,10.82998093879356,47.96324482106975,0.0,0.0,0.0,0.0,0.0,0.0,0.0,0.0,0.0,10.82998093879356,0.0,6.4208216229260096,0.0,0.0,41.54242319814374,0.0,0.0,0.0,0.0,0.0,0.9253472222222222,0.0,0.0,1.2604166666666667,13.814236111111112,0.0,1.0,9,0,0,0,0,0,0,0,0,0,0,0,1,0,0,0,0,3.468700000000003,43.52700000000001,0,0,0,0,0,0,0,0,0,0,0,0,0,0,0,0,0,0,0,0,0,0,0,0,0,0,0,0,0,0,0,0,0,0,0,0,0,0,0,0,0,0,0,0,0,0,0,0,0,0,0,0,0,0,0,0,0,0,0,0,0,0,0,0,0,0,0,0,0,0,0,0,0,0,0,0,0,0,0,0,0,0,0,0,0
"3-Ethyl-2,3-dimethylpentane",CCC(C)(CC)C(C)C,16747-33-4  ,Not biofuel,2.372685185185185,0.5833333333333334,2.372685185185185,0.5833333333333334,0.5456732277192704,128.25899999999996,108.09899999999998,128.15650064,56,0,-0.030801491938038512,-0.06485332425752366,0.06485332425752366,0.030801491938038512,1.1111111111111112,1.4444444444444444,1.4444444444444444,14.278845039865242,9.748450123301962,2.2243480300831155,-2.3061155776197455,2.330980303073254,-2.2034514302220085,4.731018928382573,0.19963453210127047,3.919210850530797,68.10749561002055,7.49156383156272,7.491563831562721,7.491563831562721,4.064696016533707,4.064696016533707,4.064696016533707,3.515837525811023,3.515837525811023,3.009201921767763,3.009201921767763,1.066496580927726,1.066496580927726,0.0,74.37070548558485,9.0,3.239669421487603,2.0,59.6587879430024,0.0,0.0,0.0,0.0,0.0,0.0,0.0,0.0,0.0,0.0,47.46032924430513,11.332896515558172,0.0,0.0,0.0,0.0,0.0,0.0,11.332896515558172,47.46032924430513,0.0,0.0,0.0,0.0,0.0,0.0,0.0,0.0,0.0,0.0,11.332896515558172,47.46032924430513,0.0,0.0,0.0,0.0,0.0,0.0,0.0,0.0,0.0,5.41499046939678,5.917906046161393,12.841643245852019,0.0,0.0,34.61868599845312,0.0,0.0,0.0,0.0,0.0,0.5833333333333334,0.8263888888888887,0.0,2.613425925925926,11.560185185185185,0.0,1.0,9,0,0,0,0,0,0,0,0,0,0,0,3,0,0,0,0,3.468700000000003,43.52700000000001,0,0,0,0,0,0,0,0,0,0,0,0,0,0,0,0,0,0,0,0,0,0,0,0,0,0,0,0,0,0,0,0,0,0,0,0,0,0,0,0,0,0,0,0,0,0,0,0,0,0,0,0,0,0,0,0,0,0,0,0,0,0,0,0,0,0,0,0,0,0,0,0,0,0,0,0,0,0,0,0,0,0,0,0,0
"3-Ethyl-2,2-dimethylpentane",CCC(CC)C(C)(C)C,16747-32-3,Not biofuel,2.324074074074074,0.5173611111111112,2.324074074074074,0.5173611111111112,0.5339051517407362,128.259,108.09899999999998,128.15650064,56,0,-0.03544847862789172,-0.06509842738143763,0.06509842738143763,0.03544847862789172,1.0,1.3333333333333333,1.3333333333333333,14.25114892986156,9.776323338963193,2.1955066443663767,-2.279369872520678,2.299795740023618,-2.178813371604362,4.701663638855796,0.22589767335675812,3.792907831779043,62.59772060569362,7.49156383156272,7.49156383156272,7.49156383156272,4.019385277895634,4.019385277895634,4.019385277895634,3.879445409770841,3.879445409770841,2.2103434310450782,2.2103434310450782,1.513420005986402,1.513420005986402,0.0,59.41115080179386,9.0,3.239669421487603,2.88,59.6587879430024,0.0,0.0,0.0,0.0,0.0,0.0,0.0,0.0,0.0,0.0,47.46032924430513,11.332896515558172,0.0,0.0,0.0,0.0,0.0,0.0,11.332896515558172,47.46032924430513,0.0,0.0,0.0,0.0,0.0,0.0,0.0,0.0,0.0,0.0,11.332896515558172,47.46032924430513,0.0,0.0,0.0,0.0,0.0,0.0,0.0,0.0,0.0,5.41499046939678,5.917906046161393,12.841643245852019,0.0,0.0,34.61868599845312,0.0,0.0,0.0,0.0,0.0,0.5173611111111112,0.9004629629629628,0.0,2.638888888888889,11.52662037037037,0.0,1.0,9,0,0,0,0,0,0,0,0,0,0,0,2,0,0,0,0,3.468700000000003,43.52700000000001,0,0,0,0,0,0,0,0,0,0,0,0,0,0,0,0,0,0,0,0,0,0,0,0,0,0,0,0,0,0,0,0,0,0,0,0,0,0,0,0,0,0,0,0,0,0,0,0,0,0,0,0,0,0,0,0,0,0,0,0,0,0,0,0,0,0,0,0,0,0,0,0,0,0,0,0,0,0,0,0,0,0,0,0,0
"3-Ethyl-2,4-dimethylpentane",CCC(C(C)C)C(C)C,1068-87-7,Not biofuel,2.3136574074074074,0.8564814814814813,2.3136574074074074,0.8564814814814813,0.5466510747758826,128.259,108.09899999999998,128.15650064,56,0,-0.03705561723666462,-0.0650984867841198,0.0650984867841198,0.03705561723666462,0.8888888888888888,1.2222222222222223,1.2222222222222223,14.19064708452477,9.836943741526964,2.133309827780084,-2.220437868922797,2.224161305672772,-2.1333877576255404,4.633791599366752,0.27913599293647756,3.677615681908372,54.43856189774725,7.439157588755425,7.439157588755425,7.439157588755425,4.09142281507558,4.091422815075581,4.091422815075581,3.5601367726973554,3.5601367726973554,2.1840139212925966,2.1840139212925966,1.7126094005015648,1.7126094005015648,0.0,64.0524865010122,9.0,3.92,2.88,59.65878794300239,0.0,0.0,0.0,0.0,0.0,0.0,0.0,0.0,0.0,0.0,41.03950762137913,17.75371813848418,0.0,0.0,0.0,0.0,0.0,0.0,17.75371813848418,41.03950762137913,0.0,0.0,0.0,0.0,0.0,0.0,0.0,0.0,0.0,0.0,17.75371813848418,41.03950762137913,0.0,0.0,0.0,0.0,0.0,0.0,0.0,0.0,0.0,0.0,17.75371813848418,6.4208216229260096,0.0,0.0,34.61868599845312,0.0,0.0,0.0,0.0,0.0,0.0,2.6342592592592586,0.0,1.3287037037037037,11.537037037037038,0.0,1.0,9,0,0,0,0,0,0,0,0,0,0,0,3,0,0,0,0,3.324600000000002,43.45700000000001,0,0,0,0,0,0,0,0,0,0,0,0,0,0,0,0,0,0,0,0,0,0,0,0,0,0,0,0,0,0,0,0,0,0,0,0,0,0,0,0,0,0,0,0,0,0,0,0,0,0,0,0,0,0,0,0,0,0,0,0,0,0,0,0,0,0,0,0,0,0,0,0,0,0,0,0,0,0,0,0,0,0,0,0,0
"3,3-Diethylpentane",CCC(CC)(CC)CC,1067-20-5,Not biofuel,2.3020833333333335,0.6666666666666667,2.3020833333333335,0.6666666666666667,0.5422404874814915,128.259,108.09899999999998,128.15650064,56,0,-0.03079347154610231,-0.06485338433540688,0.06485338433540688,0.03079347154610231,0.6666666666666666,0.8888888888888888,0.8888888888888888,14.251015423921986,9.776190328067806,2.1959856013208237,-2.2789096707531113,2.328090610888448,-2.1498489683747817,4.715433133033257,0.23983682869031628,3.824684203207495,42.928786893420316,7.328427124746191,7.32842712474619,7.32842712474619,4.242640687119286,4.242640687119284,4.242640687119284,2.914213562373095,2.914213562373095,2.9999999999999996,2.9999999999999996,1.4999999999999998,1.4999999999999998,0.0,93.40990953421706,9.0,3.92,2.0,59.658787943002416,0.0,0.0,0.0,0.0,0.0,0.0,0.0,0.0,0.0,0.0,53.378235290466534,5.41499046939678,0.0,0.0,0.0,0.0,0.0,0.0,5.41499046939678,53.378235290466534,0.0,0.0,0.0,0.0,0.0,0.0,0.0,0.0,0.0,0.0,5.41499046939678,53.378235290466534,0.0,0.0,0.0,0.0,0.0,0.0,0.0,0.0,0.0,5.41499046939678,0.0,25.683286491704038,0.0,0.0,27.694948798762496,0.0,0.0,0.0,0.0,0.0,0.6666666666666667,0.0,0.0,5.375,9.208333333333334,0.0,1.0,9,0,0,0,0,0,0,0,0,0,0,0,4,0,0,0,0,3.6128000000000027,43.59700000000001,0,0,0,0,0,0,0,0,0,0,0,0,0,0,0,0,0,0,0,0,0,0,0,0,0,0,0,0,0,0,0,0,0,0,0,0,0,0,0,0,0,0,0,0,0,0,0,0,0,0,0,0,0,0,0,0,0,0,0,0,0,0,0,0,0,0,0,0,0,0,0,0,0,0,0,0,0,0,0,0,0,0,0,0,0
"2,3,4,5-Tetramethylhexane",CC(C)C(C)C(C)C(C)C,52897-15-1  ,Not biofuel,2.3564814814814814,0.8309259259259258,2.3564814814814814,0.8309259259259258,0.5648328634215084,142.28599999999997,120.10999999999997,142.172150704,62,0,-0.0391364516808633,-0.06250876554538053,0.06250876554538053,0.0391364516808633,0.5,0.7,0.8,14.230444803755937,9.797894576365842,2.173786202033331,-2.2588031616448423,2.2523792457930845,-2.1829352857609408,4.668104302425956,0.23486055399418163,3.813994655333209,70.03910001730775,8.309401076758503,8.309401076758505,8.309401076758505,4.464101615137755,4.464101615137755,4.464101615137755,4.20626738450567,4.20626738450567,2.9324783161570305,2.9324783161570305,1.2142448033639461,1.2142448033639461,0.0,106.7559107893634,10.0,4.0,2.7222222222222223,66.023730057399,0.0,0.0,0.0,0.0,0.0,0.0,0.0,0.0,0.0,0.0,41.54242319814374,23.671624184645573,0.0,0.0,0.0,0.0,0.0,0.0,23.671624184645573,41.54242319814374,0.0,0.0,0.0,0.0,0.0,0.0,0.0,0.0,0.0,0.0,23.671624184645573,41.54242319814374,0.0,0.0,0.0,0.0,0.0,0.0,0.0,0.0,0.0,0.0,23.671624184645573,0.0,0.0,0.0,41.54242319814374,0.0,0.0,0.0,0.0,0.0,0.0,3.3840740740740736,0.0,0.0,13.949259259259259,0.0,1.0,10,0,0,0,0,0,0,0,0,0,0,0,3,0,0,0,0,3.5706000000000024,48.004000000000026,0,0,0,0,0,0,0,0,0,0,0,0,0,0,0,0,0,0,0,0,0,0,0,0,0,0,0,0,0,0,0,0,0,0,0,0,0,0,0,0,0,0,0,0,0,0,0,0,0,0,0,0,0,0,0,0,0,0,0,0,0,0,0,0,0,0,0,0,0,0,0,0,0,0,0,0,0,0,0,0,0,0,0,0,0
Cyclopropane,C1CC1,75-19-4,Not biofuel,1.5,1.5,1.5,1.5,0.38142504216495926,42.080999999999996,36.033,42.046950192,18,0,-0.0533059727891157,-0.0533059727891157,0.0533059727891157,0.0533059727891157,0.6666666666666666,1.0,1.0,14.010999999999997,11.011,1.9466940272108841,-1.0533059727891159,2.144099999999999,-0.8559000000000003,4.502999999999999,1.5029999999999997,2.25,4.754887502163469,2.121320343559643,2.1213203435596424,2.1213203435596424,1.5,1.4999999999999996,1.4999999999999996,1.060660171779821,1.060660171779821,0.3535533905932737,0.3535533905932737,0.0,0.0,0.0,8.75488750216347,1.3333333333333333,0.2222222222222222,0.0,20.463304103093538,0.0,0.0,0.0,0.0,0.0,0.0,0.0,0.0,0.0,0.0,19.26246486877803,0.0,0.0,0.0,0.0,0.0,0.0,0.0,0.0,19.26246486877803,0.0,0.0,0.0,0.0,0.0,0.0,0.0,0.0,0.0,0.0,0.0,19.26246486877803,0.0,0.0,0.0,0.0,0.0,0.0,0.0,0.0,0.0,0.0,0.0,19.26246486877803,0.0,0.0,0.0,0.0,0.0,0.0,0.0,0.0,0.0,0.0,0.0,4.5,0.0,0.0,1.0,3,0,0,1,0,1,0,0,0,0,0,0,0,1,0,1,1,1.1703,13.851000000000003,0,0,0,0,0,0,0,0,0,0,0,0,0,0,0,0,0,0,0,0,0,0,0,0,0,0,0,0,0,0,0,0,0,0,0,0,0,0,0,0,0,0,0,0,0,0,0,0,0,0,0,0,0,0,0,0,0,0,0,0,0,0,0,0,0,0,0,0,0,0,0,0,0,0,0,0,0,0,0,0,0,0,0,0,0
Cyclobutane,C1CCC1,287-23-0,Not biofuel,1.5,1.5,1.5,1.5,0.39481023034879176,56.108,48.044,56.062600255999996,24,0,-0.0533059727891157,-0.0533059727891157,0.0533059727891157,0.0533059727891157,0.5,0.75,0.75,14.011999999999992,10.012000000000002,1.9476940272108847,-2.052305972789115,2.145100000000001,-1.8549000000000007,4.5040000000000004,0.5040000000000004,2.0,8.0,2.8284271247461903,2.82842712474619,2.82842712474619,2.0,1.9999999999999996,1.9999999999999996,1.4142135623730947,1.4142135623730947,0.9999999999999997,0.9999999999999997,0.24999999999999992,0.24999999999999992,0.0,3.6096404744368114,2.25,0.75,0.125,26.828246217490147,0.0,0.0,0.0,0.0,0.0,0.0,0.0,0.0,0.0,0.0,25.683286491704038,0.0,0.0,0.0,0.0,0.0,0.0,0.0,0.0,25.683286491704038,0.0,0.0,0.0,0.0,0.0,0.0,0.0,0.0,0.0,0.0,0.0,25.683286491704038,0.0,0.0,0.0,0.0,0.0,0.0,0.0,0.0,0.0,0.0,0.0,25.683286491704038,0.0,0.0,0.0,0.0,0.0,0.0,0.0,0.0,0.0,0.0,0.0,6.0,0.0,0.0,1.0,4,0,0,1,0,1,0,0,0,0,0,0,0,1,0,1,1,1.5604,18.468,0,0,0,0,0,0,0,0,0,0,0,0,0,0,0,0,0,0,0,0,0,0,0,0,0,0,0,0,0,0,0,0,0,0,0,0,0,0,0,0,0,0,0,0,0,0,0,0,0,0,0,0,0,0,0,0,0,0,0,0,0,0,0,0,0,0,0,0,0,0,0,0,0,0,0,0,0,0,0,0,0,0,0,0,0
Cyclopentane,C1CCCC1,287-92-3,Biofuel,1.5,1.5,1.5,1.5,0.40836192922302755,70.135,60.05499999999999,70.07825032,30,0,-0.0533059727891157,-0.0533059727891157,0.0533059727891157,0.0533059727891157,0.4,0.6,0.8,14.013000000000007,10.393584045238855,1.948694027210884,-1.6707219275502607,2.1460999999999983,-1.4733159547611452,4.5050000000000034,0.885584045238855,2.083333333333333,11.60964047443681,3.5355339059327378,3.5355339059327373,3.5355339059327373,2.5,2.4999999999999996,2.4999999999999996,1.7677669529663684,1.7677669529663684,1.2499999999999996,1.2499999999999996,0.883883476483184,0.883883476483184,0.0,22.886435386960574,3.2,1.44,0.64,33.19318833188676,0.0,0.0,0.0,0.0,0.0,0.0,0.0,0.0,0.0,0.0,32.10410811463005,0.0,0.0,0.0,0.0,0.0,0.0,0.0,0.0,32.10410811463005,0.0,0.0,0.0,0.0,0.0,0.0,0.0,0.0,0.0,0.0,0.0,32.10410811463005,0.0,0.0,0.0,0.0,0.0,0.0,0.0,0.0,0.0,0.0,0.0,32.10410811463005,0.0,0.0,0.0,0.0,0.0,0.0,0.0,0.0,0.0,0.0,0.0,7.5,0.0,0.0,1.0,5,0,0,1,0,1,0,0,0,0,0,0,0,1,0,1,1,1.9505000000000001,23.084999999999994,0,0,0,0,0,0,0,0,0,0,0,0,0,0,0,0,0,0,0,0,0,0,0,0,0,0,0,0,0,0,0,0,0,0,0,0,0,0,0,0,0,0,0,0,0,0,0,0,0,0,0,0,0,0,0,0,0,0,0,0,0,0,0,0,0,0,0,0,0,0,0,0,0,0,0,0,0,0,0,0,0,0,0,0,0
Methylcyclopentane,CC1CCCC1,96-37-7,Biofuel,2.3402777777777777,1.0462962962962963,2.3402777777777777,1.0462962962962963,0.42179147361668384,84.162,72.06599999999999,84.093900384,36,0,-0.04428007283563192,-0.06250972283408605,0.06250972283408605,0.04428007283563192,1.1666666666666667,1.6666666666666667,1.8333333333333333,14.128549475203439,10.151124652342412,2.0671885801741876,-1.909376426153757,2.2242009944189247,-1.780867708297833,4.601880870680769,0.6119149153541372,2.184105569636068,33.30296890880646,4.405777393935816,4.405777393935816,4.405777393935816,2.893846850117352,2.893846850117352,2.893846850117352,2.3896287658987116,2.3896287658987116,1.6438468501173518,1.6438468501173518,1.129936126950895,1.129936126950895,0.0,33.548875021634686,4.166666666666667,1.6326530612244898,0.7346938775510204,39.55813044628336,0.0,0.0,0.0,0.0,0.0,0.0,0.0,0.0,0.0,0.0,32.60702369139466,5.917906046161393,0.0,0.0,0.0,0.0,0.0,0.0,5.917906046161393,32.60702369139466,0.0,0.0,0.0,0.0,0.0,0.0,0.0,0.0,0.0,0.0,5.917906046161393,32.60702369139466,0.0,0.0,0.0,0.0,0.0,0.0,0.0,0.0,0.0,0.0,5.917906046161393,25.683286491704038,0.0,0.0,6.923737199690624,0.0,0.0,0.0,0.0,0.0,0.0,1.0462962962962963,0.0,5.9467592592592595,2.3402777777777777,0.0,1.0,6,0,0,1,0,1,0,0,0,0,0,0,0,1,0,1,1,2.1965000000000003,27.631999999999984,0,0,0,0,0,0,0,0,0,0,0,0,0,0,0,0,0,0,0,0,0,0,0,0,0,0,0,0,0,0,0,0,0,0,0,0,0,0,0,0,0,0,0,0,0,0,0,0,0,0,0,0,0,0,0,0,0,0,0,0,0,0,0,0,0,0,0,0,0,0,0,0,0,0,0,0,0,0,0,0,0,0,0,0,0
Cyclohexane,C1CCCCC1,110-82-7  ,Biofuel,1.5,1.5,1.5,1.5,0.42231618686094674,84.162,72.06599999999999,84.093900384,36,0,-0.0533059727891157,-0.0533059727891157,0.0533059727891157,0.0533059727891157,0.3333333333333333,0.5,0.6666666666666666,14.014,10.012,1.9496940272108838,-2.052305972789116,2.1470999999999996,-1.8548999999999998,4.506,0.5039999999999998,2.0,15.509775004326936,4.242640687119286,4.242640687119285,4.242640687119285,3.0,2.9999999999999996,2.9999999999999996,2.121320343559642,2.121320343559642,1.4999999999999996,1.4999999999999996,1.0606601717798207,1.0606601717798207,0.0,34.3994618804395,4.166666666666667,2.2222222222222223,1.0,39.55813044628337,0.0,0.0,0.0,0.0,0.0,0.0,0.0,0.0,0.0,0.0,38.524929737556064,0.0,0.0,0.0,0.0,0.0,0.0,0.0,0.0,38.524929737556064,0.0,0.0,0.0,0.0,0.0,0.0,0.0,0.0,0.0,0.0,0.0,38.524929737556064,0.0,0.0,0.0,0.0,0.0,0.0,0.0,0.0,0.0,0.0,0.0,38.524929737556064,0.0,0.0,0.0,0.0,0.0,0.0,0.0,0.0,0.0,0.0,0.0,9.0,0.0,0.0,1.0,6,0,0,1,0,1,0,0,0,0,0,0,0,1,0,1,1,2.3406000000000002,27.701999999999984,0,0,0,0,0,0,0,0,0,0,0,0,0,0,0,0,0,0,0,0,0,0,0,0,0,0,0,0,0,0,0,0,0,0,0,0,0,0,0,0,0,0,0,0,0,0,0,0,0,0,0,0,0,0,0,0,0,0,0,0,0,0,0,0,0,0,0,0,0,0,0,0,0,0,0,0,0,0,0,0,0,0,0,0,0
Ethylcyclopentane,CCC1CCCC1,1640-89-7,Not biofuel,2.301574074074074,1.097222222222222,2.301574074074074,1.097222222222222,0.4725758338005772,98.18900000000001,84.07699999999998,98.109550448,42,0,-0.04169085828435218,-0.0651181814171023,0.0651181814171023,0.04169085828435218,1.2857142857142858,1.8571428571428572,2.142857142857143,14.165811746439863,10.067099180069267,2.1055651652818126,-1.9922667103252027,2.2602851779275954,-1.8595298763323762,4.638598147495058,0.5305099092772462,2.1399633186493645,42.0,5.112884175122364,5.112884175122364,5.112884175122364,3.431851652578137,3.431851652578137,3.431851652578137,2.5587307446244743,2.5587307446244743,2.0520951405812147,2.0520951405812147,1.4186112615457076,1.4186112615457076,0.0,66.31310982742876,5.142857142857143,2.34375,1.1851851851851851,45.92307256067996,0.0,0.0,0.0,0.0,0.0,0.0,0.0,0.0,0.0,0.0,39.02784531432067,5.917906046161393,0.0,0.0,0.0,0.0,0.0,0.0,5.917906046161393,39.02784531432067,0.0,0.0,0.0,0.0,0.0,0.0,0.0,0.0,0.0,0.0,5.917906046161393,39.02784531432067,0.0,0.0,0.0,0.0,0.0,0.0,0.0,0.0,0.0,0.0,5.917906046161393,32.10410811463005,0.0,0.0,6.923737199690624,0.0,0.0,0.0,0.0,0.0,0.0,1.097222222222222,0.0,7.434537037037037,2.301574074074074,0.0,1.0,7,0,0,1,0,1,0,0,0,0,0,0,1,1,0,1,1,2.5866000000000007,32.24899999999998,0,0,0,0,0,0,0,0,0,0,0,0,0,0,0,0,0,0,0,0,0,0,0,0,0,0,0,0,0,0,0,0,0,0,0,0,0,0,0,0,0,0,0,0,0,0,0,0,0,0,0,0,0,0,0,0,0,0,0,0,0,0,0,0,0,0,0,0,0,0,0,0,0,0,0,0,0,0,0,0,0,0,0,0,0
"1,1-Dimethylcyclopentane",CC1(C)CCCC1,1638-26-2  ,Not biofuel,2.361111111111111,0.6944444444444444,2.361111111111111,0.6944444444444444,0.43656953206962734,98.18900000000001,84.07699999999998,98.109550448,42,0,-0.0354216951165533,-0.05990950698416516,0.05990950698416516,0.0354216951165533,1.0,1.4285714285714286,1.5714285714285714,14.270392789801823,9.92269988524728,2.2130965388499693,-2.1332195999911763,2.3562437451250307,-2.012138333172292,4.738959460950691,0.38204707207732075,2.399706582197931,54.43856189774725,5.328427124746191,5.32842712474619,5.32842712474619,3.207106781186548,3.207106781186547,3.207106781186547,3.371320343559642,3.371320343559642,1.957106781186547,1.957106781186547,1.3321067811865472,1.3321067811865472,0.0,42.336692729897806,5.142857142857143,1.5,1.1851851851851851,45.92307256067998,0.0,0.0,0.0,0.0,0.0,0.0,0.0,0.0,0.0,0.0,26.689117645233267,18.2566337152488,0.0,0.0,0.0,0.0,0.0,0.0,5.41499046939678,39.53076089108529,0.0,0.0,0.0,0.0,0.0,0.0,0.0,0.0,0.0,0.0,5.41499046939678,39.53076089108529,0.0,0.0,0.0,0.0,0.0,0.0,0.0,0.0,0.0,5.41499046939678,0.0,25.683286491704038,0.0,0.0,13.847474399381248,0.0,0.0,0.0,0.0,0.0,0.6944444444444444,0.0,0.0,5.833333333333334,4.722222222222222,0.0,1.0,7,0,0,1,0,1,0,0,0,0,0,0,0,1,0,1,1,2.5866000000000007,32.24899999999998,0,0,0,0,0,0,0,0,0,0,0,0,0,0,0,0,0,0,0,0,0,0,0,0,0,0,0,0,0,0,0,0,0,0,0,0,0,0,0,0,0,0,0,0,0,0,0,0,0,0,0,0,0,0,0,0,0,0,0,0,0,0,0,0,0,0,0,0,0,0,0,0,0,0,0,0,0,0,0,0,0,0,0,0,0
"1,2-Dimethylcyclopentane",CC1CCCC1C,2452-99-5,Not biofuel,2.3587962962962963,1.0138888888888888,2.3587962962962963,1.0138888888888888,0.43627081136490753,98.189,84.07699999999998,98.109550448,42,0,-0.041698030564783696,-0.062254861622140285,0.062254861622140285,0.041698030564783696,1.0,1.4285714285714286,1.5714285714285714,14.22857958378725,10.012,2.1700018013195552,-2.0456041305506654,2.293226417775234,-1.9524812997113918,4.6866475010084665,0.4569728569138531,2.325296719877603,49.05865002596163,5.276020881938894,5.276020881938894,5.276020881938894,3.304530452640311,3.304530452640311,3.304530452640311,2.885471428168324,2.885471428168324,2.2903364137778546,2.2903364137778546,1.330837274785986,1.330837274785986,0.0,49.54039820861129,5.142857142857143,1.8518518518518519,0.96,45.92307256067996,0.0,0.0,0.0,0.0,0.0,0.0,0.0,0.0,0.0,0.0,33.10993926815928,11.835812092322787,0.0,0.0,0.0,0.0,0.0,0.0,11.835812092322787,33.10993926815928,0.0,0.0,0.0,0.0,0.0,0.0,0.0,0.0,0.0,0.0,11.835812092322787,33.10993926815928,0.0,0.0,0.0,0.0,0.0,0.0,0.0,0.0,0.0,0.0,11.835812092322787,19.26246486877803,0.0,0.0,13.847474399381248,0.0,0.0,0.0,0.0,0.0,0.0,2.0277777777777777,0.0,4.421296296296297,4.717592592592593,0.0,1.0,7,0,0,1,0,1,0,0,0,0,0,0,0,1,0,1,1,2.442500000000001,32.17899999999998,0,0,0,0,0,0,0,0,0,0,0,0,0,0,0,0,0,0,0,0,0,0,0,0,0,0,0,0,0,0,0,0,0,0,0,0,0,0,0,0,0,0,0,0,0,0,0,0,0,0,0,0,0,0,0,0,0,0,0,0,0,0,0,0,0,0,0,0,0,0,0,0,0,0,0,0,0,0,0,0,0,0,0,0,0
"cis-1,3-Dimethylcyclopentane",CC1CCC(C1)C,2532-58-3,Not biofuel,2.3506944444444446,1.023148148148148,2.3506944444444446,1.023148148148148,0.43627081136490753,98.189,84.07699999999998,98.109550448,42,0,-0.04401678191831334,-0.062499541573202276,0.062499541573202276,0.04401678191831334,1.0,1.4285714285714286,1.5714285714285714,14.212993926120305,10.099839134783974,2.153665242332246,-1.9593458238084338,2.285350295730479,-1.8427724301860438,4.6751281623255085,0.555393691300133,2.2571532373031413,49.05865002596163,5.276020881938894,5.276020881938894,5.276020881938894,3.287693700234704,3.287693700234704,3.287693700234704,3.0233959606302196,3.0233959606302196,1.9570030804445206,1.9570030804445206,1.4916245780509723,1.4916245780509723,0.0,46.670482779147534,5.142857142857143,1.8518518518518519,1.1851851851851851,45.92307256067996,0.0,0.0,0.0,0.0,0.0,0.0,0.0,0.0,0.0,0.0,26.689117645233267,18.256633715248796,0.0,0.0,0.0,0.0,0.0,0.0,11.835812092322787,33.10993926815928,0.0,0.0,0.0,0.0,0.0,0.0,0.0,0.0,0.0,0.0,11.835812092322787,33.10993926815928,0.0,0.0,0.0,0.0,0.0,0.0,0.0,0.0,0.0,0.0,11.835812092322787,19.26246486877803,0.0,0.0,13.847474399381248,0.0,0.0,0.0,0.0,0.0,0.0,2.046296296296296,0.0,4.418981481481482,4.701388888888889,0.0,1.0,7,0,0,1,0,1,0,0,0,0,0,0,0,1,0,1,1,2.442500000000001,32.17899999999998,0,0,0,0,0,0,0,0,0,0,0,0,0,0,0,0,0,0,0,0,0,0,0,0,0,0,0,0,0,0,0,0,0,0,0,0,0,0,0,0,0,0,0,0,0,0,0,0,0,0,0,0,0,0,0,0,0,0,0,0,0,0,0,0,0,0,0,0,0,0,0,0,0,0,0,0,0,0,0,0,0,0,0,0,0
Methylcyclohexane,CC1CCCCC1,108-87-2  ,Biofuel,2.3602777777777777,1.0358796296296295,2.3602777777777777,1.0358796296296295,0.43656953206962734,98.18900000000001,84.07699999999998,98.109550448,42,0,-0.04428007559516109,-0.06250972284470455,0.06250972284470455,0.04428007559516109,1.0,1.5714285714285714,1.8571428571428572,14.115632492342755,9.911130338789695,2.0539877762694174,-2.150526872003993,2.2149178488962535,-1.9941012767549964,4.590675846362491,0.38509284200897903,2.1229179499593664,42.0,5.112884175122364,5.112884175122364,5.112884175122364,3.393846850117352,3.393846850117352,3.393846850117352,2.743182156491985,2.743182156491985,1.8938468501173518,1.8938468501173518,1.3067128222475317,1.3067128222475317,0.0,47.19725257297226,5.142857142857143,2.34375,1.5,45.92307256067996,0.0,0.0,0.0,0.0,0.0,0.0,0.0,0.0,0.0,0.0,39.02784531432067,5.917906046161393,0.0,0.0,0.0,0.0,0.0,0.0,5.917906046161393,39.02784531432067,0.0,0.0,0.0,0.0,0.0,0.0,0.0,0.0,0.0,0.0,5.917906046161393,39.02784531432067,0.0,0.0,0.0,0.0,0.0,0.0,0.0,0.0,0.0,0.0,5.917906046161393,32.10410811463005,0.0,0.0,6.923737199690624,0.0,0.0,0.0,0.0,0.0,0.0,1.0358796296296295,0.0,7.437175925925926,2.3602777777777777,0.0,1.0,7,0,0,1,0,1,0,0,0,0,0,0,0,1,0,1,1,2.5866000000000007,32.24899999999998,0,0,0,0,0,0,0,0,0,0,0,0,0,0,0,0,0,0,0,0,0,0,0,0,0,0,0,0,0,0,0,0,0,0,0,0,0,0,0,0,0,0,0,0,0,0,0,0,0,0,0,0,0,0,0,0,0,0,0,0,0,0,0,0,0,0,0,0,0,0,0,0,0,0,0,0,0,0,0,0,0,0,0,0,0
Cycloheptane,C1CCCCCC1,291-64-5  ,Biofuel,1.5,1.5,1.5,1.5,0.4085406794096017,98.18900000000001,84.07699999999998,98.109550448,42,0,-0.0533059727891157,-0.0533059727891157,0.0533059727891157,0.0533059727891157,0.2857142857142857,0.42857142857142855,0.5714285714285714,14.015000000000004,10.209864201930957,1.9506940272108828,-1.8544417708581484,2.1481000000000003,-1.6570357980690336,4.507000000000002,0.7018642019309664,2.0416666666666665,19.651484454403228,4.949747468305834,4.949747468305832,4.949747468305832,3.5,3.4999999999999996,3.4999999999999996,2.4748737341529154,2.4748737341529154,1.7499999999999996,1.7499999999999996,1.2374368670764575,1.2374368670764575,0.0,58.974147804380216,5.142857142857143,3.061224489795918,1.9591836734693877,45.92307256067998,0.0,0.0,0.0,0.0,0.0,0.0,0.0,0.0,0.0,0.0,44.94575136048208,0.0,0.0,0.0,0.0,0.0,0.0,0.0,0.0,44.94575136048208,0.0,0.0,0.0,0.0,0.0,0.0,0.0,0.0,0.0,0.0,0.0,44.94575136048208,0.0,0.0,0.0,0.0,0.0,0.0,0.0,0.0,0.0,0.0,0.0,44.94575136048208,0.0,0.0,0.0,0.0,0.0,0.0,0.0,0.0,0.0,0.0,0.0,10.5,0.0,0.0,1.0,7,0,0,1,0,1,0,0,0,0,0,0,0,1,0,1,1,2.7307000000000015,32.31899999999998,0,0,0,0,0,0,0,0,0,0,0,0,0,0,0,0,0,0,0,0,0,0,0,0,0,0,0,0,0,0,0,0,0,0,0,0,0,0,0,0,0,0,0,0,0,0,0,0,0,0,0,0,0,0,0,0,0,0,0,0,0,0,0,0,0,0,0,0,0,0,0,0,0,0,0,0,0,0,0,0,0,0,0,0,0
"1,2,4-Trimethylcyclopentane",CC1CC(C)C(C)C1,2815-58-9  ,Not biofuel,2.369212962962963,0.9907407407407406,2.369212962962963,0.9907407407407406,0.4516989279723203,112.216,96.08799999999998,112.12520051199999,48,0,-0.041434730993133884,-0.06248935760122602,0.06248935760122602,0.041434730993133884,0.875,1.25,1.375,14.293333732558402,10.012000000000002,2.236229767085889,-2.04499522893163,2.3426653298977445,-1.9524812997113947,4.744282447134311,0.456972856913853,2.388075523080426,66.10749561002055,6.146264369941973,6.146264369941973,6.146264369941973,3.6983773027576627,3.698377302757663,3.698377302757663,3.5311440046989957,3.5311440046989957,2.5197124226823373,2.5197124226823373,1.8301941324008708,1.8301941324008708,0.0,66.63043175066748,6.125,2.0826446280991737,1.0416666666666667,52.28801467507656,0.0,0.0,0.0,0.0,0.0,0.0,0.0,0.0,0.0,0.0,20.771211599071872,30.595361384336197,0.0,0.0,0.0,0.0,0.0,0.0,17.75371813848418,33.61285484492389,0.0,0.0,0.0,0.0,0.0,0.0,0.0,0.0,0.0,0.0,17.75371813848418,33.61285484492389,0.0,0.0,0.0,0.0,0.0,0.0,0.0,0.0,0.0,0.0,17.75371813848418,12.841643245852019,0.0,0.0,20.771211599071872,0.0,0.0,0.0,0.0,0.0,0.0,2.981481481481481,0.0,2.9189814814814814,7.099537037037037,0.0,1.0,8,0,0,1,0,1,0,0,0,0,0,0,0,1,0,1,1,2.6885000000000012,36.72599999999999,0,0,0,0,0,0,0,0,0,0,0,0,0,0,0,0,0,0,0,0,0,0,0,0,0,0,0,0,0,0,0,0,0,0,0,0,0,0,0,0,0,0,0,0,0,0,0,0,0,0,0,0,0,0,0,0,0,0,0,0,0,0,0,0,0,0,0,0,0,0,0,0,0,0,0,0,0,0,0,0,0,0,0,0,0
Propylcyclopentane,CCCC1CCCC1,2040-96-2,Biofuel,2.29,1.111111111111111,2.29,1.111111111111111,0.5148636044218413,112.21600000000001,96.08799999999998,112.12520051199999,48,0,-0.0414386353406322,-0.06537225173373658,0.06537225173373658,0.0414386353406322,1.25,1.875,2.375,14.17968283497305,10.030465255886558,2.1197544782281987,-2.0287703476710415,2.274663710998437,-1.890936819396681,4.6527296821727075,0.4964977218550301,2.0584046167758574,51.058650025961626,5.819990956308912,5.819990956308912,5.819990956308912,3.931851652578137,3.931851652578137,3.931851652578137,2.939157588755424,2.939157588755424,2.1716682964502647,2.1716682964502647,1.7072863961405202,1.7072863961405202,0.0,107.1071906974106,6.125,3.111111111111111,1.5,52.28801467507659,0.0,0.0,0.0,0.0,0.0,0.0,0.0,0.0,0.0,0.0,45.448666937246685,5.917906046161393,0.0,0.0,0.0,0.0,0.0,0.0,5.917906046161393,45.448666937246685,0.0,0.0,0.0,0.0,0.0,0.0,0.0,0.0,0.0,0.0,5.917906046161393,45.448666937246685,0.0,0.0,0.0,0.0,0.0,0.0,0.0,0.0,0.0,0.0,5.917906046161393,38.524929737556064,0.0,0.0,6.923737199690624,0.0,0.0,0.0,0.0,0.0,0.0,1.111111111111111,0.0,8.932222222222222,2.29,0.0,1.0,8,0,0,1,0,1,0,0,0,0,0,0,2,1,0,1,1,2.976700000000002,36.86599999999999,0,0,0,0,0,0,0,0,0,0,0,0,0,0,0,0,0,0,0,0,0,0,0,0,0,0,0,0,0,0,0,0,0,0,0,0,0,0,0,0,0,0,0,0,0,0,0,0,0,0,0,0,0,0,0,0,0,0,0,0,0,0,0,0,0,0,0,0,0,0,0,0,0,0,0,0,0,0,0,0,0,0,0,0,0
Isopropylcyclopentane,CC(C)C1CCCC1,3875-51-2,Not biofuel,2.343240740740741,0.9421296296296294,2.343240740740741,0.9421296296296294,0.4890140527998212,112.21600000000001,96.08799999999998,112.12520051199999,48,0,-0.0391105385537555,-0.06250882573982144,0.06250882573982144,0.0391105385537555,1.125,1.625,1.875,14.225552797452876,9.947999649881126,2.167038601189695,-2.1095075833829102,2.2984476734574253,-2.0100771582853403,4.687417867368374,0.3961652828512278,2.242040082092553,58.438561897747256,5.983127663125442,5.983127663125442,5.983127663125442,3.8045304526403108,3.804530452640311,3.804530452640311,3.2885536416183108,3.2885536416183108,2.3426389558431233,2.3426389558431233,1.6240567635492142,1.6240567635492142,0.0,93.1025933890692,6.125,2.52,1.2396694214876034,52.288014675076575,0.0,0.0,0.0,0.0,0.0,0.0,0.0,0.0,0.0,0.0,39.53076089108529,11.835812092322787,0.0,0.0,0.0,0.0,0.0,0.0,11.835812092322787,39.53076089108529,0.0,0.0,0.0,0.0,0.0,0.0,0.0,0.0,0.0,0.0,11.835812092322787,39.53076089108529,0.0,0.0,0.0,0.0,0.0,0.0,0.0,0.0,0.0,0.0,11.835812092322787,25.683286491704038,0.0,0.0,13.847474399381248,0.0,0.0,0.0,0.0,0.0,0.0,2.006944444444444,0.0,5.97324074074074,4.686481481481482,0.0,1.0,8,0,0,1,0,1,0,0,0,0,0,0,1,1,0,1,1,2.832600000000001,36.79599999999999,0,0,0,0,0,0,0,0,0,0,0,0,0,0,0,0,0,0,0,0,0,0,0,0,0,0,0,0,0,0,0,0,0,0,0,0,0,0,0,0,0,0,0,0,0,0,0,0,0,0,0,0,0,0,0,0,0,0,0,0,0,0,0,0,0,0,0,0,0,0,0,0,0,0,0,0,0,0,0,0,0,0,0,0,0
1-Ethyl-3-methylcyclopentane,CCC1CCC(C)C1,3726-47-4  ,Not biofuel,2.370694444444444,1.0277314814814813,2.370694444444444,1.0277314814814813,0.4890140527998212,112.216,96.08799999999998,112.12520051199999,48,0,-0.04142759849199484,-0.06511800660663264,0.06511800660663264,0.04142759849199484,1.375,2.125,2.375,14.239404233827454,10.041914197075842,2.1808493982985473,-2.016524374032685,2.313156711451442,-1.893740076638635,4.702216575756573,0.5009985108747483,2.218336754489984,66.43856189774725,5.983127663125442,5.983127663125442,5.983127663125442,3.825698502695489,3.825698502695489,3.825698502695489,3.1924979393559827,3.1924979393559827,2.3807667665424157,2.3807667665424157,1.6957487232829034,1.6957487232829034,0.0,92.21698662121833,6.125,2.52,1.2396694214876034,52.288014675076575,0.0,0.0,0.0,0.0,0.0,0.0,0.0,0.0,0.0,0.0,33.10993926815928,18.256633715248796,0.0,0.0,0.0,0.0,0.0,0.0,11.835812092322787,39.53076089108529,0.0,0.0,0.0,0.0,0.0,0.0,0.0,0.0,0.0,0.0,11.835812092322787,39.53076089108529,0.0,0.0,0.0,0.0,0.0,0.0,0.0,0.0,0.0,0.0,11.835812092322787,25.683286491704038,0.0,0.0,13.847474399381248,0.0,0.0,0.0,0.0,0.0,0.0,2.101805555555555,0.0,5.885925925925926,4.6789351851851855,0.0,1.0,8,0,0,1,0,1,0,0,0,0,0,0,1,1,0,1,1,2.832600000000001,36.79599999999999,0,0,0,0,0,0,0,0,0,0,0,0,0,0,0,0,0,0,0,0,0,0,0,0,0,0,0,0,0,0,0,0,0,0,0,0,0,0,0,0,0,0,0,0,0,0,0,0,0,0,0,0,0,0,0,0,0,0,0,0,0,0,0,0,0,0,0,0,0,0,0,0,0,0,0,0,0,0,0,0,0,0,0,0,0
"1,1-Dimethylcyclohexane",CC1(C)CCCCC1,590-66-9  ,Biofuel,2.381111111111111,0.6788194444444444,2.381111111111111,0.6788194444444444,0.4516527034348206,112.21600000000001,96.08799999999998,112.12520051199999,48,0,-0.03542170066522063,-0.059909507005601485,0.059909507005601485,0.03542170066522063,0.875,1.375,1.625,14.25114566380528,9.776323408329763,2.1935748082755824,-2.281288832713282,2.3385544603286057,-2.1408647199578112,4.720400607860634,0.24445729628852528,2.327882879407043,64.10749561002055,6.035533905932739,6.035533905932738,6.035533905932738,3.707106781186548,3.707106781186547,3.707106781186547,3.7248737341529154,3.7248737341529154,2.207106781186547,2.207106781186547,1.508883476483184,1.508883476483184,0.0,59.41115080179386,6.125,2.0826446280991737,1.5,52.28801467507659,0.0,0.0,0.0,0.0,0.0,0.0,0.0,0.0,0.0,0.0,33.10993926815928,18.2566337152488,0.0,0.0,0.0,0.0,0.0,0.0,5.41499046939678,45.95158251401131,0.0,0.0,0.0,0.0,0.0,0.0,0.0,0.0,0.0,0.0,5.41499046939678,45.95158251401131,0.0,0.0,0.0,0.0,0.0,0.0,0.0,0.0,0.0,5.41499046939678,0.0,32.10410811463005,0.0,0.0,13.847474399381248,0.0,0.0,0.0,0.0,0.0,0.6788194444444444,0.0,0.0,7.308958333333333,4.762222222222222,0.0,1.0,8,0,0,1,0,1,0,0,0,0,0,0,0,1,0,1,1,2.976700000000002,36.86599999999999,0,0,0,0,0,0,0,0,0,0,0,0,0,0,0,0,0,0,0,0,0,0,0,0,0,0,0,0,0,0,0,0,0,0,0,0,0,0,0,0,0,0,0,0,0,0,0,0,0,0,0,0,0,0,0,0,0,0,0,0,0,0,0,0,0,0,0,0,0,0,0,0,0,0,0,0,0,0,0,0,0,0,0,0,0
"1,2-Dimethylcyclohexane",CC1CCCCC1C,583-57-3,Not biofuel,2.3787962962962963,1.003472222222222,2.3787962962962963,1.003472222222222,0.4517552971114903,112.216,96.08799999999998,112.12520051199999,48,0,-0.041698204409065874,-0.06225486301980354,0.06225486301980354,0.041698204409065874,0.875,1.25,1.5,14.208744238892683,9.81866644175426,2.1497896418662297,-2.240315778368317,2.277817442992581,-2.1190939422923307,4.668795292390056,0.2770710275120517,2.2794002709583667,56.43856189774725,5.983127663125442,5.983127663125442,5.983127663125442,3.804530452640311,3.804530452640311,3.804530452640311,3.2390248187615978,3.2390248187615978,2.5403364137778546,2.5403364137778546,1.501661279183041,1.501661279183041,0.0,72.49526582754562,6.125,2.52,1.2396694214876034,52.28801467507656,0.0,0.0,0.0,0.0,0.0,0.0,0.0,0.0,0.0,0.0,39.53076089108528,11.835812092322787,0.0,0.0,0.0,0.0,0.0,0.0,11.835812092322787,39.53076089108528,0.0,0.0,0.0,0.0,0.0,0.0,0.0,0.0,0.0,0.0,11.835812092322787,39.53076089108528,0.0,0.0,0.0,0.0,0.0,0.0,0.0,0.0,0.0,0.0,11.835812092322787,25.683286491704038,0.0,0.0,13.847474399381248,0.0,0.0,0.0,0.0,0.0,0.0,2.006944444444444,0.0,5.90212962962963,4.757592592592593,0.0,1.0,8,0,0,1,0,1,0,0,0,0,0,0,0,1,0,1,1,2.832600000000001,36.79599999999999,0,0,0,0,0,0,0,0,0,0,0,0,0,0,0,0,0,0,0,0,0,0,0,0,0,0,0,0,0,0,0,0,0,0,0,0,0,0,0,0,0,0,0,0,0,0,0,0,0,0,0,0,0,0,0,0,0,0,0,0,0,0,0,0,0,0,0,0,0,0,0,0,0,0,0,0,0,0,0,0,0,0,0,0,0
"1,3-Dimethylcyclohexane",CC1CCCC(C)C1,591-21-9  ,Not biofuel,2.370694444444444,1.0127314814814814,2.370694444444444,1.0127314814814814,0.4517552971114903,112.216,96.08799999999998,112.12520051199999,48,0,-0.04402656973633952,-0.06249971340020644,0.06249971340020644,0.04402656973633952,1.0,1.5,1.75,14.190643646934342,9.83694378569225,2.13080571176851,-2.222905972352179,2.2687854250553645,-2.088626562842273,4.655491721612613,0.3009000049770983,2.2306376583301173,58.43856189774725,5.983127663125442,5.983127663125442,5.983127663125442,3.787693700234704,3.787693700234704,3.787693700234704,3.3769493512234936,3.3769493512234936,2.198584704241717,2.198584704241717,1.7373635395785565,1.7373635395785565,0.0,64.0524865010122,6.125,2.52,1.5,52.288014675076575,0.0,0.0,0.0,0.0,0.0,0.0,0.0,0.0,0.0,0.0,33.10993926815928,18.256633715248796,0.0,0.0,0.0,0.0,0.0,0.0,11.835812092322787,39.53076089108529,0.0,0.0,0.0,0.0,0.0,0.0,0.0,0.0,0.0,0.0,11.835812092322787,39.53076089108529,0.0,0.0,0.0,0.0,0.0,0.0,0.0,0.0,0.0,0.0,11.835812092322787,25.683286491704038,0.0,0.0,13.847474399381248,0.0,0.0,0.0,0.0,0.0,0.0,2.025462962962963,0.0,5.899814814814815,4.741388888888888,0.0,1.0,8,0,0,1,0,1,0,0,0,0,0,0,0,1,0,1,1,2.832600000000001,36.79599999999999,0,0,0,0,0,0,0,0,0,0,0,0,0,0,0,0,0,0,0,0,0,0,0,0,0,0,0,0,0,0,0,0,0,0,0,0,0,0,0,0,0,0,0,0,0,0,0,0,0,0,0,0,0,0,0,0,0,0,0,0,0,0,0,0,0,0,0,0,0,0,0,0,0,0,0,0,0,0,0,0,0,0,0,0,0
"1,4-Dimethylcyclohexane",CC1CCC(C)CC1,589-90-2  ,Not biofuel,2.3669444444444445,1.0196296296296294,2.3669444444444445,1.0196296296296294,0.4517552971114903,112.216,96.08799999999998,112.12520051199999,48,0,-0.044260160541008425,-0.0625093764618009,0.0625093764618009,0.044260160541008425,0.75,1.0,1.25,14.185436610704048,9.842083599860604,2.1253416317281952,-2.218020308490454,2.26609599724383,-2.0802014768410206,4.651602947054432,0.3075500266173269,2.1923771580194713,48.438561897747256,5.983127663125442,5.983127663125442,5.983127663125442,3.787693700234704,3.787693700234704,3.787693700234704,3.3650439694243293,3.3650439694243293,2.3045304526403108,2.3045304526403108,1.426746322052511,1.426746322052511,0.0,70.79892376087899,6.125,2.52,1.5,52.288014675076575,0.0,0.0,0.0,0.0,0.0,0.0,0.0,0.0,0.0,0.0,39.53076089108529,11.835812092322787,0.0,0.0,0.0,0.0,0.0,0.0,11.835812092322787,39.53076089108529,0.0,0.0,0.0,0.0,0.0,0.0,0.0,0.0,0.0,0.0,11.835812092322787,39.53076089108529,0.0,0.0,0.0,0.0,0.0,0.0,0.0,0.0,0.0,0.0,11.835812092322787,25.683286491704038,0.0,0.0,13.847474399381248,0.0,0.0,0.0,0.0,0.0,0.0,2.039259259259259,0.0,5.893518518518519,4.733888888888889,0.0,1.0,8,0,0,1,0,1,0,0,0,0,0,0,0,1,0,1,1,2.832600000000001,36.79599999999999,0,0,0,0,0,0,0,0,0,0,0,0,0,0,0,0,0,0,0,0,0,0,0,0,0,0,0,0,0,0,0,0,0,0,0,0,0,0,0,0,0,0,0,0,0,0,0,0,0,0,0,0,0,0,0,0,0,0,0,0,0,0,0,0,0,0,0,0,0,0,0,0,0,0,0,0,0,0,0,0,0,0,0,0,0
Ethylcyclohexane,CCC1CCCCC1,1678-91-7,Biofuel,2.315462962962963,1.0868055555555554,2.315462962962963,1.0868055555555554,0.4889029976557186,112.21600000000001,96.08799999999998,112.12520051199999,48,0,-0.04169086105467225,-0.06511818141712189,0.06511818141712189,0.04169086105467225,1.125,1.75,2.125,14.151033707914848,9.876364520884549,2.0904879451763336,-2.184200905999415,2.2483225994814253,-2.030636310540046,4.625132959945627,0.34942926381655615,2.1250162554146717,51.058650025961626,5.819990956308912,5.819990956308912,5.819990956308912,3.931851652578137,3.931851652578137,3.931851652578137,2.9122841352177478,2.9122841352177478,2.3020951405812147,2.3020951405812147,1.5953879568423444,1.5953879568423444,0.0,91.36757727918736,6.125,3.111111111111111,1.5,52.288014675076575,0.0,0.0,0.0,0.0,0.0,0.0,0.0,0.0,0.0,0.0,45.448666937246685,5.917906046161393,0.0,0.0,0.0,0.0,0.0,0.0,5.917906046161393,45.448666937246685,0.0,0.0,0.0,0.0,0.0,0.0,0.0,0.0,0.0,0.0,5.917906046161393,45.448666937246685,0.0,0.0,0.0,0.0,0.0,0.0,0.0,0.0,0.0,0.0,5.917906046161393,38.524929737556064,0.0,0.0,6.923737199690624,0.0,0.0,0.0,0.0,0.0,0.0,1.0868055555555554,0.0,8.931064814814814,2.315462962962963,0.0,1.0,8,0,0,1,0,1,0,0,0,0,0,0,1,1,0,1,1,2.976700000000002,36.86599999999999,0,0,0,0,0,0,0,0,0,0,0,0,0,0,0,0,0,0,0,0,0,0,0,0,0,0,0,0,0,0,0,0,0,0,0,0,0,0,0,0,0,0,0,0,0,0,0,0,0,0,0,0,0,0,0,0,0,0,0,0,0,0,0,0,0,0,0,0,0,0,0,0,0,0,0,0,0,0,0,0,0,0,0,0,0
Ethylcyclohexane,CCC1CCCCC1,1678-91-7,Biofuel,2.315462962962963,1.0868055555555554,2.315462962962963,1.0868055555555554,0.4889029976557186,112.21600000000001,96.08799999999998,112.12520051199999,48,0,-0.04169086105467225,-0.06511818141712189,0.06511818141712189,0.04169086105467225,1.125,1.75,2.125,14.151033707914848,9.876364520884549,2.0904879451763336,-2.184200905999415,2.2483225994814253,-2.030636310540046,4.625132959945627,0.34942926381655615,2.1250162554146717,51.058650025961626,5.819990956308912,5.819990956308912,5.819990956308912,3.931851652578137,3.931851652578137,3.931851652578137,2.9122841352177478,2.9122841352177478,2.3020951405812147,2.3020951405812147,1.5953879568423444,1.5953879568423444,0.0,91.36757727918736,6.125,3.111111111111111,1.5,52.288014675076575,0.0,0.0,0.0,0.0,0.0,0.0,0.0,0.0,0.0,0.0,45.448666937246685,5.917906046161393,0.0,0.0,0.0,0.0,0.0,0.0,5.917906046161393,45.448666937246685,0.0,0.0,0.0,0.0,0.0,0.0,0.0,0.0,0.0,0.0,5.917906046161393,45.448666937246685,0.0,0.0,0.0,0.0,0.0,0.0,0.0,0.0,0.0,0.0,5.917906046161393,38.524929737556064,0.0,0.0,6.923737199690624,0.0,0.0,0.0,0.0,0.0,0.0,1.0868055555555554,0.0,8.931064814814814,2.315462962962963,0.0,1.0,8,0,0,1,0,1,0,0,0,0,0,0,1,1,0,1,1,2.976700000000002,36.86599999999999,0,0,0,0,0,0,0,0,0,0,0,0,0,0,0,0,0,0,0,0,0,0,0,0,0,0,0,0,0,0,0,0,0,0,0,0,0,0,0,0,0,0,0,0,0,0,0,0,0,0,0,0,0,0,0,0,0,0,0,0,0,0,0,0,0,0,0,0,0,0,0,0,0,0,0,0,0,0,0,0,0,0,0,0,0
Cyclooctane,C1CCCCCCC1,292-64-8,Not biofuel,1.5,1.5,1.5,1.5,0.45137552465947917,112.21600000000001,96.08799999999998,112.12520051199999,48,0,-0.0533059727891157,-0.0533059727891157,0.0533059727891157,0.0533059727891157,0.25,0.375,0.5,14.016000000000004,10.012000000000002,1.951694027210884,-2.0523059727891155,2.1490999999999967,-1.8548999999999998,4.508,0.5040000000000002,2.0,24.0,5.6568542494923815,5.65685424949238,5.65685424949238,4.0,3.9999999999999996,3.9999999999999996,2.828427124746189,2.828427124746189,1.9999999999999996,1.9999999999999996,1.4142135623730943,1.4142135623730943,0.0,72.69482743708812,6.125,3.9375,2.34375,52.28801467507659,0.0,0.0,0.0,0.0,0.0,0.0,0.0,0.0,0.0,0.0,51.36657298340809,0.0,0.0,0.0,0.0,0.0,0.0,0.0,0.0,51.36657298340809,0.0,0.0,0.0,0.0,0.0,0.0,0.0,0.0,0.0,0.0,0.0,51.36657298340809,0.0,0.0,0.0,0.0,0.0,0.0,0.0,0.0,0.0,0.0,0.0,51.36657298340809,0.0,0.0,0.0,0.0,0.0,0.0,0.0,0.0,0.0,0.0,0.0,12.0,0.0,0.0,1.0,8,0,0,1,0,1,0,0,0,0,0,0,0,1,0,1,1,3.120800000000002,36.93599999999999,0,0,0,0,0,0,0,0,0,0,0,0,0,0,0,0,0,0,0,0,0,0,0,0,0,0,0,0,0,0,0,0,0,0,0,0,0,0,0,0,0,0,0,0,0,0,0,0,0,0,0,0,0,0,0,0,0,0,0,0,0,0,0,0,0,0,0,0,0,0,0,0,0,0,0,0,0,0,0,0,0,0,0,0,0
"1,1,2-Trimethylcyclohexane",CC1CCCCC1(C)C,7094-26-0  ,Not biofuel,2.39962962962963,0.6371527777777778,2.39962962962963,0.6371527777777778,0.4672251759438993,126.243,108.09899999999998,126.14085057599999,54,0,-0.032852625670144124,-0.061998992434871864,0.061998992434871864,0.032852625670144124,1.2222222222222223,1.8888888888888888,2.2222222222222223,14.329515320120752,9.698520896578712,2.2743542922113944,-2.356694001977316,2.391651982260283,-2.244953013268054,4.7863467989354636,0.15398353179004604,2.490858958577541,92.2114326716684,6.905777393935816,6.905777393935816,6.905777393935816,4.1278270848415755,4.1278270848415755,4.1278270848415755,4.135410681680073,4.135410681680073,3.0423113819010212,3.0423113819010212,1.668276095478694,1.668276095478694,0.0,95.48205235910707,7.111111111111111,2.3195266272189348,1.469387755102041,58.65295678947317,0.0,0.0,0.0,0.0,0.0,0.0,0.0,0.0,0.0,0.0,40.0336764678499,17.75371813848418,0.0,0.0,0.0,0.0,0.0,0.0,11.332896515558172,46.4544980907759,0.0,0.0,0.0,0.0,0.0,0.0,0.0,0.0,0.0,0.0,11.332896515558172,46.4544980907759,0.0,0.0,0.0,0.0,0.0,0.0,0.0,0.0,0.0,5.41499046939678,5.917906046161393,25.683286491704038,0.0,0.0,20.771211599071872,0.0,0.0,0.0,0.0,0.0,0.6371527777777778,0.9502314814814814,0.0,5.808634259259259,7.187314814814815,0.0,1.0,9,0,0,1,0,1,0,0,0,0,0,0,0,1,0,1,1,3.2227000000000023,41.413000000000004,0,0,0,0,0,0,0,0,0,0,0,0,0,0,0,0,0,0,0,0,0,0,0,0,0,0,0,0,0,0,0,0,0,0,0,0,0,0,0,0,0,0,0,0,0,0,0,0,0,0,0,0,0,0,0,0,0,0,0,0,0,0,0,0,0,0,0,0,0,0,0,0,0,0,0,0,0,0,0,0,0,0,0,0,0
"1,1,3-Trimethylcyclohexane",CC1CCCC(C)(C)C1,3073-66-3,Not biofuel,2.3915277777777777,0.650462962962963,2.3915277777777777,0.650462962962963,0.4672251759438993,126.243,108.09899999999998,126.14085057599999,54,0,-0.03516855139470142,-0.06248963425354357,0.06248963425354357,0.03516855139470142,1.3333333333333333,2.0,2.3333333333333335,14.299326052793496,9.729027193183267,2.2426896709473176,-2.327639277617401,2.373454200310422,-2.2002210484242672,4.762269685187218,0.19114736607450625,2.4108370132644117,92.2114326716684,6.905777393935816,6.905777393935816,6.905777393935816,4.1009536313038994,4.1009536313038994,4.1009536313038994,4.365737948315653,4.365737948315653,2.451524385942557,2.451524385942557,2.076524385942557,2.076524385942557,0.0,80.13469118518836,7.111111111111111,2.3195266272189348,2.0,58.65295678947317,0.0,0.0,0.0,0.0,0.0,0.0,0.0,0.0,0.0,0.0,33.61285484492389,24.17453976141019,0.0,0.0,0.0,0.0,0.0,0.0,11.332896515558172,46.454498090775914,0.0,0.0,0.0,0.0,0.0,0.0,0.0,0.0,0.0,0.0,11.332896515558172,46.454498090775914,0.0,0.0,0.0,0.0,0.0,0.0,0.0,0.0,0.0,5.41499046939678,5.917906046161393,25.683286491704038,0.0,0.0,20.771211599071872,0.0,0.0,0.0,0.0,0.0,0.650462962962963,0.980324074074074,0.0,5.793587962962963,7.158958333333333,0.0,1.0,9,0,0,1,0,1,0,0,0,0,0,0,0,1,0,1,1,3.2227000000000023,41.413000000000004,0,0,0,0,0,0,0,0,0,0,0,0,0,0,0,0,0,0,0,0,0,0,0,0,0,0,0,0,0,0,0,0,0,0,0,0,0,0,0,0,0,0,0,0,0,0,0,0,0,0,0,0,0,0,0,0,0,0,0,0,0,0,0,0,0,0,0,0,0,0,0,0,0,0,0,0,0,0,0,0,0,0,0,0,0
"1,2,3-Trimethylcyclohexane",CC1CCCC(C)C1C,1678-97-3  ,Not biofuel,2.397314814814815,0.9710648148148147,2.397314814814815,0.9710648148148147,0.4676537875216582,126.24299999999998,108.09899999999998,126.14085057599999,54,0,-0.0391172796863679,-0.06224480542657926,0.06224480542657926,0.0391172796863679,0.8888888888888888,1.3333333333333333,1.6666666666666667,14.279683013456363,9.748460403491025,2.222666314929716,-2.3085880424672682,2.328664813597233,-2.208635416829909,4.730048309581737,0.1973541261503645,2.413324848196347,76.03910001730775,6.8533711511285205,6.8533711511285205,6.8533711511285205,4.21521405516327,4.21521405516327,4.21521405516327,3.744588184564866,3.744588184564866,3.11406878688018,3.11406878688018,1.848425765691067,1.848425765691067,0.0,109.737515096202,7.111111111111111,2.7222222222222223,1.469387755102041,58.65295678947317,0.0,0.0,0.0,0.0,0.0,0.0,0.0,0.0,0.0,0.0,40.0336764678499,17.75371813848418,0.0,0.0,0.0,0.0,0.0,0.0,17.75371813848418,40.0336764678499,0.0,0.0,0.0,0.0,0.0,0.0,0.0,0.0,0.0,0.0,17.75371813848418,40.0336764678499,0.0,0.0,0.0,0.0,0.0,0.0,0.0,0.0,0.0,0.0,17.75371813848418,19.26246486877803,0.0,0.0,20.771211599071872,0.0,0.0,0.0,0.0,0.0,0.0,2.931712962962963,0.0,4.392546296296296,7.175740740740741,0.0,1.0,9,0,0,1,0,1,0,0,0,0,0,0,0,1,0,1,1,3.0786000000000016,41.343,0,0,0,0,0,0,0,0,0,0,0,0,0,0,0,0,0,0,0,0,0,0,0,0,0,0,0,0,0,0,0,0,0,0,0,0,0,0,0,0,0,0,0,0,0,0,0,0,0,0,0,0,0,0,0,0,0,0,0,0,0,0,0,0,0,0,0,0,0,0,0,0,0,0,0,0,0,0,0,0,0,0,0,0,0
"1,2,4-Trimethylcyclohexane",CC1CCC(C)C(C)C1,2234-75-5,Not biofuel,2.3892129629629633,0.980324074074074,2.3892129629629633,0.980324074074074,0.4676537875216582,126.24299999999998,108.09899999999998,126.14085057599999,54,0,-0.041444728838993444,-0.06249936601465749,0.06249936601465749,0.041444728838993444,0.8888888888888888,1.5555555555555556,2.0,14.26177914126216,9.76643719395811,2.2038783187056294,-2.291481441438699,2.319255580566751,-2.1800363499587676,4.7165578151142356,0.22026335602550157,2.34622717382778,86.03910001730776,6.8533711511285205,6.8533711511285205,6.8533711511285205,4.198377302757663,4.198377302757663,4.198377302757663,3.8727920134931053,3.8727920134931053,2.860366219491575,2.860366219491575,1.816762979226178,1.816762979226178,0.0,104.20091930659319,7.111111111111111,2.7222222222222223,1.7041420118343196,58.65295678947317,0.0,0.0,0.0,0.0,0.0,0.0,0.0,0.0,0.0,0.0,33.61285484492389,24.17453976141019,0.0,0.0,0.0,0.0,0.0,0.0,17.75371813848418,40.0336764678499,0.0,0.0,0.0,0.0,0.0,0.0,0.0,0.0,0.0,0.0,17.75371813848418,40.0336764678499,0.0,0.0,0.0,0.0,0.0,0.0,0.0,0.0,0.0,0.0,17.75371813848418,19.26246486877803,0.0,0.0,20.771211599071872,0.0,0.0,0.0,0.0,0.0,0.0,2.964027777777777,0.0,4.383935185185185,7.152037037037037,0.0,1.0,9,0,0,1,0,1,0,0,0,0,0,0,0,1,0,1,1,3.0786000000000016,41.343,0,0,0,0,0,0,0,0,0,0,0,0,0,0,0,0,0,0,0,0,0,0,0,0,0,0,0,0,0,0,0,0,0,0,0,0,0,0,0,0,0,0,0,0,0,0,0,0,0,0,0,0,0,0,0,0,0,0,0,0,0,0,0,0,0,0,0,0,0,0,0,0,0,0,0,0,0,0,0,0,0,0,0,0,0
"1,3,5-Trimethylcyclohexane",CC1CC(C)CC(C)C1,1839-63-0  ,Not biofuel,2.381111111111111,0.9895833333333331,2.381111111111111,0.9895833333333331,0.4676537875216582,126.243,108.09899999999998,126.14085057599999,54,0,-0.043773064637522036,-0.06248970318471364,0.06248970318471364,0.043773064637522036,0.6666666666666666,0.8888888888888888,1.1111111111111112,14.252059355460101,9.776342799538119,2.193685187197382,-2.2820388883416065,2.3143076119378048,-2.1638053640225,4.709351843223032,0.23305035691507733,2.3408516164378748,61.01955000865387,6.8533711511285205,6.8533711511285205,6.8533711511285205,4.1815405503520555,4.1815405503520555,4.1815405503520555,4.022621927754165,4.022621927754165,2.414213562373095,2.414213562373095,2.349335306374634,2.349335306374634,0.0,85.7569381887915,7.111111111111111,2.7222222222222223,2.0,58.65295678947317,0.0,0.0,0.0,0.0,0.0,0.0,0.0,0.0,0.0,0.0,20.771211599071872,37.016183007262214,0.0,0.0,0.0,0.0,0.0,0.0,17.75371813848418,40.0336764678499,0.0,0.0,0.0,0.0,0.0,0.0,0.0,0.0,0.0,0.0,17.75371813848418,40.0336764678499,0.0,0.0,0.0,0.0,0.0,0.0,0.0,0.0,0.0,0.0,17.75371813848418,19.26246486877803,0.0,0.0,20.771211599071872,0.0,0.0,0.0,0.0,0.0,0.0,2.9687499999999996,0.0,4.3879166666666665,7.1433333333333335,0.0,1.0,9,0,0,1,0,1,0,0,0,0,0,0,0,1,0,1,1,3.0786000000000016,41.343,0,0,0,0,0,0,0,0,0,0,0,0,0,0,0,0,0,0,0,0,0,0,0,0,0,0,0,0,0,0,0,0,0,0,0,0,0,0,0,0,0,0,0,0,0,0,0,0,0,0,0,0,0,0,0,0,0,0,0,0,0,0,0,0,0,0,0,0,0,0,0,0,0,0,0,0,0,0,0,0,0,0,0,0,0
"1,1-Dimethylcycloheptane",CC1(C)CCCCCC1,13151-49-0  ,Not biofuel,2.401111111111111,0.6631944444444444,2.401111111111111,0.6631944444444444,0.436458933572697,126.24300000000001,108.09899999999998,126.14085057599999,54,0,-0.03542170068649445,-0.05990950700564094,0.05990950700564094,0.03542170068649445,0.7777777777777778,1.2222222222222223,1.6666666666666667,14.238825608846616,9.851399458865743,2.1811416868962454,-2.2050854684132513,2.32687571245515,-2.0763096978504363,4.708332002761179,0.3142822914669763,2.355900188385946,72.03910001730776,6.7426406871192865,6.742640687119286,6.742640687119286,4.207106781186548,4.207106781186547,4.207106781186547,4.078427124746189,4.078427124746189,2.457106781186547,2.457106781186547,1.6856601717798207,1.6856601717798207,0.0,109.19568302167362,7.111111111111111,2.7222222222222223,2.3801652892561984,58.6529567894732,0.0,0.0,0.0,0.0,0.0,0.0,0.0,0.0,0.0,0.0,39.53076089108529,18.2566337152488,0.0,0.0,0.0,0.0,0.0,0.0,5.41499046939678,52.37240413693732,0.0,0.0,0.0,0.0,0.0,0.0,0.0,0.0,0.0,0.0,5.41499046939678,52.37240413693732,0.0,0.0,0.0,0.0,0.0,0.0,0.0,0.0,0.0,5.41499046939678,0.0,38.524929737556064,0.0,0.0,13.847474399381248,0.0,0.0,0.0,0.0,0.0,0.6631944444444444,0.0,0.0,8.784583333333334,4.802222222222222,0.0,1.0,9,0,0,1,0,1,0,0,0,0,0,0,0,1,0,1,1,3.3668000000000022,41.483000000000004,0,0,0,0,0,0,0,0,0,0,0,0,0,0,0,0,0,0,0,0,0,0,0,0,0,0,0,0,0,0,0,0,0,0,0,0,0,0,0,0,0,0,0,0,0,0,0,0,0,0,0,0,0,0,0,0,0,0,0,0,0,0,0,0,0,0,0,0,0,0,0,0,0,0,0,0,0,0,0,0,0,0,0,0,0
Ethylcycloheptane,CCC1CCCCCC1,13151-55-8  ,Not biofuel,2.329351851851852,1.0763888888888888,2.329351851851852,1.0763888888888888,0.4724561136344535,126.24300000000001,108.09899999999998,126.14085057599999,54,0,-0.041690861065269764,-0.06511818141712189,0.06511818141712189,0.041690861065269764,1.0,1.5555555555555556,2.0,14.140981353180793,9.979358963582438,2.0802539430778557,-2.080318510693488,2.2400701311122195,-1.939980776038974,4.615900487491669,0.44633998554043597,2.1826813172648256,58.438561897747256,6.52709773749546,6.52709773749546,6.52709773749546,4.431851652578137,4.431851652578136,4.431851652578136,3.2658375258110213,3.2658375258110213,2.5520951405812147,2.5520951405812147,1.7721646521389811,1.7721646521389811,0.0,160.03868154412822,7.111111111111111,3.92,2.3801652892561984,58.65295678947319,0.0,0.0,0.0,0.0,0.0,0.0,0.0,0.0,0.0,0.0,51.8694885601727,5.917906046161393,0.0,0.0,0.0,0.0,0.0,0.0,5.917906046161393,51.8694885601727,0.0,0.0,0.0,0.0,0.0,0.0,0.0,0.0,0.0,0.0,5.917906046161393,51.8694885601727,0.0,0.0,0.0,0.0,0.0,0.0,0.0,0.0,0.0,0.0,5.917906046161393,44.94575136048208,0.0,0.0,6.923737199690624,0.0,0.0,0.0,0.0,0.0,0.0,1.0763888888888888,0.0,10.42759259259259,2.329351851851852,0.0,1.0,9,0,0,1,0,1,0,0,0,0,0,0,1,1,0,1,1,3.3668000000000022,41.483000000000004,0,0,0,0,0,0,0,0,0,0,0,0,0,0,0,0,0,0,0,0,0,0,0,0,0,0,0,0,0,0,0,0,0,0,0,0,0,0,0,0,0,0,0,0,0,0,0,0,0,0,0,0,0,0,0,0,0,0,0,0,0,0,0,0,0,0,0,0,0,0,0,0,0,0,0,0,0,0,0,0,0,0,0,0,0
Ethene,C=C,74-85-1  ,Not biofuel,3.0,3.0,3.0,3.0,0.34449676855385364,28.053999999999995,24.022,28.031300127999998,12,0,-0.10631107461236379,-0.10631107461236379,0.10631107461236379,0.10631107461236379,1.0,1.0,1.0,12.718106781186545,11.30389321881345,0.6007957065741836,-0.8134178557989111,0.8622067811865474,-0.5520067811865473,4.220106781186547,2.8058932188134516,2.0,0.0,2.0,1.414213562373095,1.414213562373095,1.0,0.4999999999999999,0.4999999999999999,0.0,0.0,0.0,0.0,0.0,0.0,-0.26,2.0,1.74,0.74,-6.106153846153846,14.414590110041905,0.0,0.0,0.0,0.0,0.0,0.0,0.0,0.0,0.0,13.157871367196995,0.0,0.0,0.0,0.0,0.0,0.0,0.0,0.0,0.0,0.0,0.0,13.157871367196995,0.0,0.0,0.0,0.0,0.0,0.0,0.0,0.0,0.0,0.0,13.157871367196995,0.0,0.0,0.0,0.0,0.0,0.0,0.0,0.0,0.0,0.0,0.0,0.0,0.0,13.157871367196995,0.0,0.0,0.0,0.0,0.0,0.0,0.0,0.0,0.0,6.0,0.0,0.0,2,0,0,0,0,0,0,0,0,0,0,0,0,0,0,0,0,0.8022,11.254000000000001,0,0,0,0,0,0,0,0,0,0,0,0,0,0,0,0,0,0,0,0,0,0,0,0,0,0,0,0,0,0,0,0,0,0,0,0,0,0,0,0,0,0,0,0,0,0,0,0,0,0,0,0,0,0,0,0,0,0,0,0,0,0,0,0,0,0,0,0,0,0,0,0,0,0,0,0,0,0,0,0,0,0,0,0,0
Propene,CC=C,115-07-1,Not biofuel,3.361111111111111,1.75,3.361111111111111,1.75,0.3570688167166915,42.080999999999996,36.033,42.046950192,18,0,-0.0472598095819833,-0.10336125074726941,0.10336125074726941,0.0472598095819833,2.0,2.0,2.0,13.236216411960266,10.786726397011494,1.1451678078713239,-1.305060595834776,1.3766661644886928,-1.0728567823717958,4.511980410498887,1.7999411690849343,2.1874960973678963,7.5097750043269365,2.7071067811865475,2.284457050376173,2.284457050376173,1.4142135623730951,0.9855985596534889,0.9855985596534889,0.408248290463863,0.408248290463863,0.0,0.0,0.0,0.0,-0.26,2.7548875021634682,2.7400000000000007,1.7400000000000013,1.7399999999999973,20.779532224438512,0.0,0.0,0.0,0.0,0.0,0.0,0.0,0.0,0.0,6.578935683598497,6.076020106833881,6.923737199690624,0.0,0.0,0.0,0.0,0.0,0.0,0.0,6.923737199690624,0.0,12.654955790432378,0.0,0.0,0.0,0.0,0.0,0.0,0.0,0.0,0.0,6.923737199690624,12.654955790432378,0.0,0.0,0.0,0.0,0.0,0.0,0.0,0.0,0.0,0.0,0.0,6.076020106833881,6.923737199690624,6.578935683598497,0.0,0.0,0.0,0.0,0.0,0.0,0.0,0.0,1.75,5.25,0.0,0.3333333333333333,3,0,0,0,0,0,0,0,0,0,0,0,0,0,0,0,0,1.1923000000000001,15.871000000000002,0,0,0,0,0,0,0,0,0,0,0,0,0,0,0,0,0,0,0,0,0,0,0,0,0,0,1,0,0,0,0,0,0,0,0,0,0,0,0,0,0,0,0,0,0,0,0,0,0,0,0,0,0,0,0,0,0,0,0,0,0,0,0,0,0,0,0,0,0,0,0,0,0,0,0,0,0,0,0,0,0,0,0,0,0
1-Butene,CCC=C,106-98-9  ,Biofuel,3.4791666666666665,1.0833333333333335,3.4791666666666665,1.0833333333333335,0.39998668920534597,56.108,48.044,56.062600255999996,24,0,-0.038200393605486604,-0.10309322712116141,0.10309322712116141,0.038200393605486604,2.0,2.25,2.25,13.522279715720307,10.501376974503232,1.4478542653608981,-1.573878123704301,1.6595712250913357,-1.3613806095355556,4.595780078104171,1.232016633073288,2.2968352619191386,14.0,3.414213562373095,2.9915638315627207,2.9915638315627207,1.914213562373095,1.5236033621142737,1.5236033621142737,0.6969234250586759,0.6969234250586759,0.28867513459481287,0.28867513459481287,0.0,0.0,-0.26,6.854752972273345,3.7400000000000007,2.7400000000000007,1.7400000000000013,27.14447433883512,0.0,0.0,0.0,0.0,0.0,0.0,0.0,0.0,0.0,6.578935683598497,12.999757306524504,6.4208216229260096,0.0,0.0,0.0,0.0,0.0,0.0,0.0,13.344558822616634,0.0,12.654955790432378,0.0,0.0,0.0,0.0,0.0,0.0,0.0,0.0,0.0,13.344558822616634,12.654955790432378,0.0,0.0,0.0,0.0,0.0,0.0,0.0,0.0,0.0,6.4208216229260096,0.0,0.0,6.076020106833881,13.502672883289122,0.0,0.0,0.0,0.0,0.0,0.0,0.0,0.0,2.9583333333333335,5.541666666666666,0.0,0.5,4,0,0,0,0,0,0,0,0,0,0,0,1,0,0,0,0,1.5824,20.487999999999996,0,0,0,0,0,0,0,0,0,0,0,0,0,0,0,0,0,0,0,0,0,0,0,0,0,0,1,0,0,0,0,0,0,0,0,0,0,0,0,0,0,0,0,0,0,0,0,0,0,0,0,0,0,0,0,0,0,0,0,0,0,0,0,0,0,0,0,0,0,0,0,0,0,0,0,0,0,0,0,0,0,0,0,0,0
2-Butene,CC=CC,107-01-7  ,Biofuel,2.0,2.0,2.0,2.0,0.3695110694427644,56.108000000000004,48.044,56.062600255999996,24,0,-0.047001923410199216,-0.09194211202026763,0.09194211202026763,0.047001923410199216,1.0,1.25,1.25,13.426490009807724,10.59739590433905,1.3387570298654332,-1.4907736866908945,1.5669320623938208,-1.262184149961119,4.680482994746869,1.6434572368202558,2.549193338482967,15.219280948873624,3.414213562373095,3.1547005383792515,3.1547005383792515,1.914213562373095,1.488033871712585,1.488033871712585,0.6666666666666669,0.6666666666666669,0.3333333333333334,0.3333333333333334,0.0,0.0,-0.26,6.854752972273345,3.7400000000000007,2.7400000000000007,1.7400000000000013,27.144474338835117,0.0,0.0,0.0,0.0,0.0,0.0,0.0,0.0,0.0,0.0,12.152040213667762,13.847474399381248,0.0,0.0,0.0,0.0,0.0,0.0,0.0,13.847474399381248,0.0,12.152040213667762,0.0,0.0,0.0,0.0,0.0,0.0,0.0,0.0,0.0,13.847474399381248,12.152040213667762,0.0,0.0,0.0,0.0,0.0,0.0,0.0,0.0,0.0,0.0,0.0,0.0,25.99951461304901,0.0,0.0,0.0,0.0,0.0,0.0,0.0,0.0,0.0,4.0,4.0,0.0,0.5,4,0,0,0,0,0,0,0,0,0,0,0,0,0,0,0,0,1.5824,20.487999999999996,0,0,0,0,0,0,0,0,0,0,0,0,0,0,0,0,0,0,0,0,0,0,0,0,0,0,2,0,0,0,0,0,0,0,0,0,0,0,0,0,0,0,0,0,0,0,0,0,0,0,0,0,0,0,0,0,0,0,0,0,0,0,0,0,0,0,0,0,0,0,0,0,0,0,0,0,0,0,0,0,0,0,0,0,0
1-Pentene,CCCC=C,109-67-1,Biofuel,3.5504166666666666,1.1527777777777777,3.5504166666666666,1.1527777777777777,0.4356038269849662,70.135,60.05499999999999,70.07825032,30,0,-0.0356039482616076,-0.10308315147465182,0.10308315147465182,0.0356039482616076,1.8,2.4,2.4,13.680289867824069,10.344163286832249,1.6124140521216015,-1.724284144065298,1.8158722230661968,-1.5202989787414327,4.62509839051127,0.9610968344974905,2.4017152226171965,21.219280948873624,4.121320343559642,3.698670612749268,3.698670612749268,2.414213562373095,2.0236033621142737,2.0236033621142737,1.0773502691896257,1.0773502691896257,0.4927992798267443,0.4927992798267443,0.20412414523193148,0.20412414523193148,-0.26,11.245112497836532,4.74,3.7400000000000007,3.740000000000001,33.50941645323173,0.0,0.0,0.0,0.0,0.0,0.0,0.0,0.0,0.0,6.578935683598497,19.420578929450514,6.4208216229260096,0.0,0.0,0.0,0.0,0.0,0.0,0.0,19.765380445542643,0.0,12.654955790432378,0.0,0.0,0.0,0.0,0.0,0.0,0.0,0.0,0.0,19.765380445542643,12.654955790432378,0.0,0.0,0.0,0.0,0.0,0.0,0.0,0.0,0.0,6.4208216229260096,6.4208216229260096,0.0,6.076020106833881,13.502672883289122,0.0,0.0,0.0,0.0,0.0,0.0,0.0,0.0,4.309027777777778,5.690972222222221,0.0,0.6,5,0,0,0,0,0,0,0,0,0,0,0,2,0,0,0,0,1.9725,25.10499999999999,0,0,0,0,0,0,0,0,0,0,0,0,0,0,0,0,0,0,0,0,0,0,0,0,0,0,1,0,0,0,0,0,0,0,0,0,0,0,0,0,0,0,0,0,0,0,0,0,0,0,0,0,0,0,0,0,0,0,0,0,0,0,0,0,0,0,0,0,0,0,0,0,0,0,0,0,0,0,0,0,0,0,0,0,0
2-Pentene,CCC=CC,109-68-2  ,Biofuel,2.125,1.1631944444444444,2.125,1.1631944444444444,0.4136396804400309,70.135,60.05499999999999,70.07825032,30,0,-0.03794287307367419,-0.0916744470464646,0.0916744470464646,0.03794287307367419,1.6,2.2,2.2,13.594079354378078,10.430607628427651,1.5174139912845042,-1.6468102360406212,1.7323374263754383,-1.4311843309765475,4.730012035564743,1.2174768301743983,2.622415807990217,27.019550008653876,4.121320343559642,3.861807319565799,3.861807319565799,2.414213562373095,2.02603867417337,2.02603867417337,0.9772838841927123,0.9772838841927123,0.47140452079103173,0.47140452079103173,0.23570226039551587,0.23570226039551587,-0.26,11.245112497836532,4.74,3.7400000000000007,3.740000000000001,33.50941645323172,0.0,0.0,0.0,0.0,0.0,0.0,0.0,0.0,0.0,0.0,19.075777413358384,13.344558822616634,0.0,0.0,0.0,0.0,0.0,0.0,0.0,20.268296022307258,0.0,12.152040213667762,0.0,0.0,0.0,0.0,0.0,0.0,0.0,0.0,0.0,20.268296022307258,12.152040213667762,0.0,0.0,0.0,0.0,0.0,0.0,0.0,0.0,0.0,6.4208216229260096,0.0,0.0,6.923737199690624,19.075777413358384,0.0,0.0,0.0,0.0,0.0,0.0,0.0,0.0,5.34375,4.15625,0.0,0.6,5,0,0,0,0,0,0,0,0,0,0,0,1,0,0,0,0,1.9725,25.10499999999999,0,0,0,0,0,0,0,0,0,0,0,0,0,0,0,0,0,0,0,0,0,0,0,0,0,0,2,0,0,0,0,0,0,0,0,0,0,0,0,0,0,0,0,0,0,0,0,0,0,0,0,0,0,0,0,0,0,0,0,0,0,0,0,0,0,0,0,0,0,0,0,0,0,0,0,0,0,0,0,0,0,0,0,0,0
1-Hexene,CCCCC=C,592-41-6  ,Biofuel,3.5981944444444443,1.1770833333333335,3.5981944444444443,1.1770833333333335,0.36350557388151317,84.16199999999999,72.06599999999999,84.093900384,36,0,-0.03535136060568804,-0.10308298030401146,0.10308298030401146,0.03535136060568804,1.6666666666666667,2.3333333333333335,2.5,13.774334095388145,10.25090098628836,1.7088924678795125,-1.8149024079880083,1.9089979477877494,-1.6144725861877438,4.63693183675241,0.8157533078251099,2.4884037718761123,29.01955000865387,4.82842712474619,4.405777393935816,4.405777393935816,2.914213562373095,2.5236033621142737,2.5236033621142737,1.4309036597828992,1.4309036597828992,0.7618016810571366,0.7618016810571366,0.3484617125293379,0.3484617125293379,-0.26,20.986300857070454,5.740000000000001,4.74,3.7400000000000007,39.874358567628335,0.0,0.0,0.0,0.0,0.0,0.0,0.0,0.0,0.0,6.578935683598497,25.841400552376523,6.4208216229260096,0.0,0.0,0.0,0.0,0.0,0.0,0.0,26.186202068468653,0.0,12.654955790432378,0.0,0.0,0.0,0.0,0.0,0.0,0.0,0.0,0.0,26.186202068468653,12.654955790432378,0.0,0.0,0.0,0.0,0.0,0.0,0.0,0.0,0.0,0.0,19.26246486877803,0.0,6.076020106833881,13.502672883289122,0.0,0.0,0.0,0.0,0.0,0.0,0.0,0.0,5.717777777777778,5.782222222222222,0.0,0.6666666666666666,6,0,0,0,0,0,0,0,0,0,0,0,3,0,0,0,0,2.3626000000000005,29.721999999999984,0,0,0,0,0,0,0,0,0,0,0,0,0,0,0,0,0,0,0,0,0,0,0,0,0,0,1,0,0,0,0,0,0,0,0,0,0,0,0,0,0,0,0,0,0,0,0,0,0,0,0,0,0,0,0,0,0,0,0,0,0,0,0,0,0,0,0,0,0,0,0,0,0,0,0,0,0,0,0,0,0,0,0,1,0
2-Hexene,CCCC=CC,592-43-8,Not biofuel,2.1805555555555554,1.2326388888888888,2.1805555555555554,1.2326388888888888,0.4504228125641928,84.16199999999999,72.06599999999999,84.093900384,36,0,-0.03534645830278346,-0.09166437222257405,0.09166437222257405,0.03534645830278346,1.5,2.1666666666666665,2.3333333333333335,13.713295084565365,10.312004642950093,1.6437908317598424,-1.7581688654227334,1.8496438512544637,-1.5517106481821052,4.745935479722251,0.9569674578134113,2.6580999362490196,35.302968908806456,4.82842712474619,4.568914100752346,4.568914100752346,2.914213562373095,2.52603867417337,2.52603867417337,1.357710728323662,1.357710728323662,0.6910440616569954,0.6910440616569954,0.33333333333333337,0.33333333333333337,-0.26,20.986300857070454,5.740000000000001,4.74,3.7400000000000007,39.874358567628335,0.0,0.0,0.0,0.0,0.0,0.0,0.0,0.0,0.0,0.0,25.496599036284394,13.344558822616634,0.0,0.0,0.0,0.0,0.0,0.0,0.0,26.689117645233267,0.0,12.152040213667762,0.0,0.0,0.0,0.0,0.0,0.0,0.0,0.0,0.0,26.689117645233267,12.152040213667762,0.0,0.0,0.0,0.0,0.0,0.0,0.0,0.0,0.0,0.0,12.841643245852019,0.0,0.0,25.99951461304901,0.0,0.0,0.0,0.0,0.0,0.0,0.0,0.0,6.768194444444444,4.231805555555555,0.0,0.6666666666666666,6,0,0,0,0,0,0,0,0,0,0,0,2,0,0,0,0,2.3626000000000005,29.721999999999984,0,0,0,0,0,0,0,0,0,0,0,0,0,0,0,0,0,0,0,0,0,0,0,0,0,0,2,0,0,0,0,0,0,0,0,0,0,0,0,0,0,0,0,0,0,0,0,0,0,0,0,0,0,0,0,0,0,0,0,0,0,0,0,0,0,0,0,0,0,0,0,0,0,0,0,0,0,0,0,0,0,0,0,0,0
3-Hexene,CCC=CCC,592-47-2  ,Not biofuel,2.1805555555555554,1.1744444444444444,2.1805555555555554,1.1744444444444444,0.4504228125641928,84.162,72.06599999999999,84.093900384,36,0,-0.03793270846774509,-0.08882374820554795,0.08882374820554795,0.03793270846774509,1.0,1.3333333333333333,1.5,13.670617319923917,10.355091210255356,1.595641149579175,-1.7204707425558943,1.8086614591798227,-1.5068972274456387,4.770351556720963,1.1558199896703212,2.7343859935615478,29.302968908806456,4.82842712474619,4.568914100752346,4.568914100752346,2.914213562373095,2.5640434766341547,2.5640434766341547,1.2879011017187578,1.2879011017187578,0.6380711874576984,0.6380711874576984,0.3333333333333333,0.3333333333333333,-0.26,20.986300857070454,5.740000000000001,4.74,3.7400000000000007,39.874358567628335,0.0,0.0,0.0,0.0,0.0,0.0,0.0,0.0,0.0,0.0,25.99951461304901,12.841643245852019,0.0,0.0,0.0,0.0,0.0,0.0,0.0,26.689117645233267,0.0,12.152040213667762,0.0,0.0,0.0,0.0,0.0,0.0,0.0,0.0,0.0,26.689117645233267,12.152040213667762,0.0,0.0,0.0,0.0,0.0,0.0,0.0,0.0,0.0,0.0,12.841643245852019,0.0,0.0,25.99951461304901,0.0,0.0,0.0,0.0,0.0,0.0,0.0,0.0,6.709999999999999,4.29,0.0,0.6666666666666666,6,0,0,0,0,0,0,0,0,0,0,0,2,0,0,0,0,2.3626000000000005,29.721999999999984,0,0,0,0,0,0,0,0,0,0,0,0,0,0,0,0,0,0,0,0,0,0,0,0,0,0,2,0,0,0,0,0,0,0,0,0,0,0,0,0,0,0,0,0,0,0,0,0,0,0,0,0,0,0,0,0,0,0,0,0,0,0,0,0,0,0,0,0,0,0,0,0,0,0,0,0,0,0,0,0,0,0,0,0,0
1-Heptene,CCCCCC=C,592-76-7  ,Biofuel,3.6324914965986395,1.1883333333333335,3.6324914965986395,1.1883333333333335,0.3744010571354258,98.189,84.07699999999998,98.109550448,42,0,-0.03534146559247401,-0.10308297894147123,0.10308297894147123,0.03534146559247401,1.4285714285714286,2.142857142857143,2.5714285714285716,13.834385545486168,10.191651690937656,1.7698529758166772,-1.873112565548697,1.9685275375863078,-1.6742376102162686,4.642184698605184,0.72966712352793,2.558780869327957,37.30296890880646,5.535533905932738,5.112884175122364,5.112884175122364,3.414213562373095,3.0236033621142737,3.0236033621142737,1.784457050376173,1.784457050376173,1.0118016810571366,1.0118016810571366,0.5386751345948128,0.5386751345948128,-0.26,35.509609925153406,6.74,5.740000000000001,5.739999999999999,46.23930068202493,0.0,0.0,0.0,0.0,0.0,0.0,0.0,0.0,0.0,6.578935683598497,25.841400552376523,12.841643245852019,0.0,0.0,0.0,0.0,0.0,0.0,0.0,32.60702369139466,0.0,12.654955790432378,0.0,0.0,0.0,0.0,0.0,0.0,0.0,0.0,0.0,32.60702369139466,12.654955790432378,0.0,0.0,0.0,0.0,0.0,0.0,0.0,0.0,0.0,0.0,25.683286491704038,0.0,6.076020106833881,13.502672883289122,0.0,0.0,0.0,0.0,0.0,0.0,0.0,0.0,7.1561111111111115,5.843888888888889,0.0,0.7142857142857143,7,0,0,0,0,0,0,0,0,0,0,0,4,0,0,0,0,2.752700000000001,34.338999999999984,0,0,0,0,0,0,0,0,0,0,0,0,0,0,0,0,0,0,0,0,0,0,0,0,0,0,1,0,0,0,0,0,0,0,0,0,0,0,0,0,0,0,0,0,0,0,0,0,0,0,0,0,0,0,0,0,0,0,0,0,0,0,0,0,0,0,0,0,0,0,0,0,0,0,0,0,0,0,0,0,0,0,0,2,0
2-Heptene,CCCCC=CC,592-77-8  ,Biofuel,2.2118055555555554,1.2569444444444444,2.2118055555555554,1.2569444444444444,0.37585889993223304,98.18899999999998,84.07699999999998,98.109550448,42,0,-0.03509387329465243,-0.09166420096099578,0.09166420096099578,0.03509387329465243,1.4285714285714286,2.142857142857143,2.5714285714285716,13.792262468025731,10.233719982813097,1.72591105822488,-1.8330769430234364,1.9274492973115465,-1.6311539048650956,4.751581483662669,0.8139706010707843,2.6891574118399517,44.0,5.535533905932738,5.276020881938894,5.276020881938894,3.414213562373095,3.02603867417337,3.02603867417337,1.7112641189169358,1.7112641189169358,0.9600464628873877,0.9600464628873877,0.4886419420963561,0.4886419420963561,-0.26,35.509609925153406,6.74,5.740000000000001,5.739999999999999,46.23930068202494,0.0,0.0,0.0,0.0,0.0,0.0,0.0,0.0,0.0,0.0,31.917420659210403,13.344558822616634,0.0,0.0,0.0,0.0,0.0,0.0,0.0,33.10993926815928,0.0,12.152040213667762,0.0,0.0,0.0,0.0,0.0,0.0,0.0,0.0,0.0,33.10993926815928,12.152040213667762,0.0,0.0,0.0,0.0,0.0,0.0,0.0,0.0,0.0,0.0,19.26246486877803,0.0,0.0,25.99951461304901,0.0,0.0,0.0,0.0,0.0,0.0,0.0,0.0,8.223055555555556,4.276944444444444,0.0,0.7142857142857143,7,0,0,0,0,0,0,0,0,0,0,0,3,0,0,0,0,2.752700000000001,34.33899999999999,0,0,0,0,0,0,0,0,0,0,0,0,0,0,0,0,0,0,0,0,0,0,0,0,0,0,2,0,0,0,0,0,0,0,0,0,0,0,0,0,0,0,0,0,0,0,0,0,0,0,0,0,0,0,0,0,0,0,0,0,0,0,0,0,0,0,0,0,0,0,0,0,0,0,0,0,0,0,0,0,0,0,0,1,0
3-Heptene,CCCC=CCC,592-78-9  ,Not biofuel,2.236111111111111,1.1805555555555556,2.236111111111111,1.1805555555555556,0.47599531368341325,98.189,84.07699999999998,98.109550448,42,0,-0.0353362937807098,-0.08881367322201045,0.08881367322201045,0.0353362937807098,1.1428571428571428,1.8571428571428572,2.2857142857142856,13.746644262813419,10.279789324148627,1.6762293153509653,-1.7912376054383017,1.8834382074152776,-1.5834708469800216,4.783063410596357,0.9515982846829258,2.7771492902446897,44.0,5.535533905932738,5.276020881938894,5.276020881938894,3.414213562373095,3.0640434766341547,3.0640434766341547,1.6683279458497076,1.6683279458497076,0.8577107283236621,0.8577107283236621,0.4511844635310912,0.4511844635310912,-0.26,35.509609925153406,6.74,5.740000000000001,5.739999999999999,46.23930068202494,0.0,0.0,0.0,0.0,0.0,0.0,0.0,0.0,0.0,0.0,32.420336235975014,12.841643245852019,0.0,0.0,0.0,0.0,0.0,0.0,0.0,33.10993926815928,0.0,12.152040213667762,0.0,0.0,0.0,0.0,0.0,0.0,0.0,0.0,0.0,33.10993926815928,12.152040213667762,0.0,0.0,0.0,0.0,0.0,0.0,0.0,0.0,0.0,0.0,19.26246486877803,0.0,0.0,25.99951461304901,0.0,0.0,0.0,0.0,0.0,0.0,0.0,0.0,8.146666666666667,4.3533333333333335,0.0,0.7142857142857143,7,0,0,0,0,0,0,0,0,0,0,0,3,0,0,0,0,2.752700000000001,34.33899999999999,0,0,0,0,0,0,0,0,0,0,0,0,0,0,0,0,0,0,0,0,0,0,0,0,0,0,2,0,0,0,0,0,0,0,0,0,0,0,0,0,0,0,0,0,0,0,0,0,0,0,0,0,0,0,0,0,0,0,0,0,0,0,0,0,0,0,0,0,0,0,0,0,0,0,0,0,0,0,0,0,0,0,0,0,0
1-Octene,CCCCCCC=C,111-66-0,Biofuel,3.6583205782312924,1.1944444444444444,3.6583205782312924,1.1944444444444444,0.37835862251165964,112.216,96.08799999999998,112.12520051199999,48,0,-0.03534129448857064,-0.10308297893628117,0.10308297893628117,0.03534129448857064,1.25,2.0,2.5,13.87500337404529,10.151833169832068,1.8108044235579357,-1.9125180049178563,2.0088310376228167,-1.7143660868336437,4.644688407290811,0.6746866231140487,2.616293090417985,46.0,6.242640687119286,5.819990956308912,5.819990956308912,3.914213562373095,3.5236033621142737,3.5236033621142737,2.1380104409694467,2.1380104409694467,1.2618016810571366,1.2618016810571366,0.7154518298914496,0.7154518298914496,-0.26,61.499612265106904,7.739999999999999,6.74,5.740000000000001,52.604242796421545,0.0,0.0,0.0,0.0,0.0,0.0,0.0,0.0,0.0,6.578935683598497,32.26222217530253,12.841643245852019,0.0,0.0,0.0,0.0,0.0,0.0,0.0,39.02784531432067,0.0,12.654955790432378,0.0,0.0,0.0,0.0,0.0,0.0,0.0,0.0,0.0,39.02784531432067,12.654955790432378,0.0,0.0,0.0,0.0,0.0,0.0,0.0,0.0,0.0,0.0,32.10410811463005,0.0,6.076020106833881,13.502672883289122,0.0,0.0,0.0,0.0,0.0,0.0,0.0,0.0,8.611609977324264,5.888390022675736,0.0,0.75,8,0,0,0,0,0,0,0,0,0,0,0,5,0,0,0,0,3.142800000000002,38.955999999999996,0,0,0,0,0,0,0,0,0,0,0,0,0,0,0,0,0,0,0,0,0,0,0,0,0,0,1,0,0,0,0,0,0,0,0,0,0,0,0,0,0,0,0,0,0,0,0,0,0,0,0,0,0,0,0,0,0,0,0,0,0,0,0,0,0,0,0,0,0,0,0,0,0,0,0,0,0,0,0,0,0,0,0,3,0
2-Octene,CCCCCC=CC,111-67-1  ,Not biofuel,2.2318055555555554,1.2681944444444444,2.2318055555555554,1.2681944444444444,0.38689857093662267,112.21599999999998,96.08799999999998,112.12520051199999,48,0,-0.035083978327509785,-0.09166419959733818,0.09166419959733818,0.035083978327509785,1.25,2.0,2.5,13.845331910322827,10.181347716288016,1.780289821354503,-1.8839763546041806,1.9798337065393565,-1.684203841259343,4.753740477572477,0.7287115968515162,2.7185047751704623,53.058650025961626,6.242640687119286,5.983127663125442,5.983127663125442,3.914213562373095,3.52603867417337,3.52603867417337,2.0648175095102093,2.0648175095102093,1.2100464628873877,1.2100464628873877,0.6788553641618309,0.6788553641618309,-0.26,61.499612265106904,7.739999999999999,6.74,5.740000000000001,52.60424279642154,0.0,0.0,0.0,0.0,0.0,0.0,0.0,0.0,0.0,0.0,31.917420659210403,19.765380445542643,0.0,0.0,0.0,0.0,0.0,0.0,0.0,39.53076089108528,0.0,12.152040213667762,0.0,0.0,0.0,0.0,0.0,0.0,0.0,0.0,0.0,39.53076089108528,12.152040213667762,0.0,0.0,0.0,0.0,0.0,0.0,0.0,0.0,0.0,0.0,25.683286491704038,0.0,0.0,25.99951461304901,0.0,0.0,0.0,0.0,0.0,0.0,0.0,0.0,9.692851473922902,4.307148526077097,0.0,0.75,8,0,0,0,0,0,0,0,0,0,0,0,4,0,0,0,0,3.142800000000002,38.955999999999996,0,0,0,0,0,0,0,0,0,0,0,0,0,0,0,0,0,0,0,0,0,0,0,0,0,0,2,0,0,0,0,0,0,0,0,0,0,0,0,0,0,0,0,0,0,0,0,0,0,0,0,0,0,0,0,0,0,0,0,0,0,0,0,0,0,0,0,0,0,0,0,0,0,0,0,0,0,0,0,0,0,0,0,2,0
3-Octene,CCCCC=CCC,592-98-3,Not biofuel,2.267361111111111,1.1842403628117915,2.267361111111111,1.1842403628117915,0.38689857093662267,112.21599999999998,96.08799999999998,112.12520051199999,48,0,-0.03508370882088122,-0.08881350195100242,0.08881350195100242,0.03508370882088122,1.125,1.875,2.375,13.808652747413463,10.218303836087108,1.7414933493372968,-1.8493306242795386,1.944255105943965,-1.6461648632308603,4.787416677297089,0.8124650541980023,2.799731275638644,53.058650025961626,6.242640687119286,5.983127663125442,5.983127663125442,3.914213562373095,3.5640434766341547,3.5640434766341547,2.021881336442981,2.021881336442981,1.1267131295540542,1.1267131295540542,0.606493072294114,0.606493072294114,-0.26,61.499612265106904,7.739999999999999,6.74,5.740000000000001,52.60424279642154,0.0,0.0,0.0,0.0,0.0,0.0,0.0,0.0,0.0,0.0,38.84115785890103,12.841643245852019,0.0,0.0,0.0,0.0,0.0,0.0,0.0,39.53076089108528,0.0,12.152040213667762,0.0,0.0,0.0,0.0,0.0,0.0,0.0,0.0,0.0,39.53076089108528,12.152040213667762,0.0,0.0,0.0,0.0,0.0,0.0,0.0,0.0,0.0,0.0,25.683286491704038,0.0,0.0,25.99951461304901,0.0,0.0,0.0,0.0,0.0,0.0,0.0,0.0,9.608897392290249,4.391102607709751,0.0,0.75,8,0,0,0,0,0,0,0,0,0,0,0,4,0,0,0,0,3.142800000000002,38.956,0,0,0,0,0,0,0,0,0,0,0,0,0,0,0,0,0,0,0,0,0,0,0,0,0,0,2,0,0,0,0,0,0,0,0,0,0,0,0,0,0,0,0,0,0,0,0,0,0,0,0,0,0,0,0,0,0,0,0,0,0,0,0,0,0,0,0,0,0,0,0,0,0,0,0,0,0,0,0,0,0,0,0,1,0
4-Octene,CCCC=CCCC,592-99-4  ,Not biofuel,2.267361111111111,1.25,2.267361111111111,1.25,0.48997617635194024,112.216,96.08799999999998,112.12520051199999,48,0,-0.035336121178298735,-0.08854976435019243,0.08854976435019243,0.035336121178298735,0.875,1.25,1.5,13.785898021676859,10.24161801332269,1.7163653697286168,-1.8284618649781137,1.9224943658032236,-1.62181987366162,4.79474475031301,0.921256660616887,2.831978752333332,45.058650025961626,6.242640687119286,5.983127663125442,5.983127663125442,3.914213562373095,3.5640434766341547,3.5640434766341547,2.048754789980657,2.048754789980657,1.0773502691896257,1.0773502691896257,0.5690355937288492,0.5690355937288492,-0.26,61.499612265106904,7.739999999999999,6.74,5.740000000000001,52.60424279642154,0.0,0.0,0.0,0.0,0.0,0.0,0.0,0.0,0.0,0.0,38.84115785890103,12.841643245852019,0.0,0.0,0.0,0.0,0.0,0.0,0.0,39.53076089108528,0.0,12.152040213667762,0.0,0.0,0.0,0.0,0.0,0.0,0.0,0.0,0.0,39.53076089108528,12.152040213667762,0.0,0.0,0.0,0.0,0.0,0.0,0.0,0.0,0.0,0.0,25.683286491704038,0.0,0.0,25.99951461304901,0.0,0.0,0.0,0.0,0.0,0.0,0.0,0.0,9.590702947845806,4.409297052154195,0.0,0.75,8,0,0,0,0,0,0,0,0,0,0,0,4,0,0,0,0,3.142800000000002,38.956,0,0,0,0,0,0,0,0,0,0,0,0,0,0,0,0,0,0,0,0,0,0,0,0,0,0,2,0,0,0,0,0,0,0,0,0,0,0,0,0,0,0,0,0,0,0,0,0,0,0,0,0,0,0,0,0,0,0,0,0,0,0,0,0,0,0,0,0,0,0,0,0,0,0,0,0,0,0,0,0,0,0,0,0,0
1-Nonene,CCCCCCCC=C,124-11-8,Biofuel,3.678478757243638,1.1981292517006803,3.678478757243638,1.1981292517006803,0.3770196486235494,126.243,108.09899999999998,126.14085057599999,54,0,-0.03534129311518334,-0.10308297893627165,0.10308297893627165,0.03534129311518334,1.1111111111111112,1.7777777777777777,2.3333333333333335,13.90378720775011,10.123856936536356,1.8396979366427615,-1.9403354080595059,2.037415600026295,-1.7425384630993317,4.645958218162729,0.6375309624059109,2.663883887398184,55.058650025961626,6.949747468305834,6.52709773749546,6.52709773749546,4.414213562373095,4.023603362114273,4.023603362114273,2.49156383156272,2.49156383156272,1.5118016810571366,1.5118016810571366,0.8922285251880864,0.8922285251880864,-0.26,103.68791599331826,8.739999999999998,7.739999999999999,7.740000000000001,58.96918491081816,0.0,0.0,0.0,0.0,0.0,0.0,0.0,0.0,0.0,6.578935683598497,38.68304379822854,12.841643245852019,0.0,0.0,0.0,0.0,0.0,0.0,0.0,45.448666937246685,0.0,12.654955790432378,0.0,0.0,0.0,0.0,0.0,0.0,0.0,0.0,0.0,45.448666937246685,12.654955790432378,0.0,0.0,0.0,0.0,0.0,0.0,0.0,0.0,0.0,0.0,38.524929737556064,0.0,6.076020106833881,13.502672883289122,0.0,0.0,0.0,0.0,0.0,0.0,0.0,0.0,10.07796839569161,5.9220316043083905,0.0,0.7777777777777778,9,0,0,0,0,0,0,0,0,0,0,0,6,0,0,0,0,3.5329000000000024,43.57300000000001,0,0,0,0,0,0,0,0,0,0,0,0,0,0,0,0,0,0,0,0,0,0,0,0,0,0,1,0,0,0,0,0,0,0,0,0,0,0,0,0,0,0,0,0,0,0,0,0,0,0,0,0,0,0,0,0,0,0,0,0,0,0,0,0,0,0,0,0,0,0,0,0,0,0,0,0,0,0,0,0,0,0,0,4,0
3-Nonene,CCCCCC=CCC,20063-77-8,Not biofuel,2.287361111111111,1.1866319444444444,2.287361111111111,1.1866319444444444,0.3902404700383354,126.24299999999998,108.09899999999998,126.14085057599999,54,0,-0.0350738138553778,-0.088813500587243,0.088813500587243,0.0350738138553778,1.0,1.7777777777777777,2.3333333333333335,13.854578960344776,10.172941819288457,1.789031478494533,-1.892915828533599,1.9893823096382306,-1.692326226161534,4.789020236722881,0.7280640138792026,2.8164790976838736,62.43856189774725,6.949747468305834,6.69023444431199,6.69023444431199,4.414213562373095,4.064043476634154,4.064043476634154,2.375434727036255,2.375434727036255,1.3767131295540544,1.3767131295540544,0.7967064943595888,0.7967064943595888,-0.26,103.68791599331826,8.739999999999998,7.739999999999999,7.740000000000001,58.96918491081815,0.0,0.0,0.0,0.0,0.0,0.0,0.0,0.0,0.0,0.0,38.84115785890103,19.26246486877803,0.0,0.0,0.0,0.0,0.0,0.0,0.0,45.95158251401129,0.0,12.152040213667762,0.0,0.0,0.0,0.0,0.0,0.0,0.0,0.0,0.0,45.95158251401129,12.152040213667762,0.0,0.0,0.0,0.0,0.0,0.0,0.0,0.0,0.0,0.0,32.10410811463005,0.0,0.0,25.99951461304901,0.0,0.0,0.0,0.0,0.0,0.0,0.0,0.0,11.083476473922902,4.416523526077097,0.0,0.7777777777777778,9,0,0,0,0,0,0,0,0,0,0,0,5,0,0,0,0,3.5329000000000024,43.57300000000001,0,0,0,0,0,0,0,0,0,0,0,0,0,0,0,0,0,0,0,0,0,0,0,0,0,0,2,0,0,0,0,0,0,0,0,0,0,0,0,0,0,0,0,0,0,0,0,0,0,0,0,0,0,0,0,0,0,0,0,0,0,0,0,0,0,0,0,0,0,0,0,0,0,0,0,0,0,0,0,0,0,0,0,2,0
4-Nonene,CCCCC=CCCC,2198-23-4,Not biofuel,2.298611111111111,1.2536848072562359,2.298611111111111,1.2536848072562359,0.3902404700383354,126.24299999999998,108.09899999999998,126.14085057599999,54,0,-0.03508353621861336,-0.08854959307913429,0.08854959307913429,0.03508353621861336,0.8888888888888888,1.5555555555555556,2.111111111111111,13.827595704338618,10.200599408570183,1.760095884658203,-1.867373021040015,1.9634248500745664,-1.6636252622719858,4.798714235294324,0.8098299870343564,2.859350489796422,62.43856189774725,6.949747468305834,6.69023444431199,6.69023444431199,4.414213562373095,4.064043476634154,4.064043476634154,2.402308180573931,2.402308180573931,1.346352670420018,1.346352670420018,0.724344202491872,0.724344202491872,-0.26,103.68791599331826,8.739999999999998,7.739999999999999,7.740000000000001,58.96918491081815,0.0,0.0,0.0,0.0,0.0,0.0,0.0,0.0,0.0,0.0,45.26197948182704,12.841643245852019,0.0,0.0,0.0,0.0,0.0,0.0,0.0,45.95158251401129,0.0,12.152040213667762,0.0,0.0,0.0,0.0,0.0,0.0,0.0,0.0,0.0,45.95158251401129,12.152040213667762,0.0,0.0,0.0,0.0,0.0,0.0,0.0,0.0,0.0,0.0,32.10410811463005,0.0,0.0,25.99951461304901,0.0,0.0,0.0,0.0,0.0,0.0,0.0,0.0,11.057716836734693,4.442283163265307,0.0,0.7777777777777778,9,0,0,0,0,0,0,0,0,0,0,0,5,0,0,0,0,3.5329000000000024,43.573000000000015,0,0,0,0,0,0,0,0,0,0,0,0,0,0,0,0,0,0,0,0,0,0,0,0,0,0,2,0,0,0,0,0,0,0,0,0,0,0,0,0,0,0,0,0,0,0,0,0,0,0,0,0,0,0,0,0,0,0,0,0,0,0,0,0,0,0,0,0,0,0,0,0,0,0,0,0,0,0,0,0,0,0,0,1,0
2-Methylpropene,CC(C)=C,115-11-7  ,Not biofuel,3.5555555555555554,1.1666666666666667,3.5555555555555554,1.1666666666666667,0.3695110694427644,56.108,48.044,56.062600255999996,24,0,-0.044481419382844625,-0.10041984861546271,0.10041984861546271,0.044481419382844625,1.5,1.5,1.5,13.593104873987254,10.430826496787697,1.5126774568734636,-1.650045538747416,1.7328156644516626,-1.4294843230465375,4.784330868532299,1.4236642997314144,2.8030394876740514,23.019550008653873,3.5773502691896257,3.2071067811865475,3.2071067811865475,1.7320508075688772,1.3535533905932737,1.3535533905932737,1.2071067811865475,1.2071067811865475,0.0,0.0,0.0,0.0,-0.26,3.2451124978365313,3.7400000000000007,1.1049635036496352,14.095029585798825,27.14447433883512,0.0,0.0,0.0,0.0,0.0,0.0,0.0,0.0,0.0,6.578935683598497,5.573104530069267,13.847474399381248,0.0,0.0,0.0,0.0,0.0,0.0,0.0,13.847474399381248,0.0,12.152040213667764,0.0,0.0,0.0,0.0,0.0,0.0,0.0,0.0,0.0,13.847474399381248,12.152040213667764,0.0,0.0,0.0,0.0,0.0,0.0,0.0,0.0,0.0,0.0,5.573104530069267,0.0,13.847474399381248,6.578935683598497,0.0,0.0,0.0,0.0,0.0,1.1666666666666667,0.0,0.0,0.0,7.5,0.0,0.5,4,0,0,0,0,0,0,0,0,0,0,0,0,0,0,0,0,1.5824,20.487999999999996,0,0,0,0,0,0,0,0,0,0,0,0,0,0,0,0,0,0,0,0,0,0,0,0,0,0,1,0,0,0,0,0,0,0,0,0,0,0,0,0,0,0,0,0,0,0,0,0,0,0,0,0,0,0,0,0,0,0,0,0,0,0,0,0,0,0,0,0,0,0,0,0,0,0,0,0,0,0,0,0,0,0,0,0,0
2-Methyl-2-butene,CC=C(C)C,513-35-9  ,Biofuel,2.0833333333333335,1.3796296296296298,2.0833333333333335,1.3796296296296298,0.38212381763757036,70.13499999999999,60.05499999999999,70.07825032,30,0,-0.044222970392810215,-0.08901317275117566,0.08901317275117566,0.044222970392810215,1.4,1.6,1.6,13.680318147082817,10.344362081429665,1.600853717319582,-1.7354290337516598,1.820259356195965,-1.5157148309915793,4.882754527877139,1.364792868652414,3.1431973062780685,38.0,4.284457050376173,4.077350269189626,4.077350269189626,2.270055610029662,1.8660254037844388,1.8660254037844388,1.3660254037844388,1.3660254037844388,0.5773502691896258,0.5773502691896258,0.0,0.0,-0.26,9.65148445440323,4.74,2.0073796791443854,3.740000000000001,33.50941645323173,0.0,0.0,0.0,0.0,0.0,0.0,0.0,0.0,0.0,0.0,11.64912463690315,20.771211599071872,0.0,0.0,0.0,0.0,0.0,0.0,0.0,20.771211599071872,0.0,11.64912463690315,0.0,0.0,0.0,0.0,0.0,0.0,0.0,0.0,0.0,20.771211599071872,11.64912463690315,0.0,0.0,0.0,0.0,0.0,0.0,0.0,0.0,0.0,0.0,5.573104530069267,0.0,6.923737199690624,19.92349450621513,0.0,0.0,0.0,0.0,0.0,1.3796296296296298,0.0,0.0,2.0833333333333335,6.203703703703704,0.0,0.6,5,0,0,0,0,0,0,0,0,0,0,0,0,0,0,0,0,1.9725,25.10499999999999,0,0,0,0,0,0,0,0,0,0,0,0,0,0,0,0,0,0,0,0,0,0,0,0,0,0,2,0,0,0,0,0,0,0,0,0,0,0,0,0,0,0,0,0,0,0,0,0,0,0,0,0,0,0,0,0,0,0,0,0,0,0,0,0,0,0,0,0,0,0,0,0,0,0,0,0,0,0,0,0,0,0,0,0,0
2-Methyl-1-butene,CCC(C)=C,563-46-2  ,Biofuel,3.673611111111111,1.1111111111111112,3.673611111111111,1.1111111111111112,0.4136396804400309,70.13499999999999,60.05499999999999,70.07825032,30,0,-0.03543505048507542,-0.100151220295327,0.100151220295327,0.03543505048507542,1.8,2.0,2.0,13.744717294119319,10.279826220230346,1.6722901317284153,-1.7931145553887506,1.8829657033824465,-1.5819583713517917,4.842142227591293,1.1098448289871023,2.847378923087672,35.302968908806456,4.284457050376173,3.914213562373095,3.914213562373095,2.270055610029662,1.914213562373095,1.914213562373095,1.3106601717798212,1.3106601717798212,0.6035533905932737,0.6035533905932737,0.0,0.0,-0.26,9.65148445440323,4.74,2.0073796791443854,3.740000000000001,33.50941645323173,0.0,0.0,0.0,0.0,0.0,0.0,0.0,0.0,0.0,6.578935683598497,12.496841729759891,13.344558822616634,0.0,0.0,0.0,0.0,0.0,0.0,0.0,20.268296022307258,0.0,12.152040213667764,0.0,0.0,0.0,0.0,0.0,0.0,0.0,0.0,0.0,20.268296022307258,12.152040213667764,0.0,0.0,0.0,0.0,0.0,0.0,0.0,0.0,0.0,6.4208216229260096,5.573104530069267,0.0,6.923737199690624,13.502672883289122,0.0,0.0,0.0,0.0,0.0,1.2546296296296298,0.0,0.0,1.1111111111111112,7.800925925925926,0.0,0.6,5,0,0,0,0,0,0,0,0,0,0,0,1,0,0,0,0,1.9725,25.10499999999999,0,0,0,0,0,0,0,0,0,0,0,0,0,0,0,0,0,0,0,0,0,0,0,0,0,0,1,0,0,0,0,0,0,0,0,0,0,0,0,0,0,0,0,0,0,0,0,0,0,0,0,0,0,0,0,0,0,0,0,0,0,0,0,0,0,0,0,0,0,0,0,0,0,0,0,0,0,0,0,0,0,0,0,0,0
3-Methyl-1-butene,CC(C)C=C,563-45-1  ,Biofuel,3.560185185185185,0.648148148148148,3.560185185185185,0.648148148148148,0.4127372857870009,70.135,60.05499999999999,70.07825032,30,0,-0.029309967766280236,-0.10282410978035038,0.10282410978035038,0.029309967766280236,1.6,1.8,1.8,13.797489416771766,10.226983633235895,1.733921099177835,-1.8371911633167866,1.867761171083841,-1.7065348333591799,4.688146151941532,0.8345760740042605,2.825749368745867,27.019550008653876,4.284457050376173,3.861807319565799,3.861807319565799,2.270055610029662,1.896282162176448,1.896282162176448,1.4797191962518086,1.4797191962518086,0.4714045207910318,0.4714045207910318,0.0,0.0,-0.26,9.65148445440323,4.74,2.0073796791443854,3.740000000000001,33.50941645323172,0.0,0.0,0.0,0.0,0.0,0.0,0.0,0.0,0.0,6.578935683598497,19.92349450621513,5.917906046161393,0.0,0.0,0.0,0.0,0.0,0.0,5.917906046161393,13.847474399381248,0.0,12.654955790432378,0.0,0.0,0.0,0.0,0.0,0.0,0.0,0.0,5.917906046161393,13.847474399381248,12.654955790432378,0.0,0.0,0.0,0.0,0.0,0.0,0.0,0.0,5.917906046161393,0.0,0.0,0.0,6.076020106833881,20.426410082979746,0.0,0.0,0.0,0.0,0.0,0.0,0.648148148148148,0.0,1.9166666666666667,7.768518518518518,0.0,0.6,5,0,0,0,0,0,0,0,0,0,0,0,1,0,0,0,0,1.8284,25.03499999999999,0,0,0,0,0,0,0,0,0,0,0,0,0,0,0,0,0,0,0,0,0,0,0,0,0,0,1,0,0,0,0,0,0,0,0,0,0,0,0,0,0,0,0,0,0,0,0,0,0,0,0,0,0,0,0,0,0,0,0,0,0,0,0,0,0,0,0,0,0,0,0,0,0,0,0,0,0,0,0,0,0,0,0,0,0
2-Methyl-1-pentene,CCCC(C)=C,763-29-1,Biofuel,3.744861111111111,1.1805555555555556,3.744861111111111,1.1805555555555556,0.4504228125641928,84.16199999999999,72.06599999999999,84.093900384,36,0,-0.03283954899161944,-0.10014110520911675,0.10014110520911675,0.03283954899161944,1.6666666666666667,2.1666666666666665,2.1666666666666665,13.824728385402747,10.200693755335601,1.7564907172887845,-1.8680591133261568,1.961786105482639,-1.6622910103628958,4.857429866506256,0.9095464082378446,2.831257109931365,44.0,4.99156383156272,4.621320343559642,4.621320343559642,2.770055610029662,2.414213562373095,2.414213562373095,1.7071067811865472,1.7071067811865472,0.6767766952966368,0.6767766952966368,0.42677669529663675,0.42677669529663675,-0.26,14.834466856136647,5.740000000000001,2.950970464135022,3.7400000000000007,39.87435856762834,0.0,0.0,0.0,0.0,0.0,0.0,0.0,0.0,0.0,6.578935683598497,18.9176633526859,13.344558822616634,0.0,0.0,0.0,0.0,0.0,0.0,0.0,26.689117645233267,0.0,12.152040213667764,0.0,0.0,0.0,0.0,0.0,0.0,0.0,0.0,0.0,26.689117645233267,12.152040213667764,0.0,0.0,0.0,0.0,0.0,0.0,0.0,0.0,0.0,0.0,18.414747775921285,0.0,0.0,20.426410082979746,0.0,0.0,0.0,0.0,0.0,1.289351851851852,0.0,0.0,2.412037037037037,7.965277777777779,0.0,0.6666666666666666,6,0,0,0,0,0,0,0,0,0,0,0,2,0,0,0,0,2.3626000000000005,29.721999999999984,0,0,0,0,0,0,0,0,0,0,0,0,0,0,0,0,0,0,0,0,0,0,0,0,0,0,1,0,0,0,0,0,0,0,0,0,0,0,0,0,0,0,0,0,0,0,0,0,0,0,0,0,0,0,0,0,0,0,0,0,0,0,0,0,0,0,0,0,0,0,0,0,0,0,0,0,0,0,0,0,0,0,0,0,0
3-Methyl-1-pentene,CCC(C)C=C,760-20-3  ,Not biofuel,3.631435185185185,0.699074074074074,3.631435185185185,0.699074074074074,0.4498862522575735,84.16199999999999,72.06599999999999,84.093900384,36,0,-0.026726308907044652,-0.10281398766077177,0.10281398766077177,0.026726308907044652,1.8333333333333333,2.3333333333333335,2.3333333333333335,13.898664691653444,10.126465714626491,1.8381988540107137,-1.934487317770303,1.9759995975688183,-1.800059585001451,4.7198974676491305,0.6999325619138885,2.964900494759057,37.30296890880646,4.99156383156272,4.568914100752346,4.568914100752346,2.808060412490447,2.434286964637233,2.434286964637233,1.6212344350520913,1.6212344350520913,1.0463194779215614,1.0463194779215614,0.16666666666666666,0.16666666666666666,-0.26,19.800269059780252,5.740000000000001,2.950970464135022,2.0073796791443854,39.874358567628335,0.0,0.0,0.0,0.0,0.0,0.0,0.0,0.0,0.0,6.578935683598497,26.344316129141138,5.917906046161393,0.0,0.0,0.0,0.0,0.0,0.0,5.917906046161393,20.268296022307258,0.0,12.654955790432378,0.0,0.0,0.0,0.0,0.0,0.0,0.0,0.0,5.917906046161393,20.268296022307258,12.654955790432378,0.0,0.0,0.0,0.0,0.0,0.0,0.0,0.0,5.917906046161393,0.0,6.4208216229260096,0.0,6.076020106833881,20.426410082979746,0.0,0.0,0.0,0.0,0.0,0.0,0.699074074074074,0.0,3.1840277777777777,7.950231481481482,0.0,0.6666666666666666,6,0,0,0,0,0,0,0,0,0,0,0,2,0,0,0,0,2.2184999999999997,29.651999999999983,0,0,0,0,0,0,0,0,0,0,0,0,0,0,0,0,0,0,0,0,0,0,0,0,0,0,1,0,0,0,0,0,0,0,0,0,0,0,0,0,0,0,0,0,0,0,0,0,0,0,0,0,0,0,0,0,0,0,0,0,0,0,0,0,0,0,0,0,0,0,0,0,0,0,0,0,0,0,0,0,0,0,0,0,0
4-Methyl-1-pentene,CC(C)CC=C,691-37-2  ,Not biofuel,3.600833333333333,0.7800925925925924,3.600833333333333,0.7800925925925924,0.4498862522575735,84.16199999999999,72.06599999999999,84.093900384,36,0,-0.03301638054078508,-0.10307300461909656,0.10307300461909656,0.03301638054078508,1.6666666666666667,2.1666666666666665,2.1666666666666665,13.884007300716224,10.141189389655487,1.8222844912480276,-1.9208581759262442,1.9631679260190895,-1.7844276686861,4.66632793955935,0.6644546806327998,2.8141442217770303,35.302968908806456,4.99156383156272,4.568914100752346,4.568914100752346,2.770055610029662,2.379445409770841,2.379445409770841,1.9182242451076805,1.9182242451076805,0.6380711874576984,0.6380711874576984,0.3333333333333333,0.3333333333333333,-0.26,14.834466856136647,5.740000000000001,2.950970464135022,3.7400000000000007,39.874358567628335,0.0,0.0,0.0,0.0,0.0,0.0,0.0,0.0,0.0,6.578935683598497,19.92349450621513,12.338727669087403,0.0,0.0,0.0,0.0,0.0,0.0,5.917906046161393,20.268296022307258,0.0,12.654955790432378,0.0,0.0,0.0,0.0,0.0,0.0,0.0,0.0,5.917906046161393,20.268296022307258,12.654955790432378,0.0,0.0,0.0,0.0,0.0,0.0,0.0,0.0,0.0,12.338727669087403,0.0,0.0,6.076020106833881,20.426410082979746,0.0,0.0,0.0,0.0,0.0,0.0,0.7800925925925924,0.0,3.087962962962963,7.965277777777778,0.0,0.6666666666666666,6,0,0,0,0,0,0,0,0,0,0,0,2,0,0,0,0,2.2184999999999997,29.651999999999983,0,0,0,0,0,0,0,0,0,0,0,0,0,0,0,0,0,0,0,0,0,0,0,0,0,0,1,0,0,0,0,0,0,0,0,0,0,0,0,0,0,0,0,0,0,0,0,0,0,0,0,0,0,0,0,0,0,0,0,0,0,0,0,0,0,0,0,0,0,0,0,0,0,0,0,0,0,0,0,0,0,0,0,0,0
2-Methyl-2-pentene,CCC=C(C)C,625-27-4  ,Not biofuel,2.2083333333333335,1.1689814814814814,2.2083333333333335,1.1689814814814814,0.4277114586929072,84.16199999999999,72.06599999999999,84.093900384,36,0,-0.0376846412133031,-0.0861630569530802,0.0861630569530802,0.0376846412133031,1.5,2.0,2.0,13.745727632627576,10.27999108966019,1.6694321428936856,-1.796690129919039,1.884945341140944,-1.5808137052826654,4.908446921832712,1.1754777040773257,3.1374298786373522,47.058650025961626,4.99156383156272,4.784457050376173,4.784457050376173,2.770055610029662,2.4040302062452232,2.4040302062452232,1.6897227048854202,1.6897227048854202,0.6123724356957945,0.6123724356957945,0.408248290463863,0.408248290463863,-0.26,14.834466856136647,5.740000000000001,2.950970464135022,3.7400000000000007,39.874358567628335,0.0,0.0,0.0,0.0,0.0,0.0,0.0,0.0,0.0,0.0,18.572861836593773,20.268296022307258,0.0,0.0,0.0,0.0,0.0,0.0,0.0,27.19203322199788,0.0,11.64912463690315,0.0,0.0,0.0,0.0,0.0,0.0,0.0,0.0,0.0,27.19203322199788,11.64912463690315,0.0,0.0,0.0,0.0,0.0,0.0,0.0,0.0,0.0,0.0,11.993926152995277,0.0,0.0,26.847231705905752,0.0,0.0,0.0,0.0,0.0,1.414351851851852,0.0,0.0,3.377314814814815,6.375,0.0,0.6666666666666666,6,0,0,0,0,0,0,0,0,0,0,0,1,0,0,0,0,2.3626000000000005,29.721999999999984,0,0,0,0,0,0,0,0,0,0,0,0,0,0,0,0,0,0,0,0,0,0,0,0,0,0,2,0,0,0,0,0,0,0,0,0,0,0,0,0,0,0,0,0,0,0,0,0,0,0,0,0,0,0,0,0,0,0,0,0,0,0,0,0,0,0,0,0,0,0,0,0,0,0,0,0,0,0,0,0,0,0,0,0,0
3-Methyl-2-pentene,CCC(C)=CC,922-61-2  ,Not biofuel,2.162037037037037,1.1909722222222223,2.162037037037037,1.1909722222222223,0.4277114586929072,84.16199999999998,72.06599999999999,84.093900384,36,0,-0.035176970755015434,-0.08874490670870167,0.08874490670870167,0.035176970755015434,1.6666666666666667,2.1666666666666665,2.1666666666666665,13.798373706566624,10.226948676033889,1.7257638887591267,-1.8461067861902838,1.9370687724169988,-1.634387458354168,4.926401208168819,1.091959724989837,3.2188150560434132,51.058650025961626,4.99156383156272,4.784457050376173,4.784457050376173,2.808060412490447,2.42668557556426,2.42668557556426,1.4885811956081048,1.4885811956081048,1.0504768156519497,1.0504768156519497,0.2041241452319315,0.2041241452319315,-0.26,19.800269059780252,5.740000000000001,2.950970464135022,2.0073796791443854,39.874358567628335,0.0,0.0,0.0,0.0,0.0,0.0,0.0,0.0,0.0,0.0,18.572861836593773,20.268296022307258,0.0,0.0,0.0,0.0,0.0,0.0,0.0,27.19203322199788,0.0,11.64912463690315,0.0,0.0,0.0,0.0,0.0,0.0,0.0,0.0,0.0,27.19203322199788,11.64912463690315,0.0,0.0,0.0,0.0,0.0,0.0,0.0,0.0,0.0,0.0,11.993926152995277,0.0,0.0,26.847231705905752,0.0,0.0,0.0,0.0,0.0,1.4675925925925928,0.0,0.0,3.329861111111111,6.369212962962963,0.0,0.6666666666666666,6,0,0,0,0,0,0,0,0,0,0,0,1,0,0,0,0,2.3626000000000005,29.721999999999984,0,0,0,0,0,0,0,0,0,0,0,0,0,0,0,0,0,0,0,0,0,0,0,0,0,0,2,0,0,0,0,0,0,0,0,0,0,0,0,0,0,0,0,0,0,0,0,0,0,0,0,0,0,0,0,0,0,0,0,0,0,0,0,0,0,0,0,0,0,0,0,0,0,0,0,0,0,0,0,0,0,0,0,0,0
4-Methyl-2-pentene,CC=CC(C)C,4461-48-7,Not biofuel,2.1666666666666665,0.7175925925925924,2.1666666666666665,0.7175925925925924,0.4272019529906664,84.162,72.06599999999999,84.093900384,36,0,-0.029052811982983727,-0.09140569170863219,0.09140569170863219,0.029052811982983727,1.3333333333333333,1.8333333333333333,1.8333333333333333,13.824487287724201,10.200763983325704,1.7598140544846343,-1.864574399013029,1.9010900307733567,-1.7276756059291523,4.789248207535871,0.8299918762927156,3.032354946742984,42.0,4.99156383156272,4.732050807568877,4.732050807568877,2.770055610029662,2.398717474235544,2.398717474235544,1.7698003589195017,1.7698003589195017,0.5773502691896261,0.5773502691896261,0.3849001794597507,0.3849001794597507,-0.26,14.834466856136647,5.740000000000001,2.950970464135022,3.7400000000000007,39.874358567628335,0.0,0.0,0.0,0.0,0.0,0.0,0.0,0.0,0.0,0.0,25.999514613049012,12.841643245852017,0.0,0.0,0.0,0.0,0.0,0.0,5.917906046161393,20.771211599071872,0.0,12.152040213667762,0.0,0.0,0.0,0.0,0.0,0.0,0.0,0.0,5.917906046161393,20.771211599071872,12.152040213667762,0.0,0.0,0.0,0.0,0.0,0.0,0.0,0.0,0.0,5.917906046161393,0.0,0.0,6.923737199690624,25.999514613049012,0.0,0.0,0.0,0.0,0.0,0.0,0.7175925925925924,0.0,4.2407407407407405,6.375,0.0,0.6666666666666666,6,0,0,0,0,0,0,0,0,0,0,0,1,0,0,0,0,2.2184999999999997,29.651999999999983,0,0,0,0,0,0,0,0,0,0,0,0,0,0,0,0,0,0,0,0,0,0,0,0,0,0,2,0,0,0,0,0,0,0,0,0,0,0,0,0,0,0,0,0,0,0,0,0,0,0,0,0,0,0,0,0,0,0,0,0,0,0,0,0,0,0,0,0,0,0,0,0,0,0,0,0,0,0,0,0,0,0,0,0,0
2-Ethyl-1-butene,CCC(=C)CC,760-21-4  ,Not biofuel,3.7916666666666665,1.1354166666666665,3.7916666666666665,1.1354166666666665,0.4504228125641928,84.16199999999999,72.06599999999999,84.093900384,36,0,-0.03516876800574122,-0.09988238523411512,0.09988238523411512,0.03516876800574122,1.3333333333333333,1.6666666666666667,1.6666666666666667,13.843887796764086,10.181402844527186,1.775164947070493,-1.887749611284801,1.9816399068021322,-1.6808722677652432,4.893052117631024,0.9862885489080913,2.9881608821342693,38.0,4.99156383156272,4.621320343559642,4.621320343559642,2.808060412490447,2.474873734152916,2.474873734152916,1.4571067811865475,1.4571067811865475,0.9999999999999998,0.9999999999999998,0.24999999999999994,0.24999999999999994,-0.26,19.800269059780252,5.740000000000001,2.950970464135022,2.0073796791443854,39.874358567628335,0.0,0.0,0.0,0.0,0.0,0.0,0.0,0.0,0.0,0.0,25.999514613049012,12.841643245852019,0.0,0.0,0.0,0.0,0.0,0.0,0.0,26.689117645233267,0.0,12.152040213667764,0.0,0.0,0.0,0.0,0.0,0.0,0.0,0.0,0.0,26.689117645233267,12.152040213667764,0.0,0.0,0.0,0.0,0.0,0.0,0.0,0.0,0.0,12.841643245852019,5.573104530069267,0.0,0.0,20.426410082979746,0.0,0.0,0.0,0.0,0.0,1.3425925925925928,0.0,0.0,2.270833333333333,8.05324074074074,0.0,0.6666666666666666,6,0,0,0,0,0,0,0,0,0,0,0,2,0,0,0,0,2.3626000000000005,29.721999999999984,0,0,0,0,0,0,0,0,0,0,0,0,0,0,0,0,0,0,0,0,0,0,0,0,0,0,1,0,0,0,0,0,0,0,0,0,0,0,0,0,0,0,0,0,0,0,0,0,0,0,0,0,0,0,0,0,0,0,0,0,0,0,0,0,0,0,0,0,0,0,0,0,0,0,0,0,0,0,0,0,0,0,0,0,0
"2,3-Dimethyl-1-butene",CC(C)C(C)=C,563-78-0  ,Not biofuel,3.7546296296296298,0.6574074074074072,3.7546296296296298,0.6574074074074072,0.4272019529906664,84.16199999999999,72.06599999999999,84.093900384,36,0,-0.02655756123343467,-0.09988150017749044,0.09988150017749044,0.02655756123343467,1.5,1.6666666666666667,1.6666666666666667,13.933162788018025,10.092058136933574,1.8697626569043544,-1.9718713806806878,2.0174578473136013,-1.8283365248925272,4.903532517348054,0.7732607246846731,3.2575861612334887,51.058650025961626,5.1547005383792515,4.784457050376174,4.784457050376174,2.6427344100918364,2.2969290635673385,2.2969290635673385,2.00105320879927,2.00105320879927,0.9855985596534889,0.9855985596534889,0.0,0.0,-0.26,13.609640474436812,5.740000000000001,2.012323325522952,2.0073796791443854,39.87435856762833,0.0,0.0,0.0,0.0,0.0,0.0,0.0,0.0,0.0,0.0,25.999514613049012,12.841643245852017,0.0,0.0,0.0,0.0,0.0,0.0,5.917906046161393,20.771211599071872,0.0,12.152040213667764,0.0,0.0,0.0,0.0,0.0,0.0,0.0,0.0,5.917906046161393,20.771211599071872,12.152040213667764,0.0,0.0,0.0,0.0,0.0,0.0,0.0,0.0,5.917906046161393,0.0,5.573104530069267,0.0,6.923737199690624,20.426410082979746,0.0,0.0,0.0,0.0,0.0,1.2592592592592595,0.6574074074074072,0.0,0.0,10.083333333333334,0.0,0.6666666666666666,6,0,0,0,0,0,0,0,0,0,0,0,1,0,0,0,0,2.2184999999999997,29.651999999999983,0,0,0,0,0,0,0,0,0,0,0,0,0,0,0,0,0,0,0,0,0,0,0,0,0,0,1,0,0,0,0,0,0,0,0,0,0,0,0,0,0,0,0,0,0,0,0,0,0,0,0,0,0,0,0,0,0,0,0,0,0,0,0,0,0,0,0,0,0,0,0,0,0,0,0,0,0,0,0,0,0,0,0,0,0
"3,3-Dimethyl-1-butene",CC(C)(C)C=C,558-37-2  ,Not biofuel,3.6319444444444446,0.3055555555555556,3.6319444444444446,0.3055555555555556,0.3946527591486384,84.16199999999999,72.06599999999999,84.093900384,36,0,-0.020584523285978262,-0.10255392015845569,0.10255392015845569,0.020584523285978262,1.3333333333333333,1.5,1.5,14.047033166503844,9.97832957203593,1.991654250812,-2.0775193369927454,2.1141421972094787,-1.9576655082264887,4.818747321520205,0.5456202818938652,3.4459912135188393,45.548875021634686,5.207106781186548,4.784457050376174,4.784457050376174,2.5606601717798214,2.1969234250586758,2.1969234250586758,2.5701495490163704,2.5701495490163704,0.6123724356957945,0.6123724356957945,0.0,0.0,-0.26,12.16479703638053,5.740000000000001,1.4594921149257283,3.7400000000000007,39.874358567628335,0.0,0.0,0.0,0.0,0.0,0.0,0.0,0.0,0.0,6.578935683598497,26.847231705905752,5.41499046939678,0.0,0.0,0.0,0.0,0.0,0.0,5.41499046939678,20.771211599071872,0.0,12.654955790432378,0.0,0.0,0.0,0.0,0.0,0.0,0.0,0.0,5.41499046939678,20.771211599071872,12.654955790432378,0.0,0.0,0.0,0.0,0.0,0.0,0.0,0.0,5.41499046939678,0.0,0.0,0.0,6.076020106833881,27.35014728267037,0.0,0.0,0.0,0.0,0.0,0.3055555555555556,0.0,0.0,1.9375,10.006944444444445,0.0,0.6666666666666666,6,0,0,0,0,0,0,0,0,0,0,0,0,0,0,0,0,2.2184999999999997,29.651999999999983,0,0,0,0,0,0,0,0,0,0,0,0,0,0,0,0,0,0,0,0,0,0,0,0,0,0,1,0,0,0,0,0,0,0,0,0,0,0,0,0,0,0,0,0,0,0,0,0,0,0,0,0,0,0,0,0,0,0,0,0,0,0,0,0,0,0,0,0,0,0,0,0,0,0,0,0,0,0,0,0,0,0,0,0,0
"2,3-Dimethyl-2-butene",CC(C)=C(C)C,563-79-1,Not biofuel,2.1203703703703702,1.425925925925926,2.1203703703703702,1.425925925925926,0.39512344480394423,84.16199999999999,72.06599999999999,84.093900384,36,0,-0.043963809628087415,-0.07778750288164618,0.07778750288164618,0.043963809628087415,0.6666666666666666,0.8333333333333334,0.8333333333333334,13.824800657884023,10.200701885258557,1.7489360835126777,-1.875366062522316,1.9647377810052615,-1.659374474127664,5.017907618109229,1.2329998221869514,3.675948764555208,50.10749561002054,5.1547005383792515,5.0,5.0,2.6427344100918364,2.25,2.25,2.0,2.0,1.0,1.0,0.0,0.0,-0.26,13.609640474436812,5.740000000000001,2.012323325522952,2.0073796791443854,39.874358567628335,0.0,0.0,0.0,0.0,0.0,0.0,0.0,0.0,0.0,0.0,11.146209060138535,27.694948798762496,0.0,0.0,0.0,0.0,0.0,0.0,0.0,27.694948798762496,0.0,11.146209060138535,0.0,0.0,0.0,0.0,0.0,0.0,0.0,0.0,0.0,27.694948798762496,11.146209060138535,0.0,0.0,0.0,0.0,0.0,0.0,0.0,0.0,0.0,0.0,11.146209060138535,0.0,0.0,27.694948798762496,0.0,0.0,0.0,0.0,0.0,2.851851851851852,0.0,0.0,0.0,8.481481481481481,0.0,0.6666666666666666,6,0,0,0,0,0,0,0,0,0,0,0,0,0,0,0,0,2.3626000000000005,29.721999999999984,0,0,0,0,0,0,0,0,0,0,0,0,0,0,0,0,0,0,0,0,0,0,0,0,0,0,2,0,0,0,0,0,0,0,0,0,0,0,0,0,0,0,0,0,0,0,0,0,0,0,0,0,0,0,0,0,0,0,0,0,0,0,0,0,0,0,0,0,0,0,0,0,0,0,0,0,0,0,0,0,0,0,0,0,0
2-Methyl-1-hexene,CCCCC(C)=C,6094/2/6,Not biofuel,3.792638888888889,1.2048611111111112,3.792638888888889,1.2048611111111112,0.47599531368341325,98.189,84.07699999999998,98.109550448,42,0,-0.032586993742815346,-0.10014093327395603,0.10014093327395603,0.032586993742815346,1.5714285714285714,2.142857142857143,2.2857142857142856,13.872937341886635,10.1532442570319,1.8067935730324776,-1.9133433290107413,2.009112857003685,-1.71062946694627,4.861988518211707,0.789208572130674,2.8219389370591843,53.058650025961626,5.698670612749268,5.32842712474619,5.32842712474619,3.270055610029662,2.914213562373095,2.914213562373095,2.060660171779821,2.060660171779821,0.9571067811865474,0.9571067811865474,0.4785533905932736,0.4785533905932736,-0.26,29.01955000865388,6.74,3.914216027874565,5.739999999999999,46.23930068202493,0.0,0.0,0.0,0.0,0.0,0.0,0.0,0.0,0.0,6.578935683598497,18.9176633526859,19.765380445542643,0.0,0.0,0.0,0.0,0.0,0.0,0.0,33.10993926815928,0.0,12.152040213667764,0.0,0.0,0.0,0.0,0.0,0.0,0.0,0.0,0.0,33.10993926815928,12.152040213667764,0.0,0.0,0.0,0.0,0.0,0.0,0.0,0.0,0.0,0.0,24.835569398847298,0.0,0.0,20.426410082979746,0.0,0.0,0.0,0.0,0.0,1.3072685185185187,0.0,0.0,3.7903703703703706,8.069027777777777,0.0,0.7142857142857143,7,0,0,0,0,0,0,0,0,0,0,0,3,0,0,0,0,2.752700000000001,34.338999999999984,0,0,0,0,0,0,0,0,0,0,0,0,0,0,0,0,0,0,0,0,0,0,0,0,0,0,1,0,0,0,0,0,0,0,0,0,0,0,0,0,0,0,0,0,0,0,0,0,0,0,0,0,0,0,0,0,0,0,0,0,0,0,0,0,0,0,0,0,0,0,0,0,0,0,0,0,0,0,0,0,0,0,0,0,0
3-Methyl-1-hexene,CCCC(C)C=C,3404-61-3,Not biofuel,3.679212962962963,0.7129629629629628,3.679212962962963,0.7129629629629628,0.4758477167623552,98.189,84.07699999999998,98.109550448,42,0,-0.026474074727174154,-0.10281381554265222,0.10281381554265222,0.026474074727174154,1.7142857142857142,2.2857142857142856,2.4285714285714284,13.945765914063765,10.080176172141078,1.8860650326172883,-1.9799246121681766,2.0306874356968954,-1.839574599670494,4.730776390690394,0.6352925828327826,2.9843602328703267,46.0,5.698670612749268,5.276020881938894,5.276020881938894,3.308060412490447,2.934286964637233,2.934286964637233,2.001661279183041,2.001661279183041,1.1463858629184749,1.1463858629184749,0.5731929314592374,0.5731929314592374,-0.26,31.916635235956914,6.74,3.914216027874565,3.573538072602325,46.23930068202493,0.0,0.0,0.0,0.0,0.0,0.0,0.0,0.0,0.0,6.578935683598497,26.344316129141138,12.338727669087403,0.0,0.0,0.0,0.0,0.0,0.0,5.917906046161393,26.689117645233267,0.0,12.654955790432378,0.0,0.0,0.0,0.0,0.0,0.0,0.0,0.0,5.917906046161393,26.689117645233267,12.654955790432378,0.0,0.0,0.0,0.0,0.0,0.0,0.0,0.0,5.917906046161393,0.0,12.841643245852019,0.0,6.076020106833881,20.426410082979746,0.0,0.0,0.0,0.0,0.0,0.0,0.7129629629629628,0.0,4.555740740740741,8.06462962962963,0.0,0.7142857142857143,7,0,0,0,0,0,0,0,0,0,0,0,3,0,0,0,0,2.608600000000001,34.26899999999999,0,0,0,0,0,0,0,0,0,0,0,0,0,0,0,0,0,0,0,0,0,0,0,0,0,0,1,0,0,0,0,0,0,0,0,0,0,0,0,0,0,0,0,0,0,0,0,0,0,0,0,0,0,0,0,0,0,0,0,0,0,0,0,0,0,0,0,0,0,0,0,0,0,0,0,0,0,0,0,0,0,0,0,0,0
4-Methyl-1-hexene,CCC(C)CC=C,3769-23-1,Not biofuel,3.6486111111111112,0.8310185185185184,3.6486111111111112,0.8310185185185184,0.4758477167623552,98.189,84.07699999999998,98.109550448,42,0,-0.032763253995207874,-0.10307283248457277,0.10307283248457277,0.032763253995207874,1.7142857142857142,2.2857142857142856,2.4285714285714284,13.961596357366682,10.06421388273544,1.9015731126835589,-1.9960535519601454,2.043070372769831,-1.8584854462891505,4.684250510630284,0.5723767432880896,2.9804413212987453,46.0,5.698670612749268,5.276020881938894,5.276020881938894,3.308060412490447,2.9174502122316257,2.9174502122316257,2.0377974009767303,2.0377974009767303,1.2659590187875251,1.2659590187875251,0.4511844635310912,0.4511844635310912,-0.26,31.916635235956914,6.74,3.914216027874565,3.573538072602325,46.23930068202493,0.0,0.0,0.0,0.0,0.0,0.0,0.0,0.0,0.0,6.578935683598497,26.344316129141138,12.338727669087403,0.0,0.0,0.0,0.0,0.0,0.0,5.917906046161393,26.689117645233267,0.0,12.654955790432378,0.0,0.0,0.0,0.0,0.0,0.0,0.0,0.0,5.917906046161393,26.689117645233267,12.654955790432378,0.0,0.0,0.0,0.0,0.0,0.0,0.0,0.0,0.0,12.338727669087403,6.4208216229260096,0.0,6.076020106833881,20.426410082979746,0.0,0.0,0.0,0.0,0.0,0.0,0.8310185185185184,0.0,4.413379629629629,8.088935185185186,0.0,0.7142857142857143,7,0,0,0,0,0,0,0,0,0,0,0,3,0,0,0,0,2.608600000000001,34.26899999999999,0,0,0,0,0,0,0,0,0,0,0,0,0,0,0,0,0,0,0,0,0,0,0,0,0,0,1,0,0,0,0,0,0,0,0,0,0,0,0,0,0,0,0,0,0,0,0,0,0,0,0,0,0,0,0,0,0,0,0,0,0,0,0,0,0,0,0,0,0,0,0,0,0,0,0,0,0,0,0,0,0,0,0,0,0
5-Methyl-1-hexene,CC(C)CCC=C,3524-73-0,Not biofuel,3.6326388888888888,0.8314814814814813,3.6326388888888888,0.8314814814814813,0.4758477167623552,98.189,84.07699999999998,98.109550448,42,0,-0.03509774289550111,-0.10308280770217833,0.10308280770217833,0.03509774289550111,1.5714285714285714,2.142857142857143,2.2857142857142856,13.928065731110994,10.097850697869792,1.866017592422238,-1.9643624425855575,2.015629175220226,-1.8204950325117555,4.656427654273108,0.5945009787349795,2.8099823316091586,44.0,5.698670612749268,5.276020881938894,5.276020881938894,3.270055610029662,2.879445409770841,2.879445409770841,2.2598722539017904,2.2598722539017904,0.9481410810882239,0.9481410810882239,0.45118446353109126,0.45118446353109126,-0.26,29.01955000865388,6.74,3.914216027874565,5.739999999999999,46.23930068202493,0.0,0.0,0.0,0.0,0.0,0.0,0.0,0.0,0.0,6.578935683598497,19.92349450621513,18.75954929201341,0.0,0.0,0.0,0.0,0.0,0.0,5.917906046161393,26.689117645233267,0.0,12.654955790432378,0.0,0.0,0.0,0.0,0.0,0.0,0.0,0.0,5.917906046161393,26.689117645233267,12.654955790432378,0.0,0.0,0.0,0.0,0.0,0.0,0.0,0.0,0.0,12.338727669087403,6.4208216229260096,0.0,6.076020106833881,20.426410082979746,0.0,0.0,0.0,0.0,0.0,0.0,0.8314814814814813,0.0,4.417824074074074,8.084027777777777,0.0,0.7142857142857143,7,0,0,0,0,0,0,0,0,0,0,0,3,0,0,0,0,2.608600000000001,34.26899999999999,0,0,0,0,0,0,0,0,0,0,0,0,0,0,0,0,0,0,0,0,0,0,0,0,0,0,1,0,0,0,0,0,0,0,0,0,0,0,0,0,0,0,0,0,0,0,0,0,0,0,0,0,0,0,0,0,0,0,0,0,0,0,0,0,0,0,0,0,0,0,0,0,0,0,0,0,0,0,0,0,0,0,0,0,0
2-Methyl-2-hexene,CCCC=C(C)C,2738-19-4,Not biofuel,2.263888888888889,1.238425925925926,2.263888888888889,1.238425925925926,0.4657299227272448,98.189,84.07699999999998,98.109550448,42,0,-0.03508825722705776,-0.08589916377173265,0.08589916377173265,0.03508825722705776,1.4285714285714286,2.0,2.142857142857143,13.799550066097051,10.226982069492852,1.7273603286288393,-1.8457733462686956,1.9375149241204912,-1.6351069628278838,4.91546356360933,0.948152316259998,3.0797501465304435,56.43856189774725,5.698670612749268,5.49156383156272,5.49156383156272,3.270055610029662,2.9040302062452232,2.9040302062452232,2.07014954901637,2.07014954901637,0.8412609923560823,0.8412609923560823,0.4330127018922193,0.4330127018922193,-0.26,29.01955000865388,6.74,3.914216027874565,5.739999999999999,46.23930068202494,0.0,0.0,0.0,0.0,0.0,0.0,0.0,0.0,0.0,0.0,24.99368345951978,20.268296022307258,0.0,0.0,0.0,0.0,0.0,0.0,0.0,33.61285484492389,0.0,11.64912463690315,0.0,0.0,0.0,0.0,0.0,0.0,0.0,0.0,0.0,33.61285484492389,11.64912463690315,0.0,0.0,0.0,0.0,0.0,0.0,0.0,0.0,0.0,0.0,18.414747775921285,0.0,0.0,26.847231705905752,0.0,0.0,0.0,0.0,0.0,1.4322685185185187,0.0,0.0,4.7713425925925925,6.463055555555556,0.0,0.7142857142857143,7,0,0,0,0,0,0,0,0,0,0,0,2,0,0,0,0,2.752700000000001,34.33899999999999,0,0,0,0,0,0,0,0,0,0,0,0,0,0,0,0,0,0,0,0,0,0,0,0,0,0,2,0,0,0,0,0,0,0,0,0,0,0,0,0,0,0,0,0,0,0,0,0,0,0,0,0,0,0,0,0,0,0,0,0,0,0,0,0,0,0,0,0,0,0,0,0,0,0,0,0,0,0,0,0,0,0,0,0,0
3-Methyl-2-hexene,CCCC(C)=CC,17618-77-8  ,Not biofuel,2.201388888888889,1.2604166666666667,2.201388888888889,1.2604166666666667,0.4657299227272448,98.18899999999998,84.07699999999998,98.109550448,42,0,-0.03258150000263613,-0.08873479253673282,0.08873479253673282,0.03258150000263613,1.5714285714285714,2.142857142857143,2.2857142857142856,13.861888809377602,10.16423622970206,1.7931040222326162,-1.905043322860545,1.99949374004314,-1.6982036556940252,4.937272237340271,0.9029422278864361,3.17297557856925,60.438561897747256,5.698670612749268,5.491563831562721,5.491563831562721,3.308060412490447,2.92668557556426,2.92668557556426,1.8850278050148308,1.8850278050148308,1.1371368471241508,1.1371368471241508,0.5386751345948129,0.5386751345948129,-0.26,31.916635235956914,6.74,3.914216027874565,3.573538072602325,46.23930068202494,0.0,0.0,0.0,0.0,0.0,0.0,0.0,0.0,0.0,0.0,24.99368345951978,20.268296022307258,0.0,0.0,0.0,0.0,0.0,0.0,0.0,33.61285484492389,0.0,11.64912463690315,0.0,0.0,0.0,0.0,0.0,0.0,0.0,0.0,0.0,33.61285484492389,11.64912463690315,0.0,0.0,0.0,0.0,0.0,0.0,0.0,0.0,0.0,0.0,18.414747775921285,0.0,0.0,26.847231705905752,0.0,0.0,0.0,0.0,0.0,1.5023148148148149,0.0,0.0,4.704537037037037,6.4598148148148145,0.0,0.7142857142857143,7,0,0,0,0,0,0,0,0,0,0,0,2,0,0,0,0,2.752700000000001,34.33899999999999,0,0,0,0,0,0,0,0,0,0,0,0,0,0,0,0,0,0,0,0,0,0,0,0,0,0,2,0,0,0,0,0,0,0,0,0,0,0,0,0,0,0,0,0,0,0,0,0,0,0,0,0,0,0,0,0,0,0,0,0,0,0,0,0,0,0,0,0,0,0,0,0,0,0,0,0,0,0,0,0,0,0,0,0,0
4-Methyl-2-hexene,CCC(C)C=CC,3404-55-5  ,Not biofuel,2.2222222222222223,0.7685185185185184,2.2222222222222223,0.7685185185185184,0.4655855089049589,98.18899999999998,84.07699999999998,98.109550448,42,0,-0.026469183878914778,-0.09139557043484106,0.09139557043484106,0.026469183878914778,1.5714285714285714,2.142857142857143,2.2857142857142856,13.915888812056501,10.109891557153128,1.8547711646271698,-1.9517614856301573,1.9962486866459033,-1.8140753280103636,4.809233871660033,0.6971884831362386,3.159487600385118,53.058650025961626,5.698670612749268,5.439157588755425,5.439157588755425,3.308060412490447,2.936722276696329,2.936722276696329,1.9113155977197842,1.9113155977197842,1.1649334938070839,1.1649334938070839,0.4646156167057841,0.4646156167057841,-0.26,31.916635235956914,6.74,3.914216027874565,3.573538072602325,46.23930068202494,0.0,0.0,0.0,0.0,0.0,0.0,0.0,0.0,0.0,0.0,32.42033623597502,12.841643245852017,0.0,0.0,0.0,0.0,0.0,0.0,5.917906046161393,27.19203322199788,0.0,12.152040213667762,0.0,0.0,0.0,0.0,0.0,0.0,0.0,0.0,5.917906046161393,27.19203322199788,12.152040213667762,0.0,0.0,0.0,0.0,0.0,0.0,0.0,0.0,0.0,5.917906046161393,6.4208216229260096,0.0,0.0,32.923251812739636,0.0,0.0,0.0,0.0,0.0,0.0,0.7685185185185184,0.0,5.581851851851852,6.482962962962962,0.0,0.7142857142857143,7,0,0,0,0,0,0,0,0,0,0,0,2,0,0,0,0,2.608600000000001,34.26899999999999,0,0,0,0,0,0,0,0,0,0,0,0,0,0,0,0,0,0,0,0,0,0,0,0,0,0,2,0,0,0,0,0,0,0,0,0,0,0,0,0,0,0,0,0,0,0,0,0,0,0,0,0,0,0,0,0,0,0,0,0,0,0,0,0,0,0,0,0,0,0,0,0,0,0,0,0,0,0,0,0,0,0,0,0,0
5-Methyl-2-hexene,CC=CCC(C)C,3404-62-4  ,Not biofuel,2.2222222222222223,0.8159259259259257,2.2222222222222223,0.8159259259259257,0.46558550890495903,98.189,84.07699999999998,98.109550448,42,0,-0.032758921035982984,-0.09165422621110181,0.09165422621110181,0.032758921035982984,1.4285714285714286,2.0,2.142857142857143,13.895749565649048,10.12999778610547,1.833477761597863,-1.9326492693693822,1.9786402486247558,-1.792786739201793,4.768273953639888,0.6631565593065823,2.966044902351155,51.058650025961626,5.698670612749268,5.439157588755425,5.439157588755425,3.270055610029662,2.881880721829937,2.881880721829937,2.1985847042417173,2.1985847042417173,0.843189544674502,0.843189544674502,0.4082482904638632,0.4082482904638632,-0.26,29.01955000865388,6.74,3.914216027874565,5.739999999999999,46.239300682024925,0.0,0.0,0.0,0.0,0.0,0.0,0.0,0.0,0.0,0.0,25.999514613049012,19.262464868778025,0.0,0.0,0.0,0.0,0.0,0.0,5.917906046161393,27.19203322199788,0.0,12.152040213667762,0.0,0.0,0.0,0.0,0.0,0.0,0.0,0.0,5.917906046161393,27.19203322199788,12.152040213667762,0.0,0.0,0.0,0.0,0.0,0.0,0.0,0.0,0.0,5.917906046161393,6.4208216229260096,0.0,0.0,32.923251812739636,0.0,0.0,0.0,0.0,0.0,0.0,0.8159259259259257,0.0,5.515046296296296,6.502361111111111,0.0,0.7142857142857143,7,0,0,0,0,0,0,0,0,0,0,0,2,0,0,0,0,2.608600000000001,34.26899999999999,0,0,0,0,0,0,0,0,0,0,0,0,0,0,0,0,0,0,0,0,0,0,0,0,0,0,2,0,0,0,0,0,0,0,0,0,0,0,0,0,0,0,0,0,0,0,0,0,0,0,0,0,0,0,0,0,0,0,0,0,0,0,0,0,0,0,0,0,0,0,0,0,0,0,0,0,0,0,0,0,0,0,0,0,0
2-Methyl-3-hexene,CCC=CC(C)C,42154-69-8  ,Not biofuel,2.2222222222222223,0.7221759259259257,2.2222222222222223,0.7221759259259257,0.46558550890495903,98.189,84.07699999999998,98.109550448,42,0,-0.02904264889215319,-0.08855501123374397,0.08855501123374397,0.02904264889215319,1.4285714285714286,2.0,2.142857142857143,13.844574367106945,10.181500155207392,1.7790687571567418,-1.8846476582317524,1.9290740027000586,-1.7412466500349062,4.820032184971136,0.8260116859758139,3.0754396643013338,51.058650025961626,5.698670612749268,5.439157588755425,5.439157588755425,3.270055610029662,2.936722276696329,2.936722276696329,2.080417576445547,2.080417576445547,0.7566852033432209,0.7566852033432209,0.40824829046386313,0.40824829046386313,-0.26,29.01955000865388,6.74,3.914216027874565,5.739999999999999,46.239300682024925,0.0,0.0,0.0,0.0,0.0,0.0,0.0,0.0,0.0,0.0,32.923251812739636,12.338727669087403,0.0,0.0,0.0,0.0,0.0,0.0,5.917906046161393,27.19203322199788,0.0,12.152040213667762,0.0,0.0,0.0,0.0,0.0,0.0,0.0,0.0,5.917906046161393,27.19203322199788,12.152040213667762,0.0,0.0,0.0,0.0,0.0,0.0,0.0,0.0,0.0,12.338727669087403,0.0,0.0,0.0,32.923251812739636,0.0,0.0,0.0,0.0,0.0,0.0,0.7221759259259257,0.0,5.586157407407407,6.5249999999999995,0.0,0.7142857142857143,7,0,0,0,0,0,0,0,0,0,0,0,2,0,0,0,0,2.608600000000001,34.26899999999999,0,0,0,0,0,0,0,0,0,0,0,0,0,0,0,0,0,0,0,0,0,0,0,0,0,0,2,0,0,0,0,0,0,0,0,0,0,0,0,0,0,0,0,0,0,0,0,0,0,0,0,0,0,0,0,0,0,0,0,0,0,0,0,0,0,0,0,0,0,0,0,0,0,0,0,0,0,0,0,0,0,0,0,0,0
3-Methyl-3-hexene,CCC=C(C)CC,3404-65-7,Not biofuel,2.263888888888889,1.1802314814814814,2.263888888888889,1.1802314814814814,0.4657299227272448,98.189,84.07699999999998,98.109550448,42,0,-0.03516676861003716,-0.0858948092194275,0.0858948092194275,0.03516676861003716,1.4285714285714286,2.0,2.142857142857143,13.834463286112896,10.191804212647037,1.7624795166778917,-1.880562705797843,1.973037747137812,-1.669644148838907,4.9479788542693015,1.0572013487739338,3.285979158672653,60.438561897747256,5.698670612749268,5.49156383156272,5.49156383156272,3.308060412490447,2.9646903780250446,2.9646903780250446,1.8122784967090864,1.8122784967090864,1.1102633935864747,1.1102633935864747,0.4927992798267444,0.4927992798267444,-0.26,31.916635235956914,6.74,3.914216027874565,3.573538072602325,46.23930068202494,0.0,0.0,0.0,0.0,0.0,0.0,0.0,0.0,0.0,0.0,25.496599036284397,19.765380445542643,0.0,0.0,0.0,0.0,0.0,0.0,0.0,33.61285484492389,0.0,11.64912463690315,0.0,0.0,0.0,0.0,0.0,0.0,0.0,0.0,0.0,33.61285484492389,11.64912463690315,0.0,0.0,0.0,0.0,0.0,0.0,0.0,0.0,0.0,0.0,18.414747775921285,0.0,0.0,26.847231705905752,0.0,0.0,0.0,0.0,0.0,1.5023148148148149,0.0,0.0,4.6463425925925925,6.5180092592592604,0.0,0.7142857142857143,7,0,0,0,0,0,0,0,0,0,0,0,2,0,0,0,0,2.752700000000001,34.33899999999999,0,0,0,0,0,0,0,0,0,0,0,0,0,0,0,0,0,0,0,0,0,0,0,0,0,0,2,0,0,0,0,0,0,0,0,0,0,0,0,0,0,0,0,0,0,0,0,0,0,0,0,0,0,0,0,0,0,0,0,0,0,0,0,0,0,0,0,0,0,0,0,0,0,0,0,0,0,0,0,0,0,0,0,0,0
2-Ethyl-1-pentene,CCCC(=C)CC, 3404-71-5  ,Not biofuel,3.8629166666666666,1.1466666666666667,3.8629166666666666,1.1466666666666667,0.47599531368341325,98.189,84.07699999999998,98.109550448,42,0,-0.03257329964738397,-0.09987226114124488,0.09987226114124488,0.03257329964738397,1.4285714285714286,2.0,2.142857142857143,13.89613941250813,10.129976094630948,1.8296839682745951,-1.936896564485149,2.033235010873021,-1.7329581058397894,4.905936286334034,0.8634088534510247,3.002590528674132,53.05865002596163,5.698670612749268,5.32842712474619,5.32842712474619,3.308060412490447,2.9748737341529163,2.9748737341529163,1.8535533905932735,1.8535533905932735,1.1035533905932735,1.1035533905932735,0.5303300858899105,0.5303300858899105,-0.26,31.916635235956914,6.74,3.914216027874565,3.573538072602325,46.23930068202494,0.0,0.0,0.0,0.0,0.0,0.0,0.0,0.0,0.0,0.0,32.42033623597502,12.841643245852019,0.0,0.0,0.0,0.0,0.0,0.0,0.0,33.10993926815928,0.0,12.152040213667764,0.0,0.0,0.0,0.0,0.0,0.0,0.0,0.0,0.0,33.10993926815928,12.152040213667764,0.0,0.0,0.0,0.0,0.0,0.0,0.0,0.0,0.0,6.4208216229260096,18.414747775921285,0.0,0.0,20.426410082979746,0.0,0.0,0.0,0.0,0.0,1.3773148148148149,0.0,0.0,3.5942592592592595,8.195092592592593,0.0,0.7142857142857143,7,0,0,0,0,0,0,0,0,0,0,0,3,0,0,0,0,2.752700000000001,34.33899999999999,0,0,0,0,0,0,0,0,0,0,0,0,0,0,0,0,0,0,0,0,0,0,0,0,0,0,1,0,0,0,0,0,0,0,0,0,0,0,0,0,0,0,0,0,0,0,0,0,0,0,0,0,0,0,0,0,0,0,0,0,0,0,0,0,0,0,0,0,0,0,0,0,0,0,0,0,0,0,0,0,0,0,0,0,0
3-Ethyl-1-pentene,CCC(CC)C=C,4038/4/4,Not biofuel,3.702685185185185,0.7499999999999999,3.702685185185185,0.7499999999999999,0.4758477167623552,98.189,84.07699999999998,98.109550448,42,0,-0.02414358568886968,-0.10280385538243872,0.10280385538243872,0.02414358568886968,1.4285714285714286,1.8571428571428572,1.8571428571428572,13.976170609353465,10.049650628354811,1.917974994099257,-2.0089757078278745,2.0569639946011957,-1.8732218135104834,4.750933360880095,0.6074757170385905,3.1646093088392386,42.0,5.698670612749268,5.276020881938894,5.276020881938894,3.3460652149512318,2.972291767098018,2.972291767098018,1.8122784967090866,1.8122784967090866,1.3820881233139908,1.3820881233139908,0.6220084679281461,0.6220084679281461,-0.26,34.3994618804395,6.74,3.914216027874565,2.436864111498258,46.23930068202493,0.0,0.0,0.0,0.0,0.0,0.0,0.0,0.0,0.0,6.578935683598497,19.92349450621513,18.75954929201341,0.0,0.0,0.0,0.0,0.0,0.0,5.917906046161393,26.689117645233267,0.0,12.654955790432378,0.0,0.0,0.0,0.0,0.0,0.0,0.0,0.0,5.917906046161393,26.689117645233267,12.654955790432378,0.0,0.0,0.0,0.0,0.0,0.0,0.0,0.0,0.0,5.917906046161393,12.841643245852019,0.0,6.076020106833881,20.426410082979746,0.0,0.0,0.0,0.0,0.0,0.0,0.7499999999999999,0.0,4.5,8.083333333333332,0.0,0.7142857142857143,7,0,0,0,0,0,0,0,0,0,0,0,3,0,0,0,0,2.608600000000001,34.26899999999999,0,0,0,0,0,0,0,0,0,0,0,0,0,0,0,0,0,0,0,0,0,0,0,0,0,0,1,0,0,0,0,0,0,0,0,0,0,0,0,0,0,0,0,0,0,0,0,0,0,0,0,0,0,0,0,0,0,0,0,0,0,0,0,0,0,0,0,0,0,0,0,0,0,0,0,0,0,0,0,0,0,0,0,0,0
"2,3-Dimethyl-1-pentene",CCC(C)C(C)=C,3404-72-6  ,Not biofuel,3.82587962962963,0.7083333333333331,3.82587962962963,0.7083333333333331,0.46558550890495903,98.189,84.07699999999998,98.109550448,42,0,-0.02397484773195818,-0.0998713385874777,0.0998713385874777,0.02397484773195818,1.7142857142857142,2.142857142857143,2.142857142857143,14.001582452612523,10.02435167511341,1.9411104170908113,-2.036611686029655,2.086969630772259,-1.8944063317664936,4.921051646093428,0.6579828987265081,3.3434170589539596,62.43856189774725,5.8618073195657985,5.49156383156272,5.49156383156272,3.1807392125526213,2.8349338660281234,2.8349338660281234,2.1556485311744886,2.1556485311744886,1.453633428051877,1.453633428051877,0.34846171252933794,0.34846171252933794,-0.26,27.977093296928835,6.74,2.838891422835457,2.436864111498258,46.23930068202493,0.0,0.0,0.0,0.0,0.0,0.0,0.0,0.0,0.0,0.0,25.999514613049012,19.262464868778025,0.0,0.0,0.0,0.0,0.0,0.0,5.917906046161393,27.19203322199788,0.0,12.152040213667764,0.0,0.0,0.0,0.0,0.0,0.0,0.0,0.0,5.917906046161393,27.19203322199788,12.152040213667764,0.0,0.0,0.0,0.0,0.0,0.0,0.0,0.0,5.917906046161393,0.0,11.993926152995277,0.0,0.0,27.35014728267037,0.0,0.0,0.0,0.0,0.0,1.2939814814814816,0.7083333333333331,0.0,1.2175925925925926,10.280092592592592,0.0,0.7142857142857143,7,0,0,0,0,0,0,0,0,0,0,0,2,0,0,0,0,2.608600000000001,34.26899999999999,0,0,0,0,0,0,0,0,0,0,0,0,0,0,0,0,0,0,0,0,0,0,0,0,0,0,1,0,0,0,0,0,0,0,0,0,0,0,0,0,0,0,0,0,0,0,0,0,0,0,0,0,0,0,0,0,0,0,0,0,0,0,0,0,0,0,0,0,0,0,0,0,0,0,0,0,0,0,0,0,0,0,0,0,0
"2,4-Dimethyl-1-pentene",CC(C)CC(C)=C,2213-32-3  ,Not biofuel,3.7952777777777778,0.7754629629629628,3.7952777777777778,0.7754629629629628,0.46558550890495903,98.189,84.07699999999998,98.109550448,42,0,-0.03025292800431622,-0.10013091866296879,0.10013091866296879,0.03025292800431622,1.5714285714285714,2.0,2.0,13.958483057113256,10.067786392164004,1.8961100686817505,-1.9949903527801602,2.0524246946329057,-1.8447600327664515,4.87691662396219,0.643550799714732,3.126006652390634,60.438561897747256,5.8618073195657985,5.49156383156272,5.49156383156272,3.125897657686229,2.7700556100296625,2.7700556100296625,2.555077776535831,2.555077776535831,0.756710002993201,0.756710002993201,0.6969234250586759,0.6969234250586759,-0.26,19.093583929800843,6.74,2.838891422835457,5.739999999999999,46.23930068202493,0.0,0.0,0.0,0.0,0.0,0.0,0.0,0.0,0.0,6.578935683598497,19.420578929450514,19.262464868778025,0.0,0.0,0.0,0.0,0.0,0.0,5.917906046161393,27.19203322199788,0.0,12.152040213667764,0.0,0.0,0.0,0.0,0.0,0.0,0.0,0.0,5.917906046161393,27.19203322199788,12.152040213667764,0.0,0.0,0.0,0.0,0.0,0.0,0.0,0.0,0.0,5.917906046161393,11.993926152995277,0.0,0.0,27.35014728267037,0.0,0.0,0.0,0.0,0.0,1.2870370370370372,0.7754629629629628,0.0,1.1666666666666667,10.270833333333334,0.0,0.7142857142857143,7,0,0,0,0,0,0,0,0,0,0,0,2,0,0,0,0,2.608600000000001,34.26899999999999,0,0,0,0,0,0,0,0,0,0,0,0,0,0,0,0,0,0,0,0,0,0,0,0,0,0,1,0,0,0,0,0,0,0,0,0,0,0,0,0,0,0,0,0,0,0,0,0,0,0,0,0,0,0,0,0,0,0,0,0,0,0,0,0,0,0,0,0,0,0,0,0,0,0,0,0,0,0,0,0,0,0,0,0,0
"3,3-Dimethyl-1-pentene",CCC(C)(C)C=C,3404-73-7  ,Not biofuel,3.7031944444444447,0.3472222222222223,3.7031944444444447,0.3472222222222223,0.4655855089049589,98.18899999999998,84.07699999999998,98.109550448,42,0,-0.018013536438349496,-0.10254375277316717,0.10254375277316717,0.018013536438349496,1.5714285714285714,2.0,2.0,14.11596009237297,9.909935963456412,2.0626133449114517,-2.1438408554687416,2.1878675779570314,-2.0214258704280623,4.8507775463161265,0.4632289798194382,3.575471150366867,60.438561897747256,5.914213562373096,5.491563831562722,5.491563831562722,3.121320343559643,2.757583596838497,2.757583596838497,2.5462587314333103,2.5462587314333103,1.4638167841797487,1.4638167841797487,0.14433756729740643,0.14433756729740643,-0.26,26.838740541269832,6.74,2.1527155819962744,2.436864111498258,46.23930068202493,0.0,0.0,0.0,0.0,0.0,0.0,0.0,0.0,0.0,6.578935683598497,26.847231705905752,11.83581209232279,0.0,0.0,0.0,0.0,0.0,0.0,5.41499046939678,27.19203322199788,0.0,12.654955790432378,0.0,0.0,0.0,0.0,0.0,0.0,0.0,0.0,5.41499046939678,27.19203322199788,12.654955790432378,0.0,0.0,0.0,0.0,0.0,0.0,0.0,0.0,5.41499046939678,0.0,6.4208216229260096,0.0,6.076020106833881,27.35014728267037,0.0,0.0,0.0,0.0,0.0,0.3472222222222223,0.0,0.0,3.1701388888888893,10.23263888888889,0.0,0.7142857142857143,7,0,0,0,0,0,0,0,0,0,0,0,2,0,0,0,0,2.608600000000001,34.26899999999999,0,0,0,0,0,0,0,0,0,0,0,0,0,0,0,0,0,0,0,0,0,0,0,0,0,0,1,0,0,0,0,0,0,0,0,0,0,0,0,0,0,0,0,0,0,0,0,0,0,0,0,0,0,0,0,0,0,0,0,0,0,0,0,0,0,0,0,0,0,0,0,0,0,0,0,0,0,0,0,0,0,0,0,0,0
"3,4-Dimethyl-1-pentene",CC(C)C(C)C=C,7385-78-6,Not biofuel,3.681851851851852,0.6666666666666665,3.681851851851852,0.6666666666666665,0.4652898280987325,98.189,84.07699999999998,98.109550448,42,0,-0.02415159367882214,-0.10280379409809116,0.10280379409809116,0.02415159367882214,1.2857142857142858,1.7142857142857142,1.7142857142857142,14.03719057478261,9.988648938094205,1.9804110849507657,-2.068484987040041,2.0804217239502734,-1.9719659058625618,4.760679439308053,0.505009492204299,3.3299765979747935,53.05865002596163,5.861807319565799,5.439157588755425,5.439157588755425,3.1807392125526213,2.8069657646994077,2.8069657646994077,2.338835952648351,2.338835952648351,1.423351870009888,1.423351870009888,0.2721655269759088,0.2721655269759088,-0.26,27.977093296928835,6.74,2.838891422835457,2.436864111498258,46.23930068202493,0.0,0.0,0.0,0.0,0.0,0.0,0.0,0.0,0.0,6.578935683598497,26.847231705905752,11.835812092322787,0.0,0.0,0.0,0.0,0.0,0.0,11.835812092322787,20.771211599071872,0.0,12.654955790432378,0.0,0.0,0.0,0.0,0.0,0.0,0.0,0.0,11.835812092322787,20.771211599071872,12.654955790432378,0.0,0.0,0.0,0.0,0.0,0.0,0.0,0.0,5.917906046161393,5.917906046161393,0.0,0.0,6.076020106833881,27.35014728267037,0.0,0.0,0.0,0.0,0.0,0.0,1.4143518518518516,0.0,1.9907407407407407,10.261574074074076,0.0,0.7142857142857143,7,0,0,0,0,0,0,0,0,0,0,0,2,0,0,0,0,2.4645,34.19899999999999,0,0,0,0,0,0,0,0,0,0,0,0,0,0,0,0,0,0,0,0,0,0,0,0,0,0,1,0,0,0,0,0,0,0,0,0,0,0,0,0,0,0,0,0,0,0,0,0,0,0,0,0,0,0,0,0,0,0,0,0,0,0,0,0,0,0,0,0,0,0,0,0,0,0,0,0,0,0,0,0,0,0,0,0,0
"4,4-Dimethyl-1-pentene",CC(C)(C)CC=C,762-62-9  ,Not biofuel,3.6460416666666666,0.43229166666666663,3.6460416666666666,0.43229166666666663,0.44210961702042856,98.189,84.07699999999998,98.109550448,42,0,-0.03043801351094461,-0.10306278685830636,0.10306278685830636,0.03043801351094461,1.4285714285714286,1.8571428571428572,1.8571428571428572,14.09938835643889,9.926568221083349,2.043259408320314,-2.1297682037414374,2.17088787294995,-2.005581173368352,4.7471131544271845,0.4207873955345899,3.336809769016682,54.928786893420316,5.914213562373096,5.491563831562722,5.491563831562722,3.0606601717798214,2.6700499715209998,2.6700499715209998,3.0534594516065665,3.0534594516065665,0.756710002993201,0.756710002993201,0.4330127018922193,0.4330127018922193,-0.26,18.14170945007629,6.74,2.1527155819962744,5.739999999999999,46.23930068202493,0.0,0.0,0.0,0.0,0.0,0.0,0.0,0.0,0.0,6.578935683598497,26.847231705905752,11.83581209232279,0.0,0.0,0.0,0.0,0.0,0.0,5.41499046939678,27.19203322199788,0.0,12.654955790432378,0.0,0.0,0.0,0.0,0.0,0.0,0.0,0.0,5.41499046939678,27.19203322199788,12.654955790432378,0.0,0.0,0.0,0.0,0.0,0.0,0.0,0.0,5.41499046939678,6.4208216229260096,0.0,0.0,6.076020106833881,27.35014728267037,0.0,0.0,0.0,0.0,0.0,0.43229166666666663,0.0,0.0,3.0625,10.255208333333332,0.0,0.7142857142857143,7,0,0,0,0,0,0,0,0,0,0,0,1,0,0,0,0,2.608600000000001,34.26899999999999,0,0,0,0,0,0,0,0,0,0,0,0,0,0,0,0,0,0,0,0,0,0,0,0,0,0,1,0,0,0,0,0,0,0,0,0,0,0,0,0,0,0,0,0,0,0,0,0,0,0,0,0,0,0,0,0,0,0,0,0,0,0,0,0,0,0,0,0,0,0,0,0,0,0,0,0,0,0,0,0,0,0,0,0,0
3-Ethyl-2-pentene,CCC(CC)=CC,816-79-5,Not biofuel,2.1944444444444446,1.2152777777777777,2.1944444444444446,1.2152777777777777,0.4657299227272448,98.18899999999998,84.07699999999998,98.109550448,42,0,-0.03491049003689685,-0.08847643445612759,0.08847643445612759,0.03491049003689685,1.2857142857142858,1.7142857142857142,1.7142857142857142,13.88487964352532,10.141153980600087,1.8160932105506433,-1.9280321933349025,2.0230195341299853,-1.7207343459090998,4.966833801446656,0.972364816050331,3.383202720889405,54.43856189774725,5.698670612749268,5.491563831562721,5.491563831562721,3.3460652149512318,2.987345747344081,2.987345747344081,1.6540302062452235,1.6540302062452235,1.316496580927726,1.316496580927726,0.6582482904638629,0.6582482904638629,-0.26,34.3994618804395,6.74,3.914216027874565,2.436864111498258,46.23930068202494,0.0,0.0,0.0,0.0,0.0,0.0,0.0,0.0,0.0,0.0,25.496599036284394,19.765380445542643,0.0,0.0,0.0,0.0,0.0,0.0,0.0,33.61285484492389,0.0,11.64912463690315,0.0,0.0,0.0,0.0,0.0,0.0,0.0,0.0,0.0,33.61285484492389,11.64912463690315,0.0,0.0,0.0,0.0,0.0,0.0,0.0,0.0,0.0,0.0,12.841643245852019,5.573104530069267,0.0,26.847231705905752,0.0,0.0,0.0,0.0,0.0,1.5555555555555558,0.0,0.0,4.625,6.486111111111112,0.0,0.7142857142857143,7,0,0,0,0,0,0,0,0,0,0,0,2,0,0,0,0,2.752700000000001,34.33899999999999,0,0,0,0,0,0,0,0,0,0,0,0,0,0,0,0,0,0,0,0,0,0,0,0,0,0,2,0,0,0,0,0,0,0,0,0,0,0,0,0,0,0,0,0,0,0,0,0,0,0,0,0,0,0,0,0,0,0,0,0,0,0,0,0,0,0,0,0,0,0,0,0,0,0,0,0,0,0,0,0,0,0,0,0,0
"2,3-Dimethyl-2-pentene",CCC(C)=C(C)C,10574-37-5  ,Not biofuel,2.1828703703703702,1.1967592592592593,2.1828703703703702,1.1967592592592593,0.44224674916574247,98.18899999999998,84.07699999999998,98.109550448,42,0,-0.03491818188394126,-0.07751959962102888,0.07751959962102888,0.03491818188394126,1.1428571428571428,1.5714285714285714,1.5714285714285714,13.896234958667867,10.130049001539309,1.8243888899261151,-1.9420823104484444,2.0354323647143344,-1.7307738622938749,5.046526954177318,1.0522833805240543,3.7174113002483593,74.03910001730775,5.8618073195657985,5.707106781186548,5.707106781186548,3.1807392125526213,2.810660171779821,2.810660171779821,2.1338834764831844,2.1338834764831844,1.3838834764831844,1.3838834764831844,0.35355339059327373,0.35355339059327373,-0.26,27.977093296928835,6.74,2.838891422835457,2.436864111498258,46.23930068202494,0.0,0.0,0.0,0.0,0.0,0.0,0.0,0.0,0.0,0.0,18.06994625982916,27.19203322199788,0.0,0.0,0.0,0.0,0.0,0.0,0.0,34.11577042168851,0.0,11.146209060138535,0.0,0.0,0.0,0.0,0.0,0.0,0.0,0.0,0.0,34.11577042168851,11.146209060138535,0.0,0.0,0.0,0.0,0.0,0.0,0.0,0.0,0.0,0.0,17.567030683064544,0.0,0.0,27.694948798762496,0.0,0.0,0.0,0.0,0.0,2.974537037037037,0.0,0.0,1.1967592592592593,8.662037037037036,0.0,0.7142857142857143,7,0,0,0,0,0,0,0,0,0,0,0,1,0,0,0,0,2.752700000000001,34.33899999999999,0,0,0,0,0,0,0,0,0,0,0,0,0,0,0,0,0,0,0,0,0,0,0,0,0,0,2,0,0,0,0,0,0,0,0,0,0,0,0,0,0,0,0,0,0,0,0,0,0,0,0,0,0,0,0,0,0,0,0,0,0,0,0,0,0,0,0,0,0,0,0,0,0,0,0,0,0,0,0,0,0,0,0,0,0
"2,4-Dimethyl-2-pentene",CC(C)C=C(C)C,625-65-0  ,Not biofuel,2.25,0.7129629629629629,2.25,0.7129629629629629,0.44210961702042856,98.189,84.07699999999998,98.109550448,42,0,-0.02879494748392924,-0.08332105914575781,0.08332105914575781,0.02879494748392924,1.2857142857142858,1.7142857142857142,1.7142857142857142,13.88511145999653,10.141434231359202,1.8181123298569295,-1.9262162384557278,1.9784861294841294,-1.773286350886213,4.939623180018627,0.8215342775328456,3.4451715439308535,64.10749561002055,5.8618073195657985,5.6547005383792515,5.6547005383792515,3.125897657686229,2.776709006307398,2.776709006307398,2.4880338717125854,2.4880338717125854,0.6666666666666669,0.6666666666666669,0.6666666666666669,0.6666666666666669,-0.26,19.093583929800843,6.74,2.838891422835457,5.739999999999999,46.239300682024925,0.0,0.0,0.0,0.0,0.0,0.0,0.0,0.0,0.0,0.0,25.496599036284394,19.76538044554264,0.0,0.0,0.0,0.0,0.0,0.0,5.917906046161393,27.694948798762496,0.0,11.64912463690315,0.0,0.0,0.0,0.0,0.0,0.0,0.0,0.0,5.917906046161393,27.694948798762496,11.64912463690315,0.0,0.0,0.0,0.0,0.0,0.0,0.0,0.0,5.917906046161393,0.0,5.573104530069267,0.0,0.0,33.770968905596376,0.0,0.0,0.0,0.0,0.0,1.4120370370370372,0.7129629629629629,0.0,2.25,8.625,0.0,0.7142857142857143,7,0,0,0,0,0,0,0,0,0,0,0,1,0,0,0,0,2.608600000000001,34.26899999999999,0,0,0,0,0,0,0,0,0,0,0,0,0,0,0,0,0,0,0,0,0,0,0,0,0,0,2,0,0,0,0,0,0,0,0,0,0,0,0,0,0,0,0,0,0,0,0,0,0,0,0,0,0,0,0,0,0,0,0,0,0,0,0,0,0,0,0,0,0,0,0,0,0,0,0,0,0,0,0,0,0,0,0,0,0
"3,4-Dimethyl-2-pentene",CC=C(C)C(C)C,24910-63-2  ,Not biofuel,2.2037037037037037,0.7268518518518516,2.2037037037037037,0.7268518518518516,0.44210961702042856,98.18899999999998,84.07699999999998,98.109550448,42,0,-0.026299849864092784,-0.08847555223595195,0.08847555223595195,0.026299849864092784,1.4285714285714286,1.8571428571428572,1.8571428571428572,13.961657603500704,10.064269855152869,1.8978831542974206,-2.0000222740515112,2.0511012108077082,-1.8515865525235264,4.973868504861113,0.7671078171409409,3.563964543273249,68.10749561002055,5.8618073195657985,5.6547005383792515,5.6547005383792515,3.1807392125526213,2.8094010767585034,2.8094010767585034,2.1873926088303572,2.1873926088303572,1.3660254037844388,1.3660254037844388,0.3333333333333334,0.3333333333333334,-0.26,27.977093296928835,6.74,2.838891422835457,2.436864111498258,46.23930068202494,0.0,0.0,0.0,0.0,0.0,0.0,0.0,0.0,0.0,0.0,25.496599036284397,19.76538044554264,0.0,0.0,0.0,0.0,0.0,0.0,5.917906046161393,27.694948798762496,0.0,11.64912463690315,0.0,0.0,0.0,0.0,0.0,0.0,0.0,0.0,5.917906046161393,27.694948798762496,11.64912463690315,0.0,0.0,0.0,0.0,0.0,0.0,0.0,0.0,0.0,5.917906046161393,5.573104530069267,0.0,0.0,33.770968905596376,0.0,0.0,0.0,0.0,0.0,1.4722222222222223,0.7268518518518516,0.0,2.1574074074074074,8.643518518518519,0.0,0.7142857142857143,7,0,0,0,0,0,0,0,0,0,0,0,1,0,0,0,0,2.608600000000001,34.26899999999999,0,0,0,0,0,0,0,0,0,0,0,0,0,0,0,0,0,0,0,0,0,0,0,0,0,0,2,0,0,0,0,0,0,0,0,0,0,0,0,0,0,0,0,0,0,0,0,0,0,0,0,0,0,0,0,0,0,0,0,0,0,0,0,0,0,0,0,0,0,0,0,0,0,0,0,0,0,0,0,0,0,0,0,0,0
"4,4-Dimethyl-2-pentene",CC=CC(C)(C)C,26232-98-4  ,Not biofuel,2.1875,0.36979166666666674,2.1875,0.36979166666666674,0.4084245846298181,98.189,84.07699999999998,98.109550448,42,0,-0.02032773133647175,-0.09113586744108519,0.09113586744108519,0.02032773133647175,1.1428571428571428,1.5714285714285714,1.5714285714285714,14.059450641680034,9.96646957139416,2.0037484245140127,-2.0897273067942725,2.1291311348874005,-1.9674690903358596,4.884693683257412,0.5433115333568878,3.559682478280344,62.59772060569362,5.914213562373095,5.6547005383792515,5.6547005383792515,3.060660171779821,2.6993587371177723,2.6993587371177723,2.866025403784439,2.866025403784439,0.6666666666666669,0.6666666666666669,0.5000000000000001,0.5000000000000001,-0.26,18.14170945007629,6.74,2.1527155819962744,5.739999999999999,46.23930068202494,0.0,0.0,0.0,0.0,0.0,0.0,0.0,0.0,0.0,0.0,32.923251812739636,12.338727669087405,0.0,0.0,0.0,0.0,0.0,0.0,5.41499046939678,27.694948798762496,0.0,12.152040213667762,0.0,0.0,0.0,0.0,0.0,0.0,0.0,0.0,5.41499046939678,27.694948798762496,12.152040213667762,0.0,0.0,0.0,0.0,0.0,0.0,0.0,0.0,5.41499046939678,0.0,0.0,0.0,6.923737199690624,32.923251812739636,0.0,0.0,0.0,0.0,0.0,0.36979166666666674,0.0,0.0,4.270833333333334,8.609375,0.0,0.7142857142857143,7,0,0,0,0,0,0,0,0,0,0,0,0,0,0,0,0,2.608600000000001,34.26899999999999,0,0,0,0,0,0,0,0,0,0,0,0,0,0,0,0,0,0,0,0,0,0,0,0,0,0,2,0,0,0,0,0,0,0,0,0,0,0,0,0,0,0,0,0,0,0,0,0,0,0,0,0,0,0,0,0,0,0,0,0,0,0,0,0,0,0,0,0,0,0,0,0,0,0,0,0,0,0,0,0,0,0,0,0,0
2-Ethyl-3-methyl-1-butene,CCC(=C)C(C)C,7357-93-9,Not biofuel,3.872685185185185,0.6712962962962961,3.872685185185185,0.6712962962962961,0.4655855089049589,98.18899999999998,84.07699999999998,98.109550448,42,0,-0.026291674949697367,-0.09961245791774634,0.09961245791774634,0.026291674949697367,1.5714285714285714,2.0,2.0,13.988412057035944,10.037610180509434,1.926059674408246,-2.025173125221276,2.081324862499625,-1.8748059830552715,4.947291376005081,0.7362421425898961,3.3530759537985286,60.438561897747256,5.8618073195657985,5.49156383156272,5.49156383156272,3.1807392125526213,2.8575892353471595,2.8575892353471595,2.1665022194363885,2.1665022194363885,1.2706207261596576,1.2706207261596576,0.408248290463863,0.408248290463863,-0.26,27.977093296928835,6.74,2.838891422835457,2.436864111498258,46.23930068202494,0.0,0.0,0.0,0.0,0.0,0.0,0.0,0.0,0.0,0.0,32.923251812739636,12.338727669087403,0.0,0.0,0.0,0.0,0.0,0.0,5.917906046161393,27.19203322199788,0.0,12.152040213667764,0.0,0.0,0.0,0.0,0.0,0.0,0.0,0.0,5.917906046161393,27.19203322199788,12.152040213667764,0.0,0.0,0.0,0.0,0.0,0.0,0.0,0.0,5.917906046161393,6.4208216229260096,5.573104530069267,0.0,0.0,27.35014728267037,0.0,0.0,0.0,0.0,0.0,1.3472222222222223,0.6712962962962961,0.0,1.1226851851851851,10.358796296296298,0.0,0.7142857142857143,7,0,0,0,0,0,0,0,0,0,0,0,2,0,0,0,0,2.608600000000001,34.26899999999999,0,0,0,0,0,0,0,0,0,0,0,0,0,0,0,0,0,0,0,0,0,0,0,0,0,0,1,0,0,0,0,0,0,0,0,0,0,0,0,0,0,0,0,0,0,0,0,0,0,0,0,0,0,0,0,0,0,0,0,0,0,0,0,0,0,0,0,0,0,0,0,0,0,0,0,0,0,0,0,0,0,0,0,0,0
"2,3,3-Trimethyl-1-butene",CC(=C)C(C)(C)C,594-56-9,Not biofuel,3.826388888888889,0.3055555555555556,3.826388888888889,0.3055555555555556,0.4084245846298181,98.189,84.07699999999998,98.109550448,42,0,-0.01784494072198475,-0.09961070977725575,0.09961070977725575,0.01784494072198475,1.2857142857142858,1.4285714285714286,1.4285714285714286,14.134996202926752,9.890973299391232,2.0798956663062915,-2.1646094836177756,2.21092701983949,-2.0369305151050128,4.994326597102938,0.5059515902243409,3.7911184170869663,72.52932501298082,6.077350269189626,5.707106781186548,5.707106781186548,2.9433756729740645,2.603553390593274,2.603553390593274,3.0303300858899105,3.0303300858899105,1.2803300858899105,1.2803300858899105,0.0,0.0,-0.26,17.086166327180322,6.74,1.68828480015081,2.436864111498258,46.23930068202494,0.0,0.0,0.0,0.0,0.0,0.0,0.0,0.0,0.0,0.0,32.923251812739636,12.338727669087405,0.0,0.0,0.0,0.0,0.0,0.0,5.41499046939678,27.694948798762496,0.0,12.152040213667764,0.0,0.0,0.0,0.0,0.0,0.0,0.0,0.0,5.41499046939678,27.694948798762496,12.152040213667764,0.0,0.0,0.0,0.0,0.0,0.0,0.0,0.0,5.41499046939678,0.0,5.573104530069267,0.0,0.0,34.273884482361,0.0,0.0,0.0,0.0,0.0,1.5486111111111114,0.0,0.0,0.0,12.368055555555557,0.0,0.7142857142857143,7,0,0,0,0,0,0,0,0,0,0,0,0,0,0,0,0,2.608600000000001,34.26899999999999,0,0,0,0,0,0,0,0,0,0,0,0,0,0,0,0,0,0,0,0,0,0,0,0,0,0,1,0,0,0,0,0,0,0,0,0,0,0,0,0,0,0,0,0,0,0,0,0,0,0,0,0,0,0,0,0,0,0,0,0,0,0,0,0,0,0,0,0,0,0,0,0,0,0,0,0,0,0,0,0,0,0,0,0,0
2-Methyl-1-heptene,CCCCCC(C)=C,15870-10-7  ,Not biofuel,3.826935941043084,1.2161111111111111,3.826935941043084,1.2161111111111111,0.3868985709366228,112.216,96.08799999999998,112.12520051199999,48,0,-0.03257709874351578,-0.10014093190493478,0.10014093190493478,0.03257709874351578,1.375,2.0,2.375,13.904680082698578,10.122365088203392,1.8395905404278947,-1.9430804797119534,2.0402070414818665,-1.7421599030402297,4.86346422670691,0.7141950561298117,2.822354554248032,62.43856189774725,6.405777393935816,6.035533905932738,6.035533905932738,3.770055610029662,3.414213562373095,3.414213562373095,2.414213562373095,2.414213562373095,1.2071067811865472,1.2071067811865472,0.6767766952966368,0.6767766952966368,-0.26,48.27551104108667,7.739999999999999,4.888367952522255,5.740000000000001,52.604242796421545,0.0,0.0,0.0,0.0,0.0,0.0,0.0,0.0,0.0,6.578935683598497,25.338484975611912,19.765380445542643,0.0,0.0,0.0,0.0,0.0,0.0,0.0,39.53076089108528,0.0,12.152040213667764,0.0,0.0,0.0,0.0,0.0,0.0,0.0,0.0,0.0,39.53076089108528,12.152040213667764,0.0,0.0,0.0,0.0,0.0,0.0,0.0,0.0,0.0,0.0,31.256391021773304,0.0,0.0,20.426410082979746,0.0,0.0,0.0,0.0,0.0,1.3180092592592594,0.0,0.0,5.2081481481481475,8.14050925925926,0.0,0.75,8,0,0,0,0,0,0,0,0,0,0,0,4,0,0,0,0,3.142800000000002,38.955999999999996,0,0,0,0,0,0,0,0,0,0,0,0,0,0,0,0,0,0,0,0,0,0,0,0,0,0,1,0,0,0,0,0,0,0,0,0,0,0,0,0,0,0,0,0,0,0,0,0,0,0,0,0,0,0,0,0,0,0,0,0,0,0,0,0,0,0,0,0,0,0,0,0,0,0,0,0,0,0,0,0,0,0,0,1,0
4-Methyl-1-heptene,CCCC(C)CC=C,13151-05-8  ,Not biofuel,3.682908163265306,0.8449074074074072,3.682908163265306,0.8449074074074072,0.49030798944753784,112.216,96.08799999999998,112.12520051199999,48,0,-0.03275332047979631,-0.10307283111360123,0.10307283111360123,0.03275332047979631,1.625,2.25,2.625,13.996865039610896,10.029705673699608,1.9371895171733435,-2.030167585440161,2.082869928816,-1.8887507370945436,4.691432400279539,0.5323421478407793,3.034785095473665,55.058650025961626,6.405777393935816,5.983127663125442,5.983127663125442,3.808060412490447,3.4174502122316257,3.4174502122316257,2.4182242451076803,2.4182242451076803,1.3505100081504064,1.3505100081504064,0.8951682068889268,0.8951682068889268,-0.26,50.25226450504587,7.739999999999999,4.888367952522255,3.914216027874565,52.604242796421545,0.0,0.0,0.0,0.0,0.0,0.0,0.0,0.0,0.0,6.578935683598497,32.76513775206715,12.338727669087403,0.0,0.0,0.0,0.0,0.0,0.0,5.917906046161393,33.10993926815928,0.0,12.654955790432378,0.0,0.0,0.0,0.0,0.0,0.0,0.0,0.0,5.917906046161393,33.10993926815928,12.654955790432378,0.0,0.0,0.0,0.0,0.0,0.0,0.0,0.0,0.0,5.917906046161393,19.26246486877803,0.0,6.076020106833881,20.426410082979746,0.0,0.0,0.0,0.0,0.0,0.0,0.8449074074074072,0.0,5.8146759259259255,8.17375,0.0,0.75,8,0,0,0,0,0,0,0,0,0,0,0,4,0,0,0,0,2.9987000000000013,38.885999999999996,0,0,0,0,0,0,0,0,0,0,0,0,0,0,0,0,0,0,0,0,0,0,0,0,0,0,1,0,0,0,0,0,0,0,0,0,0,0,0,0,0,0,0,0,0,0,0,0,0,0,0,0,0,0,0,0,0,0,0,0,0,0,0,0,0,0,0,0,0,0,0,0,0,0,0,0,0,0,0,0,0,0,0,0,0
5-Methyl-1-heptene,CCC(C)CCC=C,13151-04-7  ,Not biofuel,3.666935941043084,0.8824074074074073,3.666935941043084,0.8824074074074073,0.49030798944753784,112.216,96.08799999999998,112.12520051199999,48,0,-0.0350878000467139,-0.10308280633147306,0.10308280633147306,0.0350878000467139,1.625,2.25,2.625,13.991986087971155,10.034511502733336,1.9311601401655472,-2.0264295582790006,2.078484453668994,-1.8838584727850929,4.66661155333887,0.5217945027485345,2.971287457491936,55.058650025961626,6.405777393935816,5.983127663125442,5.983127663125442,3.808060412490447,3.4174502122316257,3.4174502122316257,2.379445409770841,2.379445409770841,1.5605135167840185,1.5605135167840185,0.606493072294114,0.606493072294114,-0.26,56.62563225878344,7.739999999999999,4.888367952522255,3.914216027874565,52.604242796421545,0.0,0.0,0.0,0.0,0.0,0.0,0.0,0.0,0.0,6.578935683598497,26.344316129141138,18.75954929201341,0.0,0.0,0.0,0.0,0.0,0.0,5.917906046161393,33.10993926815928,0.0,12.654955790432378,0.0,0.0,0.0,0.0,0.0,0.0,0.0,0.0,5.917906046161393,33.10993926815928,12.654955790432378,0.0,0.0,0.0,0.0,0.0,0.0,0.0,0.0,0.0,5.917906046161393,19.26246486877803,0.0,6.076020106833881,20.426410082979746,0.0,0.0,0.0,0.0,0.0,0.0,0.8824074074074073,0.0,5.772824074074075,8.178101851851853,0.0,0.75,8,0,0,0,0,0,0,0,0,0,0,0,4,0,0,0,0,2.9987000000000013,38.885999999999996,0,0,0,0,0,0,0,0,0,0,0,0,0,0,0,0,0,0,0,0,0,0,0,0,0,0,1,0,0,0,0,0,0,0,0,0,0,0,0,0,0,0,0,0,0,0,0,0,0,0,0,0,0,0,0,0,0,0,0,0,0,0,0,0,0,0,0,0,0,0,0,0,0,0,0,0,0,0,0,0,0,0,0,0,0
6-Methyl-1-heptene,CC(C)CCCC=C,5026-76-6  ,Not biofuel,3.657529289493575,0.856435185185185,3.657529289493575,0.856435185185185,0.387160579619291,112.216,96.08799999999998,112.12520051199999,48,0,-0.03533150085718254,-0.10308297756671253,0.10308297756671253,0.03533150085718254,1.5,2.125,2.5,13.953580464056428,10.07310991391592,1.8911087119024617,-1.9894531613311006,2.048009309471548,-1.839446875958579,4.6517544382299985,0.5598372742495199,2.814002148389726,53.05865002596163,6.405777393935816,5.983127663125442,5.983127663125442,3.770055610029662,3.379445409770841,3.379445409770841,2.613425644495064,2.613425644495064,1.1897227048854202,1.1897227048854202,0.6704369879590273,0.6704369879590273,-0.26,48.27551104108667,7.739999999999999,4.888367952522255,5.740000000000001,52.604242796421545,0.0,0.0,0.0,0.0,0.0,0.0,0.0,0.0,0.0,6.578935683598497,26.344316129141138,18.75954929201341,0.0,0.0,0.0,0.0,0.0,0.0,5.917906046161393,33.10993926815928,0.0,12.654955790432378,0.0,0.0,0.0,0.0,0.0,0.0,0.0,0.0,5.917906046161393,33.10993926815928,12.654955790432378,0.0,0.0,0.0,0.0,0.0,0.0,0.0,0.0,0.0,5.917906046161393,19.26246486877803,0.0,6.076020106833881,20.426410082979746,0.0,0.0,0.0,0.0,0.0,0.0,0.856435185185185,0.0,5.81324074074074,8.163657407407406,0.0,0.75,8,0,0,0,0,0,0,0,0,0,0,0,4,0,0,0,0,2.9987000000000013,38.885999999999996,0,0,0,0,0,0,0,0,0,0,0,0,0,0,0,0,0,0,0,0,0,0,0,0,0,0,1,0,0,0,0,0,0,0,0,0,0,0,0,0,0,0,0,0,0,0,0,0,0,0,0,0,0,0,0,0,0,0,0,0,0,0,0,0,0,0,0,0,0,0,0,0,0,0,0,0,0,0,0,0,0,0,0,1,0
2-methyl-2-heptene,CCCCC=C(C)C,627-97-4  ,Not biofuel,2.295138888888889,1.2627314814814814,2.295138888888889,1.2627314814814814,0.38840507655135165,112.21599999999998,96.08799999999998,112.12520051199999,48,0,-0.03483567487993982,-0.08588902904693307,0.08588902904693307,0.03483567487993982,1.375,2.0,2.375,13.843115804034596,10.184245326326662,1.7741882557334507,-1.8852565311638227,1.979827278892049,-1.6791284668468232,4.9175234235931935,0.8106156599679443,3.031321285620807,66.10749561002055,6.405777393935816,6.198670612749268,6.198670612749268,3.770055610029662,3.4040302062452237,3.4040302062452237,2.423702939609644,2.423702939609644,1.1102633935864747,1.1102633935864747,0.5948613524427101,0.5948613524427101,-0.26,48.27551104108667,7.739999999999999,4.888367952522255,5.740000000000001,52.60424279642154,0.0,0.0,0.0,0.0,0.0,0.0,0.0,0.0,0.0,0.0,31.414505082445793,20.268296022307258,0.0,0.0,0.0,0.0,0.0,0.0,0.0,40.0336764678499,0.0,11.64912463690315,0.0,0.0,0.0,0.0,0.0,0.0,0.0,0.0,0.0,40.0336764678499,11.64912463690315,0.0,0.0,0.0,0.0,0.0,0.0,0.0,0.0,0.0,0.0,24.835569398847298,0.0,0.0,26.847231705905752,0.0,0.0,0.0,0.0,0.0,1.4430092592592594,0.0,0.0,6.205648148148148,6.5180092592592604,0.0,0.75,8,0,0,0,0,0,0,0,0,0,0,0,3,0,0,0,0,3.142800000000002,38.956,0,0,0,0,0,0,0,0,0,0,0,0,0,0,0,0,0,0,0,0,0,0,0,0,0,0,2,0,0,0,0,0,0,0,0,0,0,0,0,0,0,0,0,0,0,0,0,0,0,0,0,0,0,0,0,0,0,0,0,0,0,0,0,0,0,0,0,0,0,0,0,0,0,0,0,0,0,0,0,0,0,0,0,1,0
3-methyl-2-heptene,CCCCC(C)=CC,3404-75-9  ,Not biofuel,2.225138888888889,1.2847222222222223,2.225138888888889,1.2847222222222223,0.4918840455357695,112.21599999999998,96.08799999999998,112.12520051199999,48,0,-0.032328947410897,-0.08873462051160126,0.08873462051160126,0.032328947410897,1.5,2.125,2.5,13.900388256489762,10.126492092499435,1.8336459088162027,-1.9407088290983328,2.0371437846672538,-1.736808505040895,4.940268295792346,0.786137568360313,3.1166532569232483,70.10749561002055,6.405777393935816,6.198670612749268,6.198670612749268,3.808060412490447,3.42668557556426,3.42668557556426,2.2385811956081048,2.2385811956081048,1.4174669330140612,1.4174669330140612,0.5999530305066458,0.5999530305066458,-0.26,56.62563225878344,7.739999999999999,4.888367952522255,3.914216027874565,52.60424279642154,0.0,0.0,0.0,0.0,0.0,0.0,0.0,0.0,0.0,0.0,24.99368345951978,26.689117645233267,0.0,0.0,0.0,0.0,0.0,0.0,0.0,40.0336764678499,0.0,11.64912463690315,0.0,0.0,0.0,0.0,0.0,0.0,0.0,0.0,0.0,40.0336764678499,11.64912463690315,0.0,0.0,0.0,0.0,0.0,0.0,0.0,0.0,0.0,0.0,24.835569398847298,0.0,0.0,26.847231705905752,0.0,0.0,0.0,0.0,0.0,1.5202314814814817,0.0,0.0,6.128981481481482,6.517453703703704,0.0,0.75,8,0,0,0,0,0,0,0,0,0,0,0,3,0,0,0,0,3.142800000000002,38.955999999999996,0,0,0,0,0,0,0,0,0,0,0,0,0,0,0,0,0,0,0,0,0,0,0,0,0,0,2,0,0,0,0,0,0,0,0,0,0,0,0,0,0,0,0,0,0,0,0,0,0,0,0,0,0,0,0,0,0,0,0,0,0,0,0,0,0,0,0,0,0,0,0,0,0,0,0,0,0,0,0,0,0,0,0,0,0
4-methyl-2-heptene,CCCC(C)C=CC,3404-56-6,Not biofuel,2.2534722222222223,0.7824074074074072,2.2534722222222223,0.7824074074074072,0.4922171506451638,112.21599999999998,96.08799999999998,112.12520051199999,48,0,-0.026216952373703164,-0.09139539822555129,0.09139539822555129,0.026216952373703164,1.5,2.125,2.5,13.958887109603381,10.067658866186257,1.8987514862179526,-1.9929120526454982,2.04527194971449,-1.8506996421789967,4.815589923894764,0.6333570788683763,3.1749677577829245,62.43856189774725,6.405777393935816,6.146264369941973,6.146264369941973,3.808060412490447,3.436722276696329,3.436722276696329,2.291742441850734,2.291742441850734,1.2649998788039976,1.2649998788039976,0.8800996993442468,0.8800996993442468,-0.26,50.25226450504587,7.739999999999999,4.888367952522255,3.914216027874565,52.60424279642154,0.0,0.0,0.0,0.0,0.0,0.0,0.0,0.0,0.0,0.0,32.42033623597502,19.262464868778025,0.0,0.0,0.0,0.0,0.0,0.0,5.917906046161393,33.61285484492389,0.0,12.152040213667762,0.0,0.0,0.0,0.0,0.0,0.0,0.0,0.0,5.917906046161393,33.61285484492389,12.152040213667762,0.0,0.0,0.0,0.0,0.0,0.0,0.0,0.0,0.0,5.917906046161393,12.841643245852019,0.0,0.0,32.923251812739636,0.0,0.0,0.0,0.0,0.0,0.0,0.7824074074074072,0.0,6.999675925925926,6.55125,0.0,0.75,8,0,0,0,0,0,0,0,0,0,0,0,3,0,0,0,0,2.9987000000000013,38.886,0,0,0,0,0,0,0,0,0,0,0,0,0,0,0,0,0,0,0,0,0,0,0,0,0,0,2,0,0,0,0,0,0,0,0,0,0,0,0,0,0,0,0,0,0,0,0,0,0,0,0,0,0,0,0,0,0,0,0,0,0,0,0,0,0,0,0,0,0,0,0,0,0,0,0,0,0,0,0,0,0,0,0,0,0
5-methyl-2-heptene,CCC(C)CC=CC,22487-87-2  ,Not biofuel,2.2777777777777777,0.8668518518518518,2.2777777777777777,0.8668518518518518,0.4922171506451638,112.21599999999998,96.08799999999998,112.12520051199999,48,0,-0.03250579714802279,-0.0916540539851856,0.0916540539851856,0.03250579714802279,1.5,2.125,2.5,13.969020697199534,10.05727055721024,1.908699067502931,-2.0033193467843247,2.0525403139973446,-1.8638607221936119,4.7773601084179615,0.5715516398213476,3.1023796763230522,62.43856189774725,6.405777393935816,6.146264369941973,6.146264369941973,3.808060412490447,3.419885524290722,3.419885524290722,2.318157860110767,2.318157860110767,1.4710773760043285,1.4710773760043285,0.5350572385075131,0.5350572385075131,-0.26,56.62563225878344,7.739999999999999,4.888367952522255,3.914216027874565,52.60424279642154,0.0,0.0,0.0,0.0,0.0,0.0,0.0,0.0,0.0,0.0,32.42033623597502,19.262464868778025,0.0,0.0,0.0,0.0,0.0,0.0,5.917906046161393,33.61285484492389,0.0,12.152040213667762,0.0,0.0,0.0,0.0,0.0,0.0,0.0,0.0,5.917906046161393,33.61285484492389,12.152040213667762,0.0,0.0,0.0,0.0,0.0,0.0,0.0,0.0,0.0,5.917906046161393,12.841643245852019,0.0,0.0,32.923251812739636,0.0,0.0,0.0,0.0,0.0,0.0,0.8668518518518518,0.0,6.886574074074074,6.579907407407407,0.0,0.75,8,0,0,0,0,0,0,0,0,0,0,0,3,0,0,0,0,2.9987000000000013,38.886,0,0,0,0,0,0,0,0,0,0,0,0,0,0,0,0,0,0,0,0,0,0,0,0,0,0,2,0,0,0,0,0,0,0,0,0,0,0,0,0,0,0,0,0,0,0,0,0,0,0,0,0,0,0,0,0,0,0,0,0,0,0,0,0,0,0,0,0,0,0,0,0,0,0,0,0,0,0,0,0,0,0,0,0,0
6-methyl-2-heptene,CC=CCCC(C)C,73548-72-8,Not biofuel,2.2534722222222223,0.8529629629629628,2.2534722222222223,0.8529629629629628,0.49221715064516386,112.216,96.08799999999998,112.12520051199999,48,0,-0.03484025825056057,-0.09166402826752292,0.09166402826752292,0.03484025825056057,1.375,2.0,2.375,13.934325234669656,10.09211160070183,1.8720094787915245,-1.9703879397049917,2.0243062617268732,-1.8244791351680842,4.760289666079808,0.593976302525701,2.9308834666575563,60.438561897747256,6.405777393935816,6.146264369941973,6.146264369941973,3.770055610029662,3.381880721829937,3.381880721829937,2.540232713035827,2.540232713035827,1.1463858629184749,1.1463858629184749,0.5962250448649378,0.5962250448649378,-0.26,48.27551104108667,7.739999999999999,4.888367952522255,5.740000000000001,52.60424279642154,0.0,0.0,0.0,0.0,0.0,0.0,0.0,0.0,0.0,0.0,25.999514613049012,25.683286491704038,0.0,0.0,0.0,0.0,0.0,0.0,5.917906046161393,33.61285484492389,0.0,12.152040213667762,0.0,0.0,0.0,0.0,0.0,0.0,0.0,0.0,5.917906046161393,33.61285484492389,12.152040213667762,0.0,0.0,0.0,0.0,0.0,0.0,0.0,0.0,0.0,5.917906046161393,12.841643245852019,0.0,0.0,32.923251812739636,0.0,0.0,0.0,0.0,0.0,0.0,0.8529629629629628,0.0,6.903657407407406,6.576712962962963,0.0,0.75,8,0,0,0,0,0,0,0,0,0,0,0,3,0,0,0,0,2.9987000000000013,38.886,0,0,0,0,0,0,0,0,0,0,0,0,0,0,0,0,0,0,0,0,0,0,0,0,0,0,2,0,0,0,0,0,0,0,0,0,0,0,0,0,0,0,0,0,0,0,0,0,0,0,0,0,0,0,0,0,0,0,0,0,0,0,0,0,0,0,0,0,0,0,0,0,0,0,0,0,0,0,0,0,0,0,0,0,0
2-methyl-3-heptene,CCCC=CC(C)C,17618-76-7,Not biofuel,2.2546296296296298,0.7236574074074072,2.2546296296296298,0.7236574074074072,0.4922171506451638,112.21599999999998,96.08799999999998,112.12520051199999,48,0,-0.029042476215539025,-0.08829110396139932,0.08829110396139932,0.029042476215539025,1.375,2.0,2.375,13.862862810350673,10.164299207013789,1.796984060055883,-1.902164278865284,1.9572730160191905,-1.7516944339657998,4.829469094014241,0.8189684598573663,3.0656592417135116,60.438561897747256,6.405777393935816,6.146264369941973,6.146264369941973,3.770055610029662,3.436722276696329,3.436722276696329,2.4608444205764965,2.4608444205764965,0.9763247442091846,0.9763247442091846,0.5350572385075131,0.5350572385075131,-0.26,48.27551104108667,7.739999999999999,4.888367952522255,5.740000000000001,52.60424279642154,0.0,0.0,0.0,0.0,0.0,0.0,0.0,0.0,0.0,0.0,39.344073435665635,12.338727669087403,0.0,0.0,0.0,0.0,0.0,0.0,5.917906046161393,33.61285484492389,0.0,12.152040213667762,0.0,0.0,0.0,0.0,0.0,0.0,0.0,0.0,5.917906046161393,33.61285484492389,12.152040213667762,0.0,0.0,0.0,0.0,0.0,0.0,0.0,0.0,0.0,5.917906046161393,12.841643245852019,0.0,0.0,32.923251812739636,0.0,0.0,0.0,0.0,0.0,0.0,0.7236574074074072,0.0,7.009490740740741,6.600185185185184,0.0,0.75,8,0,0,0,0,0,0,0,0,0,0,0,3,0,0,0,0,2.9987000000000013,38.886,0,0,0,0,0,0,0,0,0,0,0,0,0,0,0,0,0,0,0,0,0,0,0,0,0,0,2,0,0,0,0,0,0,0,0,0,0,0,0,0,0,0,0,0,0,0,0,0,0,0,0,0,0,0,0,0,0,0,0,0,0,0,0,0,0,0,0,0,0,0,0,0,0,0,0,0,0,0,0,0,0,0,0,0,0
3-methyl-3-heptene,CCCC=C(C)CC,7300-03-0,Not biofuel,2.3194444444444446,1.2083333333333333,2.3194444444444446,1.2083333333333333,0.4918840455357696,112.216,96.08799999999998,112.12520051199999,48,0,-0.035078046576829024,-0.08563091765747696,0.08563091765747696,0.035078046576829024,1.375,2.0,2.375,13.86298052562536,10.164227463272132,1.7923566985997257,-1.90680998000663,2.001046427348728,-1.697731067252486,4.953685380446265,0.9336689652337853,3.255713678443116,70.10749561002055,6.405777393935816,6.198670612749268,6.198670612749268,3.808060412490447,3.4646903780250446,3.4646903780250446,2.1927053408400363,2.1927053408400363,1.3391519502467624,1.3391519502467624,0.535074774508185,0.535074774508185,-0.26,56.62563225878344,7.739999999999999,4.888367952522255,3.914216027874565,52.60424279642155,0.0,0.0,0.0,0.0,0.0,0.0,0.0,0.0,0.0,0.0,31.917420659210403,19.765380445542643,0.0,0.0,0.0,0.0,0.0,0.0,0.0,40.0336764678499,0.0,11.64912463690315,0.0,0.0,0.0,0.0,0.0,0.0,0.0,0.0,0.0,40.0336764678499,11.64912463690315,0.0,0.0,0.0,0.0,0.0,0.0,0.0,0.0,0.0,0.0,24.835569398847294,0.0,0.0,26.847231705905752,0.0,0.0,0.0,0.0,0.0,1.5202314814814817,0.0,0.0,6.0525925925925925,6.593842592592593,0.0,0.75,8,0,0,0,0,0,0,0,0,0,0,0,3,0,0,0,0,3.142800000000002,38.956,0,0,0,0,0,0,0,0,0,0,0,0,0,0,0,0,0,0,0,0,0,0,0,0,0,0,2,0,0,0,0,0,0,0,0,0,0,0,0,0,0,0,0,0,0,0,0,0,0,0,0,0,0,0,0,0,0,0,0,0,0,0,0,0,0,0,0,0,0,0,0,0,0,0,0,0,0,0,0,0,0,0,0,0,0
4-methyl-3-heptene,CCCC(C)=CCC,4485-16-9,Not biofuel,2.295138888888889,1.1863425925925926,2.295138888888889,1.1863425925925926,0.4918840455357695,112.21599999999998,96.08799999999998,112.12520051199999,48,0,-0.03257129794546745,-0.08588469489087815,0.08588469489087815,0.03257129794546745,1.375,2.0,2.375,13.885771512952271,10.141235496709479,1.8168837550323083,-1.9280907835572958,2.0234950882817344,-1.7210769226686369,4.957731354285799,0.8959461213202023,3.290392719787625,70.10749561002055,6.405777393935816,6.198670612749268,6.198670612749268,3.808060412490447,3.4646903780250446,3.4646903780250446,2.2087251061158124,2.2087251061158124,1.1969234250586758,1.1969234250586758,0.84486135244271,0.84486135244271,-0.26,50.25226450504587,7.739999999999999,4.888367952522255,3.914216027874565,52.60424279642155,0.0,0.0,0.0,0.0,0.0,0.0,0.0,0.0,0.0,0.0,31.917420659210403,19.765380445542643,0.0,0.0,0.0,0.0,0.0,0.0,0.0,40.0336764678499,0.0,11.64912463690315,0.0,0.0,0.0,0.0,0.0,0.0,0.0,0.0,0.0,40.0336764678499,11.64912463690315,0.0,0.0,0.0,0.0,0.0,0.0,0.0,0.0,0.0,0.0,24.835569398847294,0.0,0.0,26.847231705905752,0.0,0.0,0.0,0.0,0.0,1.5370370370370372,0.0,0.0,6.03324074074074,6.596388888888889,0.0,0.75,8,0,0,0,0,0,0,0,0,0,0,0,3,0,0,0,0,3.142800000000002,38.956,0,0,0,0,0,0,0,0,0,0,0,0,0,0,0,0,0,0,0,0,0,0,0,0,0,0,2,0,0,0,0,0,0,0,0,0,0,0,0,0,0,0,0,0,0,0,0,0,0,0,0,0,0,0,0,0,0,0,0,0,0,0,0,0,0,0,0,0,0,0,0,0,0,0,0,0,0,0,0,0,0,0,0,0,0
5-methyl-3-heptene,CCC=CC(C)CC,13172-91-3  ,Not biofuel,2.2777777777777777,0.7731018518518517,2.2777777777777777,0.7731018518518517,0.49221715064516386,112.216,96.08799999999998,112.12520051199999,48,0,-0.02645902087538153,-0.08854488980071154,0.08854488980071154,0.02645902087538153,1.375,2.0,2.375,13.926828125918842,10.099639237588631,1.865132573102517,-1.9625974838229723,2.010726635620169,-1.8217311379583456,4.836799129499854,0.6954602784500763,3.2104939645977075,62.43856189774725,6.405777393935816,6.146264369941973,6.146264369941973,3.808060412490447,3.474727079157114,3.474727079157114,2.2219328152458298,2.2219328152458298,1.344268427960679,1.344268427960679,0.5044733353288008,0.5044733353288008,-0.26,56.62563225878344,7.739999999999999,4.888367952522255,3.914216027874565,52.60424279642154,0.0,0.0,0.0,0.0,0.0,0.0,0.0,0.0,0.0,0.0,39.344073435665635,12.338727669087403,0.0,0.0,0.0,0.0,0.0,0.0,5.917906046161393,33.61285484492389,0.0,12.152040213667762,0.0,0.0,0.0,0.0,0.0,0.0,0.0,0.0,5.917906046161393,33.61285484492389,12.152040213667762,0.0,0.0,0.0,0.0,0.0,0.0,0.0,0.0,0.0,5.917906046161393,12.841643245852019,0.0,0.0,32.923251812739636,0.0,0.0,0.0,0.0,0.0,0.0,0.7731018518518517,0.0,6.939490740740741,6.62074074074074,0.0,0.75,8,0,0,0,0,0,0,0,0,0,0,0,3,0,0,0,0,2.9987000000000013,38.886,0,0,0,0,0,0,0,0,0,0,0,0,0,0,0,0,0,0,0,0,0,0,0,0,0,0,2,0,0,0,0,0,0,0,0,0,0,0,0,0,0,0,0,0,0,0,0,0,0,0,0,0,0,0,0,0,0,0,0,0,0,0,0,0,0,0,0,0,0,0,0,0,0,0,0,0,0,0,0,0,0,0,0,0,0
"2,3-Dimethyl-1-hexene",CCCC(C)C(C)=C,16746-86-4,Not biofuel,3.8736574074074075,0.722222222222222,3.8736574074074075,0.722222222222222,0.49221715064516386,112.216,96.08799999999998,112.12520051199999,48,0,-0.023722646169555654,-0.09987116570350742,0.09987116570350742,0.023722646169555654,1.625,2.125,2.25,14.03145678002669,9.995191647669875,1.9718459967728563,-2.0648594656570896,2.120023686689106,-1.9204901819849283,4.925829041147899,0.6033841384975303,3.3180871972839956,72.10749561002055,6.568914100752346,6.198670612749268,6.198670612749268,3.6807392125526213,3.3349338660281234,3.3349338660281234,2.5360753753054386,2.5360753753054386,1.5629488288431144,1.5629488288431144,0.6794123418055915,0.6794123418055915,-0.26,45.11498676384928,7.739999999999999,3.7068222395822903,2.838891422835457,52.604242796421545,0.0,0.0,0.0,0.0,0.0,0.0,0.0,0.0,0.0,0.0,32.42033623597502,19.262464868778025,0.0,0.0,0.0,0.0,0.0,0.0,5.917906046161393,33.61285484492389,0.0,12.152040213667764,0.0,0.0,0.0,0.0,0.0,0.0,0.0,0.0,5.917906046161393,33.61285484492389,12.152040213667764,0.0,0.0,0.0,0.0,0.0,0.0,0.0,0.0,0.0,5.917906046161393,18.414747775921285,0.0,0.0,27.35014728267037,0.0,0.0,0.0,0.0,0.0,1.3118981481481482,0.722222222222222,0.0,2.5588888888888888,10.40699074074074,0.0,0.75,8,0,0,0,0,0,0,0,0,0,0,0,3,0,0,0,0,2.9987000000000013,38.885999999999996,0,0,0,0,0,0,0,0,0,0,0,0,0,0,0,0,0,0,0,0,0,0,0,0,0,0,1,0,0,0,0,0,0,0,0,0,0,0,0,0,0,0,0,0,0,0,0,0,0,0,0,0,0,0,0,0,0,0,0,0,0,0,0,0,0,0,0,0,0,0,0,0,0,0,0,0,0,0,0,0,0,0,0,0,0
"2,4-Dimethyl-1-hexene",CCC(C)CC(C)=C,16746-87-5,Not biofuel,3.843055555555556,0.8263888888888887,3.843055555555556,0.8263888888888887,0.49221715064516386,112.216,96.08799999999998,112.12520051199999,48,0,-0.029999834061784754,-0.10013074575997216,0.10013074575997216,0.029999834061784754,1.625,2.125,2.25,14.014685596434726,10.012133383329136,1.9542359384621981,-2.048640669522519,2.106019833940533,-1.9019973204737195,4.883638581451028,0.5579887337397664,3.2364267831001374,72.10749561002055,6.568914100752346,6.198670612749268,6.198670612749268,3.663902460147014,3.3080604124904474,3.3080604124904474,2.674650932404881,2.674650932404881,1.393846850117352,1.393846850117352,0.7391989197401165,0.7391989197401165,-0.26,42.84459140699416,7.739999999999999,3.7068222395822903,3.914216027874565,52.604242796421545,0.0,0.0,0.0,0.0,0.0,0.0,0.0,0.0,0.0,6.578935683598497,25.841400552376527,19.262464868778025,0.0,0.0,0.0,0.0,0.0,0.0,5.917906046161393,33.61285484492389,0.0,12.152040213667764,0.0,0.0,0.0,0.0,0.0,0.0,0.0,0.0,5.917906046161393,33.61285484492389,12.152040213667764,0.0,0.0,0.0,0.0,0.0,0.0,0.0,0.0,0.0,5.917906046161393,18.414747775921285,0.0,0.0,27.35014728267037,0.0,0.0,0.0,0.0,0.0,1.304953703703704,0.8263888888888887,0.0,2.461666666666667,10.406990740740742,0.0,0.75,8,0,0,0,0,0,0,0,0,0,0,0,3,0,0,0,0,2.9987000000000013,38.885999999999996,0,0,0,0,0,0,0,0,0,0,0,0,0,0,0,0,0,0,0,0,0,0,0,0,0,0,1,0,0,0,0,0,0,0,0,0,0,0,0,0,0,0,0,0,0,0,0,0,0,0,0,0,0,0,0,0,0,0,0,0,0,0,0,0,0,0,0,0,0,0,0,0,0,0,0,0,0,0,0,0,0,0,0,0,0
"2,5-Dimethyl-1-hexene",CC(C)CCC(C)=C,6975-92-4,Not biofuel,3.8270833333333334,0.8256481481481479,3.8270833333333334,0.8256481481481479,0.49221715064516386,112.216,96.08799999999998,112.12520051199999,48,0,-0.032333408748198164,-0.10014075990128464,0.10014075990128464,0.032333408748198164,1.5,2.0,2.125,13.973700495208966,10.053210522607449,1.9111766840653064,-2.0095754949765623,2.074228120131125,-1.8540503084397217,4.86833103546098,0.5850149120532593,3.0500782919131915,70.10749561002055,6.568914100752346,6.198670612749268,6.198670612749268,3.625897657686229,3.2700556100296625,3.2700556100296625,2.8896287658987125,2.8896287658987125,1.1484645317836688,1.1484645317836688,0.535074774508185,0.535074774508185,-0.26,40.339203954130696,7.739999999999999,3.7068222395822903,5.740000000000001,52.604242796421545,0.0,0.0,0.0,0.0,0.0,0.0,0.0,0.0,0.0,6.578935683598497,19.420578929450514,25.683286491704035,0.0,0.0,0.0,0.0,0.0,0.0,5.917906046161393,33.61285484492389,0.0,12.152040213667764,0.0,0.0,0.0,0.0,0.0,0.0,0.0,0.0,5.917906046161393,33.61285484492389,12.152040213667764,0.0,0.0,0.0,0.0,0.0,0.0,0.0,0.0,0.0,5.917906046161393,18.414747775921285,0.0,0.0,27.35014728267037,0.0,0.0,0.0,0.0,0.0,1.304351851851852,0.8256481481481479,0.0,2.479166666666667,10.390833333333333,0.0,0.75,8,0,0,0,0,0,0,0,0,0,0,0,3,0,0,0,0,2.9987000000000013,38.885999999999996,0,0,0,0,0,0,0,0,0,0,0,0,0,0,0,0,0,0,0,0,0,0,0,0,0,0,1,0,0,0,0,0,0,0,0,0,0,0,0,0,0,0,0,0,0,0,0,0,0,0,0,0,0,0,0,0,0,0,0,0,0,0,0,0,0,0,0,0,0,0,0,0,0,0,0,0,0,0,0,0,0,0,0,0,0
"3,4-Dimethyl-1-hexene",CCC(C)C(C)C=C,16745-94-1,Not biofuel,3.7296296296296294,0.6805555555555554,3.7296296296296294,0.6805555555555554,0.4923567372755357,112.21599999999998,96.08799999999998,112.12520051199999,48,0,-0.023898824700063364,-0.10280362101330093,0.10280362101330093,0.023898824700063364,1.5,2.0,2.125,14.085948045258753,9.940577856650302,2.0301160693097295,-2.1155557883527116,2.1349586566378633,-2.0148261338662845,4.775891925141276,0.44689944124283926,3.4410049622622325,64.43856189774723,6.568914100752346,6.146264369941973,6.146264369941973,3.718744015013406,3.344970567160192,3.344970567160192,2.4803511914486336,2.4803511914486336,1.9133040216895283,1.9133040216895283,0.6040928322363623,0.6040928322363623,-0.26,53.47276361405894,7.739999999999999,3.7068222395822903,2.1527155819962744,52.604242796421545,0.0,0.0,0.0,0.0,0.0,0.0,0.0,0.0,0.0,6.578935683598497,33.26805332883176,11.835812092322787,0.0,0.0,0.0,0.0,0.0,0.0,11.835812092322787,27.19203322199788,0.0,12.654955790432378,0.0,0.0,0.0,0.0,0.0,0.0,0.0,0.0,11.835812092322787,27.19203322199788,12.654955790432378,0.0,0.0,0.0,0.0,0.0,0.0,0.0,0.0,5.917906046161393,5.917906046161393,6.4208216229260096,0.0,6.076020106833881,27.35014728267037,0.0,0.0,0.0,0.0,0.0,0.0,1.4791666666666665,0.0,3.2791203703703706,10.408379629629628,0.0,0.75,8,0,0,0,0,0,0,0,0,0,0,0,3,0,0,0,0,2.8546000000000014,38.815999999999995,0,0,0,0,0,0,0,0,0,0,0,0,0,0,0,0,0,0,0,0,0,0,0,0,0,0,1,0,0,0,0,0,0,0,0,0,0,0,0,0,0,0,0,0,0,0,0,0,0,0,0,0,0,0,0,0,0,0,0,0,0,0,0,0,0,0,0,0,0,0,0,0,0,0,0,0,0,0,0,0,0,0,0,0,0
"3,5-Dimethyl-1-hexene",CC(C)CC(C)C=C,7423-69-0  ,Not biofuel,3.7136574074074074,0.6898148148148147,3.7136574074074074,0.6898148148148147,0.4923567372755357,112.21599999999998,96.08799999999998,112.12520051199999,48,0,-0.026220814057806623,-0.10281364198567834,0.10281364198567834,0.026220814057806623,1.375,1.875,2.0,14.032734835840584,9.994182153170607,1.9742766036172406,-2.064537843291306,2.0978046429689456,-1.943713814636653,4.746913619700126,0.5034920945396041,3.2299485261553795,62.43856189774725,6.568914100752346,6.146264369941973,6.146264369941973,3.663902460147014,3.2901290122938,3.2901290122938,2.842535255101096,2.842535255101096,1.2455584717366845,1.2455584717366845,0.8397950926318781,0.8397950926318781,-0.26,42.84459140699416,7.739999999999999,3.7068222395822903,3.914216027874565,52.604242796421545,0.0,0.0,0.0,0.0,0.0,0.0,0.0,0.0,0.0,6.578935683598497,26.847231705905752,18.256633715248796,0.0,0.0,0.0,0.0,0.0,0.0,11.835812092322787,27.19203322199788,0.0,12.654955790432378,0.0,0.0,0.0,0.0,0.0,0.0,0.0,0.0,11.835812092322787,27.19203322199788,12.654955790432378,0.0,0.0,0.0,0.0,0.0,0.0,0.0,0.0,5.917906046161393,5.917906046161393,6.4208216229260096,0.0,6.076020106833881,27.35014728267037,0.0,0.0,0.0,0.0,0.0,0.0,1.4981481481481478,0.0,3.28125,10.387268518518518,0.0,0.75,8,0,0,0,0,0,0,0,0,0,0,0,3,0,0,0,0,2.8546000000000014,38.815999999999995,0,0,0,0,0,0,0,0,0,0,0,0,0,0,0,0,0,0,0,0,0,0,0,0,0,0,1,0,0,0,0,0,0,0,0,0,0,0,0,0,0,0,0,0,0,0,0,0,0,0,0,0,0,0,0,0,0,0,0,0,0,0,0,0,0,0,0,0,0,0,0,0,0,0,0,0,0,0,0,0,0,0,0,0,0
"4,5-Dimethyl-1-hexene",CC(C)C(C)CC=C,16106-59-5,Not biofuel,3.6830555555555557,0.7986111111111109,3.6830555555555557,0.7986111111111109,0.49235673727553575,112.216,96.08799999999998,112.12520051199999,48,0,-0.03250910002273503,-0.10307265891194571,0.10307265891194571,0.03250910002273503,1.375,1.875,2.0,14.076340798057569,9.950118142786918,2.0186452970704023,-2.107738503692386,2.125933907327243,-2.005411953148888,4.711629615680579,0.4241334650637693,3.3048980393548275,62.43856189774725,6.568914100752347,6.146264369941973,6.146264369941973,3.6807392125526213,3.2901290122938005,3.2901290122938005,2.7456782150393337,2.7456782150393337,1.6765228780078358,1.6765228780078358,0.5350572385075131,0.5350572385075131,-0.26,45.11498676384928,7.739999999999999,3.7068222395822903,2.838891422835457,52.604242796421545,0.0,0.0,0.0,0.0,0.0,0.0,0.0,0.0,0.0,6.578935683598497,26.847231705905752,18.256633715248796,0.0,0.0,0.0,0.0,0.0,0.0,11.835812092322787,27.19203322199788,0.0,12.654955790432378,0.0,0.0,0.0,0.0,0.0,0.0,0.0,0.0,11.835812092322787,27.19203322199788,12.654955790432378,0.0,0.0,0.0,0.0,0.0,0.0,0.0,0.0,0.0,18.256633715248796,0.0,0.0,6.076020106833881,27.35014728267037,0.0,0.0,0.0,0.0,0.0,0.0,1.5976851851851848,0.0,3.1412037037037037,10.427777777777777,0.0,0.75,8,0,0,0,0,0,0,0,0,0,0,0,3,0,0,0,0,2.8546000000000014,38.815999999999995,0,0,0,0,0,0,0,0,0,0,0,0,0,0,0,0,0,0,0,0,0,0,0,0,0,0,1,0,0,0,0,0,0,0,0,0,0,0,0,0,0,0,0,0,0,0,0,0,0,0,0,0,0,0,0,0,0,0,0,0,0,0,0,0,0,0,0,0,0,0,0,0,0,0,0,0,0,0,0,0,0,0,0,0,0
"3,3-Dimethyl-1-hexene",CCCC(C)(C)C=C,3404-77-1,Not biofuel,3.7509722222222224,0.3559027777777778,3.7509722222222224,0.3559027777777778,0.4922171506451638,112.21599999999998,96.08799999999998,112.12520051199999,48,0,-0.01776165493166111,-0.10254357971927021,0.10254357971927021,0.01776165493166111,1.5,2.0,2.125,14.14047598427273,9.886112008347814,2.087434169575684,-2.1673261190789237,2.2163530459586145,-2.04182339622084,4.859858347575661,0.43281993363571214,3.5321030869019476,70.10749561002055,6.621320343559643,6.198670612749268,6.198670612749268,3.6213203435596424,3.257583596838497,3.257583596838497,2.9427053408400363,2.9427053408400363,1.4469234250586758,1.4469234250586758,0.7463996399133721,0.7463996399133721,-0.26,41.8157298068742,7.739999999999999,2.9071056558917943,2.838891422835457,52.604242796421545,0.0,0.0,0.0,0.0,0.0,0.0,0.0,0.0,0.0,6.578935683598497,33.26805332883176,11.83581209232279,0.0,0.0,0.0,0.0,0.0,0.0,5.41499046939678,33.61285484492389,0.0,12.654955790432378,0.0,0.0,0.0,0.0,0.0,0.0,0.0,0.0,5.41499046939678,33.61285484492389,12.654955790432378,0.0,0.0,0.0,0.0,0.0,0.0,0.0,0.0,5.41499046939678,0.0,12.841643245852019,0.0,6.076020106833881,27.35014728267037,0.0,0.0,0.0,0.0,0.0,0.3559027777777778,0.0,0.0,4.519861111111111,10.374236111111111,0.0,0.75,8,0,0,0,0,0,0,0,0,0,0,0,3,0,0,0,0,2.9987000000000013,38.885999999999996,0,0,0,0,0,0,0,0,0,0,0,0,0,0,0,0,0,0,0,0,0,0,0,0,0,0,1,0,0,0,0,0,0,0,0,0,0,0,0,0,0,0,0,0,0,0,0,0,0,0,0,0,0,0,0,0,0,0,0,0,0,0,0,0,0,0,0,0,0,0,0,0,0,0,0,0,0,0,0,0,0,0,0,0,0
"4,4-Dimethyl-1-hexene",CCC(C)(C)CC=C,1647-08-1  ,Not biofuel,3.6938194444444443,0.47395833333333337,3.6938194444444443,0.47395833333333337,0.4922171506451638,112.21599999999998,96.08799999999998,112.12520051199999,48,0,-0.030184376738910505,-0.10306261378047364,0.10306261378047364,0.030184376738910505,1.5,2.0,2.125,14.15896338655403,9.867500457399508,2.104310710717968,-2.1873392717346096,2.2334227974109004,-2.061556112005997,4.773614583575883,0.356989710056485,3.5256248299571906,70.10749561002055,6.621320343559644,6.19867061274927,6.19867061274927,3.621320343559643,3.230710143300821,3.230710143300821,3.0105662327931135,3.0105662327931135,1.6540302062452237,1.6540302062452237,0.535074774508185,0.535074774508185,-0.26,41.8157298068742,7.739999999999999,2.9071056558917943,2.838891422835457,52.604242796421545,0.0,0.0,0.0,0.0,0.0,0.0,0.0,0.0,0.0,6.578935683598497,33.26805332883176,11.83581209232279,0.0,0.0,0.0,0.0,0.0,0.0,5.41499046939678,33.61285484492389,0.0,12.654955790432378,0.0,0.0,0.0,0.0,0.0,0.0,0.0,0.0,5.41499046939678,33.61285484492389,12.654955790432378,0.0,0.0,0.0,0.0,0.0,0.0,0.0,0.0,5.41499046939678,6.4208216229260096,6.4208216229260096,0.0,6.076020106833881,27.35014728267037,0.0,0.0,0.0,0.0,0.0,0.47395833333333337,0.0,0.0,4.353194444444444,10.422847222222224,0.0,0.75,8,0,0,0,0,0,0,0,0,0,0,0,3,0,0,0,0,2.9987000000000013,38.885999999999996,0,0,0,0,0,0,0,0,0,0,0,0,0,0,0,0,0,0,0,0,0,0,0,0,0,0,1,0,0,0,0,0,0,0,0,0,0,0,0,0,0,0,0,0,0,0,0,0,0,0,0,0,0,0,0,0,0,0,0,0,0,0,0,0,0,0,0,0,0,0,0,0,0,0,0,0,0,0,0,0,0,0,0,0,0
"5,5-Dimethyl-1-hexene",CC(C)(C)CCC=C,7116-86-1  ,Not biofuel,3.66375,0.48034722222222226,3.66375,0.48034722222222226,0.4816019169622866,112.216,96.08799999999998,112.12520051199999,48,0,-0.03484311643390575,-0.1030826336694071,0.1030826336694071,0.03484311643390575,1.375,1.875,2.0,14.119706090591405,9.906791827250013,2.0619950901306643,-2.1510018744886965,2.1950234643871873,-2.022231604870726,4.709002663664923,0.3814843175614083,3.239280745266341,64.59772060569361,6.621320343559644,6.19867061274927,6.19867061274927,3.5606601717798214,3.1700499715209998,3.1700499715209998,3.388010440969448,3.388010440969448,1.0984617125293379,1.0984617125293379,0.535074774508185,0.535074774508185,-0.26,36.61600302409073,7.739999999999999,2.9071056558917943,5.740000000000001,52.604242796421545,0.0,0.0,0.0,0.0,0.0,0.0,0.0,0.0,0.0,6.578935683598497,26.847231705905752,18.2566337152488,0.0,0.0,0.0,0.0,0.0,0.0,5.41499046939678,33.61285484492389,0.0,12.654955790432378,0.0,0.0,0.0,0.0,0.0,0.0,0.0,0.0,5.41499046939678,33.61285484492389,12.654955790432378,0.0,0.0,0.0,0.0,0.0,0.0,0.0,0.0,5.41499046939678,6.4208216229260096,6.4208216229260096,0.0,6.076020106833881,27.35014728267037,0.0,0.0,0.0,0.0,0.0,0.48034722222222226,0.0,0.0,4.366319444444445,10.403333333333332,0.0,0.75,8,0,0,0,0,0,0,0,0,0,0,0,2,0,0,0,0,2.9987000000000013,38.885999999999996,0,0,0,0,0,0,0,0,0,0,0,0,0,0,0,0,0,0,0,0,0,0,0,0,0,0,1,0,0,0,0,0,0,0,0,0,0,0,0,0,0,0,0,0,0,0,0,0,0,0,0,0,0,0,0,0,0,0,0,0,0,0,0,0,0,0,0,0,0,0,0,0,0,0,0,0,0,0,0,0,0,0,0,0,0
"2,3-Dimethyl-2-hexene",CCCC(C)=C(C)C,7145-20-2,Not biofuel,2.214722222222222,1.2662037037037037,2.214722222222222,1.2662037037037037,0.48127599565088175,112.21599999999998,96.08799999999998,112.12520051199999,48,0,-0.03232274208481198,-0.07750948641063374,0.07750948641063374,0.03232274208481198,1.125,1.625,1.75,13.934915580122652,10.092126206461133,1.8656578356384772,-1.9775074175784522,2.0733482308305087,-1.7694743204789203,5.053040296584565,0.8897966310687468,3.617435444951365,84.2114326716684,6.568914100752346,6.414213562373095,6.414213562373095,3.6807392125526213,3.310660171779821,3.310660171779821,2.5303300858899105,2.5303300858899105,1.4785533905932735,1.4785533905932735,0.6249999999999999,0.6249999999999999,-0.26,45.11498676384928,7.739999999999999,3.7068222395822903,2.838891422835457,52.60424279642155,0.0,0.0,0.0,0.0,0.0,0.0,0.0,0.0,0.0,0.0,24.490767882755165,27.19203322199788,0.0,0.0,0.0,0.0,0.0,0.0,0.0,40.53659204461451,0.0,11.146209060138535,0.0,0.0,0.0,0.0,0.0,0.0,0.0,0.0,0.0,40.53659204461451,11.146209060138535,0.0,0.0,0.0,0.0,0.0,0.0,0.0,0.0,0.0,0.0,18.414747775921285,5.573104530069267,0.0,27.694948798762496,0.0,0.0,0.0,0.0,0.0,3.027175925925926,0.0,0.0,2.5410185185185186,8.765138888888888,0.0,0.75,8,0,0,0,0,0,0,0,0,0,0,0,2,0,0,0,0,3.142800000000002,38.956,0,0,0,0,0,0,0,0,0,0,0,0,0,0,0,0,0,0,0,0,0,0,0,0,0,0,2,0,0,0,0,0,0,0,0,0,0,0,0,0,0,0,0,0,0,0,0,0,0,0,0,0,0,0,0,0,0,0,0,0,0,0,0,0,0,0,0,0,0,0,0,0,0,0,0,0,0,0,0,0,0,0,0,0,0
"2,4-Dimethyl-2-hexene",CCC(C)C=C(C)C,14255-23-3  ,Not biofuel,2.3055555555555554,0.7638888888888888,2.3055555555555554,0.7638888888888888,0.4816019169622866,112.21599999999998,96.08799999999998,112.12520051199999,48,0,-0.026211350347559503,-0.08305659927039744,0.08305659927039744,0.026211350347559503,1.5,2.0,2.125,13.953725786352438,10.073223160144865,1.8908260832035733,-1.9902871480035857,2.0433918371941022,-1.843260893018702,4.949250430697877,0.6925444248814887,3.514363349595432,76.03910001730776,6.568914100752346,6.3618073195657985,6.3618073195657985,3.663902460147014,3.314713808768183,3.314713808768183,2.629549110512868,2.629549110512868,1.261801681057137,1.261801681057137,0.6868867239266072,0.6868867239266072,-0.26,42.84459140699416,7.739999999999999,3.7068222395822903,3.914216027874565,52.60424279642154,0.0,0.0,0.0,0.0,0.0,0.0,0.0,0.0,0.0,0.0,31.917420659210407,19.76538044554264,0.0,0.0,0.0,0.0,0.0,0.0,5.917906046161393,34.11577042168851,0.0,11.64912463690315,0.0,0.0,0.0,0.0,0.0,0.0,0.0,0.0,5.917906046161393,34.11577042168851,11.64912463690315,0.0,0.0,0.0,0.0,0.0,0.0,0.0,0.0,0.0,5.917906046161393,11.993926152995277,0.0,0.0,33.770968905596376,0.0,0.0,0.0,0.0,0.0,1.4299537037037038,0.7638888888888888,0.0,3.560694444444444,8.745462962962963,0.0,0.75,8,0,0,0,0,0,0,0,0,0,0,0,2,0,0,0,0,2.9987000000000013,38.886,0,0,0,0,0,0,0,0,0,0,0,0,0,0,0,0,0,0,0,0,0,0,0,0,0,0,2,0,0,0,0,0,0,0,0,0,0,0,0,0,0,0,0,0,0,0,0,0,0,0,0,0,0,0,0,0,0,0,0,0,0,0,0,0,0,0,0,0,0,0,0,0,0,0,0,0,0,0,0,0,0,0,0,0,0
"2,5-Dimethyl-2-hexene",CC(C)CC=C(C)C,3404-78-2  ,Not biofuel,2.2824074074074074,0.8100925925925925,2.2824074074074074,0.8100925925925925,0.4816019169622866,112.21599999999998,96.08799999999998,112.12520051199999,48,0,-0.03250075062581785,-0.08563416888476763,0.08563416888476763,0.03250075062581785,1.375,1.875,2.0,13.925002357051891,10.101877958547169,1.8609903796931515,-1.9626388221545723,2.019321107524916,-1.812392149801798,4.924699811700342,0.660979338678348,3.2936948768373453,74.03910001730776,6.568914100752346,6.3618073195657985,6.3618073195657985,3.625897657686229,3.259872253901791,3.259872253901791,2.9110235249344254,2.9110235249344254,0.9975039414526528,0.9975039414526528,0.47140452079103173,0.47140452079103173,-0.26,40.339203954130696,7.739999999999999,3.7068222395822903,5.740000000000001,52.60424279642154,0.0,0.0,0.0,0.0,0.0,0.0,0.0,0.0,0.0,0.0,25.496599036284394,26.18620206846865,0.0,0.0,0.0,0.0,0.0,0.0,5.917906046161393,34.11577042168851,0.0,11.64912463690315,0.0,0.0,0.0,0.0,0.0,0.0,0.0,0.0,5.917906046161393,34.11577042168851,11.64912463690315,0.0,0.0,0.0,0.0,0.0,0.0,0.0,0.0,0.0,5.917906046161393,11.993926152995277,0.0,0.0,33.770968905596376,0.0,0.0,0.0,0.0,0.0,1.429351851851852,0.8100925925925925,0.0,3.5069444444444446,8.75361111111111,0.0,0.75,8,0,0,0,0,0,0,0,0,0,0,0,2,0,0,0,0,2.9987000000000013,38.886,0,0,0,0,0,0,0,0,0,0,0,0,0,0,0,0,0,0,0,0,0,0,0,0,0,0,2,0,0,0,0,0,0,0,0,0,0,0,0,0,0,0,0,0,0,0,0,0,0,0,0,0,0,0,0,0,0,0,0,0,0,0,0,0,0,0,0,0,0,0,0,0,0,0,0,0,0,0,0,0,0,0,0,0,0
"3,4-Dimethyl-2-hexene",CCC(C)C(C)=CC,2213-37-8,Not biofuel,2.259259259259259,0.7777777777777777,2.259259259259259,0.7777777777777777,0.4816019169622866,112.21599999999998,96.08799999999998,112.12520051199999,48,0,-0.023717167286206833,-0.08846539158373921,0.08846539158373921,0.023717167286206833,1.625,2.125,2.25,14.022679149634506,10.003891713484718,1.9618856578770902,-2.057396355374461,2.1115869194302808,-1.9117846436014958,4.986968895416704,0.654144704224133,3.6302683510160008,80.03910001730775,6.568914100752346,6.361807319565799,6.361807319565799,3.718744015013406,3.3474058792192882,3.3474058792192882,2.3419879312055762,2.3419879312055762,1.845031313648443,1.845031313648443,0.6064930722941141,0.6064930722941141,-0.26,53.47276361405894,7.739999999999999,3.7068222395822903,2.1527155819962744,52.60424279642154,0.0,0.0,0.0,0.0,0.0,0.0,0.0,0.0,0.0,0.0,25.496599036284394,26.18620206846865,0.0,0.0,0.0,0.0,0.0,0.0,5.917906046161393,34.11577042168851,0.0,11.64912463690315,0.0,0.0,0.0,0.0,0.0,0.0,0.0,0.0,5.917906046161393,34.11577042168851,11.64912463690315,0.0,0.0,0.0,0.0,0.0,0.0,0.0,0.0,0.0,5.917906046161393,11.993926152995277,0.0,0.0,33.770968905596376,0.0,0.0,0.0,0.0,0.0,1.5069444444444446,0.7777777777777777,0.0,3.44875,8.766527777777778,0.0,0.75,8,0,0,0,0,0,0,0,0,0,0,0,2,0,0,0,0,2.9987000000000013,38.886,0,0,0,0,0,0,0,0,0,0,0,0,0,0,0,0,0,0,0,0,0,0,0,0,0,0,2,0,0,0,0,0,0,0,0,0,0,0,0,0,0,0,0,0,0,0,0,0,0,0,0,0,0,0,0,0,0,0,0,0,0,0,0,0,0,0,0,0,0,0,0,0,0,0,0,0,0,0,0,0,0,0,0,0,0
"3,5-Dimethyl-2-hexene",CC=C(C)CC(C)C,3404-79-3  ,Not biofuel,2.2430555555555554,0.8112962962962962,2.2430555555555554,0.8112962962962962,0.4816019169622866,112.21599999999998,96.08799999999998,112.12520051199999,48,0,-0.029994909637574778,-0.08872460692701795,0.08872460692701795,0.029994909637574778,1.5,2.0,2.125,13.977037293250538,10.04983790372308,1.9141783448914773,-2.013448081504746,2.0757147724115406,-1.858571359894875,4.9508529170078175,0.6415314134787266,3.39473649507693,78.03910001730776,6.568914100752346,6.361807319565799,6.361807319565799,3.663902460147014,3.282527623220827,3.282527623220827,2.7329988003641144,2.7329988003641144,1.223022845720297,1.223022845720297,0.7618016810571369,0.7618016810571369,-0.26,42.84459140699416,7.739999999999999,3.7068222395822903,3.914216027874565,52.60424279642154,0.0,0.0,0.0,0.0,0.0,0.0,0.0,0.0,0.0,0.0,25.496599036284397,26.186202068468653,0.0,0.0,0.0,0.0,0.0,0.0,5.917906046161393,34.11577042168851,0.0,11.64912463690315,0.0,0.0,0.0,0.0,0.0,0.0,0.0,0.0,5.917906046161393,34.11577042168851,11.64912463690315,0.0,0.0,0.0,0.0,0.0,0.0,0.0,0.0,0.0,5.917906046161393,11.993926152995277,0.0,0.0,33.770968905596376,0.0,0.0,0.0,0.0,0.0,1.5000000000000002,0.8112962962962962,0.0,3.427083333333333,8.76162037037037,0.0,0.75,8,0,0,0,0,0,0,0,0,0,0,0,2,0,0,0,0,2.9987000000000013,38.886,0,0,0,0,0,0,0,0,0,0,0,0,0,0,0,0,0,0,0,0,0,0,0,0,0,0,2,0,0,0,0,0,0,0,0,0,0,0,0,0,0,0,0,0,0,0,0,0,0,0,0,0,0,0,0,0,0,0,0,0,0,0,0,0,0,0,0,0,0,0,0,0,0,0,0,0,0,0,0,0,0,0,0,0,0
"4,4-Dimethyl-2-hexene",CCC(C)(C)C=CC,3404-59-9  ,Not biofuel,2.2430555555555554,0.41145833333333337,2.2430555555555554,0.41145833333333337,0.4816019169622865,112.21599999999997,96.08799999999998,112.12520051199999,48,0,-0.017756775423110577,-0.0911257009246831,0.0911257009246831,0.017756775423110577,1.375,1.875,2.0,14.125477945935849,9.900914753863596,2.071946837629972,-2.1530616323113225,2.1990129113776113,-2.02909810433621,4.908593477186948,0.46146646649030043,3.7141365611929857,78.03910001730776,6.621320343559644,6.3618073195658,6.3618073195658,3.621320343559643,3.2600189088975933,3.2600189088975933,2.842134586201379,2.842134586201379,1.529082056616237,1.529082056616237,0.5690355937288493,0.5690355937288493,-0.26,41.8157298068742,7.739999999999999,2.9071056558917943,2.838891422835457,52.60424279642154,0.0,0.0,0.0,0.0,0.0,0.0,0.0,0.0,0.0,0.0,32.923251812739636,18.759549292013414,0.0,0.0,0.0,0.0,0.0,0.0,5.41499046939678,34.11577042168851,0.0,12.152040213667762,0.0,0.0,0.0,0.0,0.0,0.0,0.0,0.0,5.41499046939678,34.11577042168851,12.152040213667762,0.0,0.0,0.0,0.0,0.0,0.0,0.0,0.0,5.41499046939678,0.0,6.4208216229260096,0.0,0.0,39.84698901243026,0.0,0.0,0.0,0.0,0.0,0.41145833333333337,0.0,0.0,5.577222222222222,8.761319444444444,0.0,0.75,8,0,0,0,0,0,0,0,0,0,0,0,2,0,0,0,0,2.9987000000000013,38.886,0,0,0,0,0,0,0,0,0,0,0,0,0,0,0,0,0,0,0,0,0,0,0,0,0,0,2,0,0,0,0,0,0,0,0,0,0,0,0,0,0,0,0,0,0,0,0,0,0,0,0,0,0,0,0,0,0,0,0,0,0,0,0,0,0,0,0,0,0,0,0,0,0,0,0,0,0,0,0,0,0,0,0,0,0
"4,5-Dimethyl-2-hexene",CC=CC(C)C(C)C,73548-71-7,Not biofuel,2.240740740740741,0.7361111111111109,2.240740740740741,0.7361111111111109,0.48173849324509455,112.216,96.08799999999998,112.12520051199999,48,0,-0.02389449928458508,-0.0913853777396738,0.0913853777396738,0.02389449928458508,1.125,1.625,1.75,14.046353021397328,9.97997243869556,1.9893153779641983,-2.0774415603588507,2.092534871571057,-1.9785471376020454,4.83541512373084,0.5036819097634004,3.4691139097659183,70.10749561002055,6.568914100752346,6.309401076758503,6.309401076758503,3.6807392125526213,3.3094010767585034,3.3094010767585034,2.6289171153160438,2.6289171153160438,1.5475781366972794,1.5475781366972794,0.5257834230632089,0.5257834230632089,-0.26,45.11498676384928,7.739999999999999,3.7068222395822903,2.838891422835457,52.60424279642154,0.0,0.0,0.0,0.0,0.0,0.0,0.0,0.0,0.0,0.0,32.923251812739636,18.75954929201341,0.0,0.0,0.0,0.0,0.0,0.0,11.835812092322787,27.694948798762496,0.0,12.152040213667762,0.0,0.0,0.0,0.0,0.0,0.0,0.0,0.0,11.835812092322787,27.694948798762496,12.152040213667762,0.0,0.0,0.0,0.0,0.0,0.0,0.0,0.0,0.0,11.835812092322787,0.0,0.0,0.0,39.84698901243026,0.0,0.0,0.0,0.0,0.0,0.0,1.5196296296296294,0.0,4.356481481481482,8.790555555555555,0.0,0.75,8,0,0,0,0,0,0,0,0,0,0,0,2,0,0,0,0,2.8546000000000014,38.816,0,0,0,0,0,0,0,0,0,0,0,0,0,0,0,0,0,0,0,0,0,0,0,0,0,0,2,0,0,0,0,0,0,0,0,0,0,0,0,0,0,0,0,0,0,0,0,0,0,0,0,0,0,0,0,0,0,0,0,0,0,0,0,0,0,0,0,0,0,0,0,0,0,0,0,0,0,0,0,0,0,0,0,0,0
"5,5-Dimethyl-2-hexene",CC=CCC(C)(C)C,36382-10-2  ,Not biofuel,2.2430555555555554,0.4647916666666667,2.2430555555555554,0.4647916666666667,0.4573184409568143,112.216,96.08799999999998,112.12520051199999,48,0,-0.030180584334845807,-0.09164400931617367,0.09164400931617367,0.030180584334845807,1.25,1.75,1.875,14.103806520227346,9.922474390767858,2.0475515432663625,-2.133996530125532,2.1766651767790224,-2.0086858081436283,4.816122582996392,0.4202158431312499,3.3930725017932364,72.52932501298082,6.621320343559642,6.3618073195657985,6.3618073195657985,3.5606601717798214,3.1724852835800963,3.1724852835800963,3.333819910740602,3.333819910740602,0.9659258262890684,0.9659258262890684,0.4714045207910318,0.4714045207910318,-0.26,36.61600302409073,7.739999999999999,2.9071056558917943,5.740000000000001,52.60424279642154,0.0,0.0,0.0,0.0,0.0,0.0,0.0,0.0,0.0,0.0,32.923251812739636,18.759549292013414,0.0,0.0,0.0,0.0,0.0,0.0,5.41499046939678,34.11577042168851,0.0,12.152040213667762,0.0,0.0,0.0,0.0,0.0,0.0,0.0,0.0,5.41499046939678,34.11577042168851,12.152040213667762,0.0,0.0,0.0,0.0,0.0,0.0,0.0,0.0,5.41499046939678,0.0,6.4208216229260096,0.0,0.0,39.84698901243026,0.0,0.0,0.0,0.0,0.0,0.4647916666666667,0.0,0.0,5.494791666666667,8.790416666666665,0.0,0.75,8,0,0,0,0,0,0,0,0,0,0,0,1,0,0,0,0,2.9987000000000013,38.886,0,0,0,0,0,0,0,0,0,0,0,0,0,0,0,0,0,0,0,0,0,0,0,0,0,0,2,0,0,0,0,0,0,0,0,0,0,0,0,0,0,0,0,0,0,0,0,0,0,0,0,0,0,0,0,0,0,0,0,0,0,0,0,0,0,0,0,0,0,0,0,0,0,0,0,0,0,0,0,0,0,0,0,0,0
"2,2-Dimethyl-3-hexene",CCC=CC(C)(C)C,3123-93-1  ,Not biofuel,2.2430555555555554,0.3710416666666667,2.2430555555555554,0.3710416666666667,0.4573184409568143,112.216,96.08799999999998,112.12520051199999,48,0,-0.020317569787536807,-0.08828520552459584,0.08828520552459584,0.020317569787536807,1.25,1.75,1.875,14.065407810334078,9.960942354362835,2.009374050580719,-2.095590429584045,2.1371997137546366,-1.971528439620379,4.9041869949307495,0.5422103201323989,3.5235584468705605,72.52932501298082,6.621320343559642,6.3618073195657985,6.3618073195657985,3.5606601717798214,3.237363539578557,3.237363539578557,3.176642621310484,3.176642621310484,0.853553390593274,0.853553390593274,0.47140452079103173,0.47140452079103173,-0.26,36.61600302409073,7.739999999999999,2.9071056558917943,5.740000000000001,52.60424279642154,0.0,0.0,0.0,0.0,0.0,0.0,0.0,0.0,0.0,0.0,39.84698901243026,11.83581209232279,0.0,0.0,0.0,0.0,0.0,0.0,5.41499046939678,34.11577042168851,0.0,12.152040213667762,0.0,0.0,0.0,0.0,0.0,0.0,0.0,0.0,5.41499046939678,34.11577042168851,12.152040213667762,0.0,0.0,0.0,0.0,0.0,0.0,0.0,0.0,5.41499046939678,6.4208216229260096,0.0,0.0,0.0,39.84698901243026,0.0,0.0,0.0,0.0,0.0,0.3710416666666667,0.0,0.0,5.601458333333333,8.7775,0.0,0.75,8,0,0,0,0,0,0,0,0,0,0,0,1,0,0,0,0,2.9987000000000013,38.886,0,0,0,0,0,0,0,0,0,0,0,0,0,0,0,0,0,0,0,0,0,0,0,0,0,0,2,0,0,0,0,0,0,0,0,0,0,0,0,0,0,0,0,0,0,0,0,0,0,0,0,0,0,0,0,0,0,0,0,0,0,0,0,0,0,0,0,0,0,0,0,0,0,0,0,0,0,0,0,0,0,0,0,0,0
"2,3-Dimethyl-3-hexene",CCC=C(C)C(C)C,7145-23-5,Not biofuel,2.2824074074074074,0.731435185185185,2.2824074074074074,0.731435185185185,0.4816019169622866,112.21599999999998,96.08799999999998,112.12520051199999,48,0,-0.02628964933061806,-0.08562547324814508,0.08562547324814508,0.02628964933061806,1.5,2.0,2.125,13.976904036863667,10.049721503610492,1.9128447731262979,-2.014818404993499,2.07041095917321,-1.8627866050696087,4.9914971421076615,0.7626229569396236,3.6082403476762366,78.03910001730776,6.568914100752346,6.361807319565799,6.361807319565799,3.6807392125526213,3.347405879219288,3.347405879219288,2.5110899099313384,2.5110899099313384,1.4367830231845802,1.4367830231845802,0.5576775358252053,0.5576775358252053,-0.26,45.11498676384928,7.739999999999999,3.7068222395822903,2.838891422835457,52.60424279642154,0.0,0.0,0.0,0.0,0.0,0.0,0.0,0.0,0.0,0.0,32.42033623597502,19.262464868778025,0.0,0.0,0.0,0.0,0.0,0.0,5.917906046161393,34.11577042168851,0.0,11.64912463690315,0.0,0.0,0.0,0.0,0.0,0.0,0.0,0.0,5.917906046161393,34.11577042168851,11.64912463690315,0.0,0.0,0.0,0.0,0.0,0.0,0.0,0.0,0.0,5.917906046161393,11.993926152995277,0.0,0.0,33.770968905596376,0.0,0.0,0.0,0.0,0.0,1.5069444444444446,0.731435185185185,0.0,3.4530555555555553,8.808564814814815,0.0,0.75,8,0,0,0,0,0,0,0,0,0,0,0,2,0,0,0,0,2.9987000000000013,38.886,0,0,0,0,0,0,0,0,0,0,0,0,0,0,0,0,0,0,0,0,0,0,0,0,0,0,2,0,0,0,0,0,0,0,0,0,0,0,0,0,0,0,0,0,0,0,0,0,0,0,0,0,0,0,0,0,0,0,0,0,0,0,0,0,0,0,0,0,0,0,0,0,0,0,0,0,0,0,0,0,0,0,0,0,0
"2,4-Dimethyl-3-hexene",CCC(C)=CC(C)C,82085-14-1,Not biofuel,2.3055555555555554,0.7175462962962962,2.3055555555555554,0.7175462962962962,0.4816019169622865,112.21599999999997,96.08799999999998,112.12520051199999,48,0,-0.02878473828901712,-0.08305282964154914,0.08305282964154914,0.02878473828901712,1.5,2.0,2.125,13.925292024655045,10.102072451558636,1.8581802193626231,-1.9655462567898367,2.0305663019495515,-1.8018824124963326,4.974194345228824,0.8132496585430558,3.563776988210054,78.03910001730776,6.568914100752346,6.361807319565799,6.361807319565799,3.663902460147014,3.337369178087219,3.337369178087219,2.6105896635362513,2.6105896635362513,1.1755286660229634,1.1755286660229634,0.6868867239266072,0.6868867239266072,-0.26,42.84459140699416,7.739999999999999,3.7068222395822903,3.914216027874565,52.60424279642154,0.0,0.0,0.0,0.0,0.0,0.0,0.0,0.0,0.0,0.0,32.42033623597502,19.262464868778025,0.0,0.0,0.0,0.0,0.0,0.0,5.917906046161393,34.11577042168851,0.0,11.64912463690315,0.0,0.0,0.0,0.0,0.0,0.0,0.0,0.0,5.917906046161393,34.11577042168851,11.64912463690315,0.0,0.0,0.0,0.0,0.0,0.0,0.0,0.0,0.0,5.917906046161393,11.993926152995277,0.0,0.0,33.770968905596376,0.0,0.0,0.0,0.0,0.0,1.5000000000000002,0.7175462962962962,0.0,3.498194444444444,8.784259259259258,0.0,0.75,8,0,0,0,0,0,0,0,0,0,0,0,2,0,0,0,0,2.9987000000000013,38.886,0,0,0,0,0,0,0,0,0,0,0,0,0,0,0,0,0,0,0,0,0,0,0,0,0,0,2,0,0,0,0,0,0,0,0,0,0,0,0,0,0,0,0,0,0,0,0,0,0,0,0,0,0,0,0,0,0,0,0,0,0,0,0,0,0,0,0,0,0,0,0,0,0,0,0,0,0,0,0,0,0,0,0,0,0
"2,5-Dimethyl-3-hexene",CC(C)C=CC(C)C,15910-22-2  ,Not biofuel,2.240740740740741,0.7059259259259258,2.240740740740741,0.7059259259259258,0.48173849324509443,112.21599999999998,96.08799999999998,112.12520051199999,48,0,-0.02903241642124311,-0.08571244635908129,0.08571244635908129,0.02903241642124311,0.75,1.0,1.125,13.911410673160296,10.116000428854917,1.8465007443359327,-1.9494419204570805,1.98612278926276,-1.8129251725734725,4.859094968745071,0.780135062022056,3.3367768361361274,58.10749561002055,6.568914100752346,6.309401076758503,6.309401076758503,3.625897657686229,3.3094010767585034,3.3094010767585034,2.872934051172336,2.872934051172336,0.8809114700306125,0.8809114700306125,0.4444444444444447,0.4444444444444447,-0.26,40.339203954130696,7.739999999999999,3.7068222395822903,5.740000000000001,52.60424279642154,0.0,0.0,0.0,0.0,0.0,0.0,0.0,0.0,0.0,0.0,39.84698901243026,11.835812092322787,0.0,0.0,0.0,0.0,0.0,0.0,11.835812092322787,27.694948798762496,0.0,12.152040213667762,0.0,0.0,0.0,0.0,0.0,0.0,0.0,0.0,11.835812092322787,27.694948798762496,12.152040213667762,0.0,0.0,0.0,0.0,0.0,0.0,0.0,0.0,11.835812092322787,0.0,0.0,0.0,0.0,39.84698901243026,0.0,0.0,0.0,0.0,0.0,0.0,1.4118518518518517,0.0,4.481481481481482,8.773333333333333,0.0,0.75,8,0,0,0,0,0,0,0,0,0,0,0,2,0,0,0,0,2.8546000000000014,38.816,0,0,0,0,0,0,0,0,0,0,0,0,0,0,0,0,0,0,0,0,0,0,0,0,0,0,2,0,0,0,0,0,0,0,0,0,0,0,0,0,0,0,0,0,0,0,0,0,0,0,0,0,0,0,0,0,0,0,0,0,0,0,0,0,0,0,0,0,0,0,0,0,0,0,0,0,0,0,0,0,0,0,0,0,0
"3,4-Dimethyl-3-hexene",CCC(C)=C(C)CC,30951-95-2,Not biofuel,2.207175925925926,1.2080092592592593,2.207175925925926,1.2080092592592593,0.48127599565088175,112.21599999999998,96.08799999999998,112.12520051199999,48,0,-0.03490793357461401,-0.07468222520125278,0.07468222520125278,0.03490793357461401,0.875,1.125,1.25,13.946827667796851,10.080234187781915,1.877032864601129,-1.9898208691953794,2.085712805232382,-1.780896603990455,5.0720766814385785,0.985403957118902,3.8266731642129317,76.2114326716684,6.568914100752346,6.414213562373096,6.414213562373096,3.718744015013406,3.3713203435596424,3.3713203435596424,2.267766952966369,2.267766952966369,1.7892135623730951,1.7892135623730951,0.6035533905932737,0.6035533905932737,-0.26,53.47276361405894,7.739999999999999,3.7068222395822903,2.1527155819962744,52.60424279642155,0.0,0.0,0.0,0.0,0.0,0.0,0.0,0.0,0.0,0.0,24.993683459519783,26.689117645233267,0.0,0.0,0.0,0.0,0.0,0.0,0.0,40.53659204461451,0.0,11.146209060138535,0.0,0.0,0.0,0.0,0.0,0.0,0.0,0.0,0.0,40.53659204461451,11.146209060138535,0.0,0.0,0.0,0.0,0.0,0.0,0.0,0.0,0.0,0.0,12.841643245852019,11.146209060138535,0.0,27.694948798762496,0.0,0.0,0.0,0.0,0.0,3.0972222222222223,0.0,0.0,2.4160185185185186,8.820092592592593,0.0,0.75,8,0,0,0,0,0,0,0,0,0,0,0,2,0,0,0,0,3.142800000000002,38.956,0,0,0,0,0,0,0,0,0,0,0,0,0,0,0,0,0,0,0,0,0,0,0,0,0,0,2,0,0,0,0,0,0,0,0,0,0,0,0,0,0,0,0,0,0,0,0,0,0,0,0,0,0,0,0,0,0,0,0,0,0,0,0,0,0,0,0,0,0,0,0,0,0,0,0,0,0,0,0,0,0,0,0,0,0
3-Ethyl-2-methyl-1-pentene,CCC(CC)C(C)=C,19780-66-6,Not biofuel,3.89712962962963,0.7592592592592591,3.89712962962963,0.7592592592592591,0.49221715064516386,112.216,96.08799999999998,112.12520051199999,48,0,-0.02139306931293073,-0.09986116681361837,0.09986116681361837,0.02139306931293073,1.375,1.75,1.75,14.060531290165816,9.966098512541967,2.002409485127205,-2.092483828160454,2.146825496759356,-1.9514040089262799,4.93878999861843,0.5737554093649047,3.5208600674451374,68.10749561002055,6.568914100752346,6.198670612749268,6.198670612749268,3.718744015013406,3.372938668488908,3.372938668488908,2.35977267640642,2.35977267640642,1.682521984712165,1.682521984712165,0.9855985596534887,0.9855985596534887,-0.26,47.19725257297226,7.739999999999999,3.7068222395822903,2.1527155819962744,52.604242796421545,0.0,0.0,0.0,0.0,0.0,0.0,0.0,0.0,0.0,0.0,25.999514613049012,25.683286491704035,0.0,0.0,0.0,0.0,0.0,0.0,5.917906046161393,33.61285484492389,0.0,12.152040213667764,0.0,0.0,0.0,0.0,0.0,0.0,0.0,0.0,5.917906046161393,33.61285484492389,12.152040213667764,0.0,0.0,0.0,0.0,0.0,0.0,0.0,0.0,0.0,5.917906046161393,18.414747775921285,0.0,0.0,27.35014728267037,0.0,0.0,0.0,0.0,0.0,1.328703703703704,0.7592592592592591,0.0,2.4837962962962963,10.42824074074074,0.0,0.75,8,0,0,0,0,0,0,0,0,0,0,0,3,0,0,0,0,2.9987000000000013,38.885999999999996,0,0,0,0,0,0,0,0,0,0,0,0,0,0,0,0,0,0,0,0,0,0,0,0,0,0,1,0,0,0,0,0,0,0,0,0,0,0,0,0,0,0,0,0,0,0,0,0,0,0,0,0,0,0,0,0,0,0,0,0,0,0,0,0,0,0,0,0,0,0,0,0,0,0,0,0,0,0,0,0,0,0,0,0,0
3-Ethyl-4-methyl-1-pentene,CCC(C=C)C(C)C,61847-80-1,Not biofuel,3.7531018518518517,0.7175925925925924,3.7531018518518517,0.7175925925925924,0.49235673727553575,112.216,96.08799999999998,112.12520051199999,48,0,-0.021569809129479527,-0.10279365160253844,0.10279365160253844,0.021569809129479527,1.5,2.0,2.0,14.088755003016002,9.937807327561123,2.0334954619525125,-2.1177983342093247,2.138694128251615,-2.016878291793977,4.78994552782132,0.4537800033956531,3.5117074072311905,62.43856189774725,6.568914100752346,6.146264369941973,6.146264369941973,3.718744015013406,3.344970567160192,3.344970567160192,2.551822097236579,2.551822097236579,1.6304586511964352,1.6304586511964352,0.9102367144336071,0.9102367144336071,-0.26,47.19725257297226,7.739999999999999,3.7068222395822903,2.1527155819962744,52.60424279642154,0.0,0.0,0.0,0.0,0.0,0.0,0.0,0.0,0.0,6.578935683598497,26.847231705905752,18.256633715248796,0.0,0.0,0.0,0.0,0.0,0.0,11.835812092322787,27.19203322199788,0.0,12.654955790432378,0.0,0.0,0.0,0.0,0.0,0.0,0.0,0.0,11.835812092322787,27.19203322199788,12.654955790432378,0.0,0.0,0.0,0.0,0.0,0.0,0.0,0.0,0.0,11.835812092322787,6.4208216229260096,0.0,6.076020106833881,27.35014728267037,0.0,0.0,0.0,0.0,0.0,0.0,1.4791666666666665,0.0,3.269675925925926,10.417824074074074,0.0,0.75,8,0,0,0,0,0,0,0,0,0,0,0,3,0,0,0,0,2.8546000000000014,38.816,0,0,0,0,0,0,0,0,0,0,0,0,0,0,0,0,0,0,0,0,0,0,0,0,0,0,1,0,0,0,0,0,0,0,0,0,0,0,0,0,0,0,0,0,0,0,0,0,0,0,0,0,0,0,0,0,0,0,0,0,0,0,0,0,0,0,0,0,0,0,0,0,0,0,0,0,0,0,0,0,0,0,0,0,0
"2,3,3-Trimethyl-1-pentene",CCC(C)(C)C(C)=C,560-23-6,Not biofuel,3.897638888888889,0.3472222222222222,3.897638888888889,0.3472222222222222,0.4816019169622866,112.21599999999998,96.08799999999998,112.12520051199999,48,0,-0.01527490061342173,-0.09960050289505515,0.09960050289505515,0.01527490061342173,1.5,1.875,1.875,14.189609495757937,9.836942098299014,2.1366180257132283,-2.2165074783029532,2.267562178895874,-2.0887299694912214,5.013975476308123,0.43094473240597037,3.9084966379068447,88.2114326716684,6.784457050376174,6.414213562373096,6.414213562373096,3.5040358447538855,3.164213562373095,3.164213562373095,3.017766952966369,3.017766952966369,2.039213562373095,2.039213562373095,0.30177669529663687,0.30177669529663687,-0.26,38.3366927298978,7.739999999999999,2.340807862747661,1.68828480015081,52.604242796421545,0.0,0.0,0.0,0.0,0.0,0.0,0.0,0.0,0.0,0.0,32.923251812739636,18.759549292013414,0.0,0.0,0.0,0.0,0.0,0.0,5.41499046939678,34.11577042168851,0.0,12.152040213667764,0.0,0.0,0.0,0.0,0.0,0.0,0.0,0.0,5.41499046939678,34.11577042168851,12.152040213667764,0.0,0.0,0.0,0.0,0.0,0.0,0.0,0.0,5.41499046939678,0.0,11.993926152995277,0.0,0.0,34.27388448236099,0.0,0.0,0.0,0.0,0.0,1.625,0.0,0.0,1.1828703703703702,12.608796296296294,0.0,0.75,8,0,0,0,0,0,0,0,0,0,0,0,2,0,0,0,0,2.9987000000000013,38.885999999999996,0,0,0,0,0,0,0,0,0,0,0,0,0,0,0,0,0,0,0,0,0,0,0,0,0,0,1,0,0,0,0,0,0,0,0,0,0,0,0,0,0,0,0,0,0,0,0,0,0,0,0,0,0,0,0,0,0,0,0,0,0,0,0,0,0,0,0,0,0,0,0,0,0,0,0,0,0,0,0,0,0,0,0,0,0
"2,3,4-trimethyl-1-pentene",CC(C)C(C)C(C)=C,565-76-4,Not biofuel,3.8762962962962964,0.6759259259259257,3.8762962962962964,0.6759259259259257,0.48173849324509455,112.216,96.08799999999998,112.12520051199999,48,0,-0.021401080719541474,-0.09986110530361098,0.09986110530361098,0.021401080719541474,1.25,1.625,1.625,14.104460615837539,9.922248785564973,2.047723910389472,-2.1348909497301696,2.15943008303408,-2.028545821316893,4.942364383492083,0.48124673368415993,3.6376825478398387,80.03910001730775,6.732050807568877,6.3618073195657985,6.3618073195657985,3.5534180126147956,3.2076126660902977,3.2076126660902977,2.879044740871124,2.879044740871124,1.7773170766911695,1.7773170766911695,0.5690355937288494,0.5690355937288494,-0.26,39.36806555425064,7.739999999999999,2.9071056558917943,2.1527155819962744,52.604242796421545,0.0,0.0,0.0,0.0,0.0,0.0,0.0,0.0,0.0,0.0,32.923251812739636,18.75954929201341,0.0,0.0,0.0,0.0,0.0,0.0,11.835812092322787,27.694948798762496,0.0,12.152040213667764,0.0,0.0,0.0,0.0,0.0,0.0,0.0,0.0,11.835812092322787,27.694948798762496,12.152040213667764,0.0,0.0,0.0,0.0,0.0,0.0,0.0,0.0,5.917906046161393,5.917906046161393,5.573104530069267,0.0,0.0,34.27388448236099,0.0,0.0,0.0,0.0,0.0,1.291666666666667,1.4189814814814812,0.0,0.0,12.622685185185183,0.0,0.75,8,0,0,0,0,0,0,0,0,0,0,0,2,0,0,0,0,2.8546000000000014,38.815999999999995,0,0,0,0,0,0,0,0,0,0,0,0,0,0,0,0,0,0,0,0,0,0,0,0,0,0,1,0,0,0,0,0,0,0,0,0,0,0,0,0,0,0,0,0,0,0,0,0,0,0,0,0,0,0,0,0,0,0,0,0,0,0,0,0,0,0,0,0,0,0,0,0,0,0,0,0,0,0,0,0,0,0,0,0,0
"2,4,4-Trimethyl-1-pentene",CC(=C)CC(C)(C)C,107-39-1,Not biofuel,3.8404861111111113,0.4224537037037037,3.8404861111111113,0.4224537037037037,0.4573184409568143,112.216,96.08799999999998,112.12520051199999,48,0,-0.027675510473789956,-0.1001206609624155,0.1001206609624155,0.027675510473789956,1.375,1.75,1.75,14.13566163609685,9.891238818039877,2.079348179791786,-2.165335093838745,2.214980645496572,-2.0344935191196876,4.914785034503669,0.41007468666976465,3.5512529243669313,82.70165766734145,6.784457050376173,6.414213562373095,6.414213562373095,3.4165022194363885,3.060660171779821,3.060660171779821,3.6945436482630054,3.6945436482630054,0.8321067811865475,0.8321067811865475,0.9053300858899106,0.9053300858899106,-0.26,23.005390496014627,7.739999999999999,2.340807862747661,5.740000000000001,52.60424279642154,0.0,0.0,0.0,0.0,0.0,0.0,0.0,0.0,0.0,6.578935683598497,26.344316129141138,18.759549292013414,0.0,0.0,0.0,0.0,0.0,0.0,5.41499046939678,34.11577042168851,0.0,12.152040213667764,0.0,0.0,0.0,0.0,0.0,0.0,0.0,0.0,5.41499046939678,34.11577042168851,12.152040213667764,0.0,0.0,0.0,0.0,0.0,0.0,0.0,0.0,5.41499046939678,6.4208216229260096,5.573104530069267,0.0,0.0,34.273884482361,0.0,0.0,0.0,0.0,0.0,1.697916666666667,0.0,0.0,1.1319444444444444,12.586805555555554,0.0,0.75,8,0,0,0,0,0,0,0,0,0,0,0,1,0,0,0,0,2.9987000000000013,38.886,0,0,0,0,0,0,0,0,0,0,0,0,0,0,0,0,0,0,0,0,0,0,0,0,0,0,1,0,0,0,0,0,0,0,0,0,0,0,0,0,0,0,0,0,0,0,0,0,0,0,0,0,0,0,0,0,0,0,0,0,0,0,0,0,0,0,0,0,0,0,0,0,0,0,0,0,0,0,0,0,0,0,0,0,0
"3,3,4-trimethyl-1-pentene",CC(C)C(C)(C)C=C,560-22-5,Not biofuel,3.7536111111111112,0.3055555555555556,3.7536111111111112,0.3055555555555556,0.48173849324509443,112.21599999999998,96.08799999999998,112.12520051199999,48,0,-0.015451558266432316,-0.10253351371939118,0.10253351371939118,0.015451558266432316,1.375,1.75,1.75,14.210599129467033,9.815922793838963,2.159657408766128,-2.2353898085520996,2.2562408314855174,-2.141923836555127,4.888450698759338,0.3337561634914948,3.897433798006367,78.03910001730776,6.784457050376174,6.3618073195658,6.3618073195658,3.504035844753886,3.1402990980327408,3.1402990980327408,3.180191888657102,3.180191888657102,2.014133292374206,2.014133292374206,0.2357022603955159,0.2357022603955159,-0.26,38.3366927298978,7.739999999999999,2.340807862747661,1.68828480015081,52.604242796421545,0.0,0.0,0.0,0.0,0.0,0.0,0.0,0.0,0.0,6.578935683598497,33.770968905596376,11.332896515558172,0.0,0.0,0.0,0.0,0.0,0.0,11.332896515558172,27.694948798762496,0.0,12.654955790432378,0.0,0.0,0.0,0.0,0.0,0.0,0.0,0.0,11.332896515558172,27.694948798762496,12.654955790432378,0.0,0.0,0.0,0.0,0.0,0.0,0.0,0.0,11.332896515558172,0.0,0.0,0.0,6.076020106833881,34.27388448236099,0.0,0.0,0.0,0.0,0.0,0.3055555555555556,0.6944444444444443,0.0,2.011574074074074,12.57175925925926,0.0,0.75,8,0,0,0,0,0,0,0,0,0,0,0,2,0,0,0,0,2.8546000000000014,38.815999999999995,0,0,0,0,0,0,0,0,0,0,0,0,0,0,0,0,0,0,0,0,0,0,0,0,0,0,1,0,0,0,0,0,0,0,0,0,0,0,0,0,0,0,0,0,0,0,0,0,0,0,0,0,0,0,0,0,0,0,0,0,0,0,0,0,0,0,0,0,0,0,0,0,0,0,0,0,0,0,0,0,0,0,0,0,0
"3,4,4-trimethyl-1-pentene",CC(C=C)C(C)(C)C,564-03-4,Not biofuel,3.7270601851851852,0.390625,3.7270601851851852,0.390625,0.45744813074941176,112.216,96.08799999999998,112.12520051199999,48,0,-0.02158614337052931,-0.10279352939873379,0.10279352939873379,0.02158614337052931,1.375,1.75,1.75,14.203147294386408,9.823407998838094,2.150595166980691,-2.2294026175706043,2.24721361200412,-2.135789808182888,4.834244544877674,0.3147329436036541,3.8006747639131255,74.52932501298082,6.784457050376173,6.3618073195657985,6.3618073195657985,3.4813804754348494,3.1076070275816354,3.1076070275816354,3.3904027987747676,3.3904027987747676,1.7195787943777125,1.7195787943777125,0.3535533905932738,0.3535533905932738,-0.26,35.64737584844357,7.739999999999999,2.340807862747661,2.1527155819962744,52.60424279642154,0.0,0.0,0.0,0.0,0.0,0.0,0.0,0.0,0.0,6.578935683598497,33.770968905596376,11.332896515558172,0.0,0.0,0.0,0.0,0.0,0.0,11.332896515558172,27.694948798762496,0.0,12.654955790432378,0.0,0.0,0.0,0.0,0.0,0.0,0.0,0.0,11.332896515558172,27.694948798762496,12.654955790432378,0.0,0.0,0.0,0.0,0.0,0.0,0.0,0.0,11.332896515558172,0.0,0.0,0.0,6.076020106833881,34.273884482361,0.0,0.0,0.0,0.0,0.0,0.390625,0.6134259259259257,0.0,2.0,12.579282407407407,0.0,0.75,8,0,0,0,0,0,0,0,0,0,0,0,1,0,0,0,0,2.8546000000000014,38.816,0,0,0,0,0,0,0,0,0,0,0,0,0,0,0,0,0,0,0,0,0,0,0,0,0,0,1,0,0,0,0,0,0,0,0,0,0,0,0,0,0,0,0,0,0,0,0,0,0,0,0,0,0,0,0,0,0,0,0,0,0,0,0,0,0,0,0,0,0,0,0,0,0,0,0,0,0,0,0,0,0,0,0,0,0
"2,4,4-Trimethyl-2-pentene",CC(C)=CC(C)(C)C,107-40-4,Not biofuel,2.2708333333333335,0.3599537037037037,2.2708333333333335,0.3599537037037037,0.42247462416704745,112.216,96.08799999999998,112.12520051199999,48,0,-0.020070233274124875,-0.08048751359867155,0.08048751359867155,0.020070233274124875,1.125,1.5,1.5,14.083283956889304,9.94360795676608,2.026535701780123,-2.1136922851664677,2.1594861402543697,-1.9853882794997764,4.995209369554464,0.5397320004939119,3.8860071219625416,87.09616281328599,6.784457050376173,6.577350269189626,6.577350269189626,3.4165022194363885,3.0773502691896257,3.0773502691896257,3.587713240271471,3.587713240271471,0.7216878364870323,0.7216878364870323,0.8660254037844387,0.8660254037844387,-0.26,23.005390496014627,7.739999999999999,2.340807862747661,5.740000000000001,52.60424279642154,0.0,0.0,0.0,0.0,0.0,0.0,0.0,0.0,0.0,0.0,32.42033623597502,19.26246486877803,0.0,0.0,0.0,0.0,0.0,0.0,5.41499046939678,34.61868599845312,0.0,11.64912463690315,0.0,0.0,0.0,0.0,0.0,0.0,0.0,0.0,5.41499046939678,34.61868599845312,11.64912463690315,0.0,0.0,0.0,0.0,0.0,0.0,0.0,0.0,5.41499046939678,0.0,5.573104530069267,0.0,0.0,40.694706105287,0.0,0.0,0.0,0.0,0.0,1.760416666666667,0.0,0.0,2.2708333333333335,10.885416666666668,0.0,0.75,8,0,0,0,0,0,0,0,0,0,0,0,0,0,0,0,0,2.9987000000000013,38.886,0,0,0,0,0,0,0,0,0,0,0,0,0,0,0,0,0,0,0,0,0,0,0,0,0,0,2,0,0,0,0,0,0,0,0,0,0,0,0,0,0,0,0,0,0,0,0,0,0,0,0,0,0,0,0,0,0,0,0,0,0,0,0,0,0,0,0,0,0,0,0,0,0,0,0,0,0,0,0,0,0,0,0,0,0
3-Ethyl-2-methyl-2-pentene,CCC(CC)=C(C)C,19780-67-7,Not biofuel,2.2141203703703702,1.2210648148148149,2.2141203703703702,1.2210648148148149,0.48127599565088175,112.21599999999998,96.08799999999998,112.12520051199999,48,0,-0.03465150272343616,-0.07725149068105978,0.07725149068105978,0.03465150272343616,1.0,1.375,1.375,13.959306975452638,10.06770345973789,1.890701138019059,-2.0012038178573706,2.0979903481629263,-1.7936350015418263,5.074533700361274,0.9450329276985826,3.863605862840369,78.2114326716684,6.568914100752346,6.414213562373095,6.414213562373095,3.718744015013406,3.3713203435596424,3.3713203435596424,2.3106601717798214,2.3106601717798214,1.5606601717798214,1.5606601717798214,0.9571067811865475,0.9571067811865475,-0.26,47.19725257297226,7.739999999999999,3.7068222395822903,2.1527155819962744,52.60424279642154,0.0,0.0,0.0,0.0,0.0,0.0,0.0,0.0,0.0,0.0,24.99368345951978,26.689117645233267,0.0,0.0,0.0,0.0,0.0,0.0,0.0,40.53659204461451,0.0,11.146209060138535,0.0,0.0,0.0,0.0,0.0,0.0,0.0,0.0,0.0,40.53659204461451,11.146209060138535,0.0,0.0,0.0,0.0,0.0,0.0,0.0,0.0,0.0,0.0,18.414747775921285,5.573104530069267,0.0,27.694948798762496,0.0,0.0,0.0,0.0,0.0,3.0972222222222223,0.0,0.0,2.4421296296296298,8.793981481481481,0.0,0.75,8,0,0,0,0,0,0,0,0,0,0,0,2,0,0,0,0,3.142800000000002,38.956,0,0,0,0,0,0,0,0,0,0,0,0,0,0,0,0,0,0,0,0,0,0,0,0,0,0,2,0,0,0,0,0,0,0,0,0,0,0,0,0,0,0,0,0,0,0,0,0,0,0,0,0,0,0,0,0,0,0,0,0,0,0,0,0,0,0,0,0,0,0,0,0,0,0,0,0,0,0,0,0,0,0,0,0,0
3-Ethyl-4-methyl-2-pentene,CCC(=CC)C(C)C,19780-68-8,Not biofuel,2.2349537037037037,0.7407407407407405,2.2349537037037037,0.7407407407407405,0.4816019169622866,112.21599999999998,96.08799999999998,112.12520051199999,48,0,-0.026033765880971817,-0.08820687331862652,0.08820687331862652,0.026033765880971817,1.5,2.0,2.0,14.014569500883395,10.012138441802716,1.9521153926271406,-2.0507359229052873,2.111225541821413,-1.896727250069892,5.010461157870206,0.7297572029403449,3.7168263090459073,78.03910001730776,6.568914100752346,6.361807319565799,6.361807319565799,3.718744015013406,3.3700612485383243,3.3700612485383243,2.371844020697868,2.371844020697868,1.5206207261596578,1.5206207261596578,0.945705769029128,0.945705769029128,-0.26,47.19725257297226,7.739999999999999,3.7068222395822903,2.1527155819962744,52.60424279642154,0.0,0.0,0.0,0.0,0.0,0.0,0.0,0.0,0.0,0.0,32.42033623597502,19.262464868778025,0.0,0.0,0.0,0.0,0.0,0.0,5.917906046161393,34.11577042168851,0.0,11.64912463690315,0.0,0.0,0.0,0.0,0.0,0.0,0.0,0.0,5.917906046161393,34.11577042168851,11.64912463690315,0.0,0.0,0.0,0.0,0.0,0.0,0.0,0.0,0.0,5.917906046161393,6.4208216229260096,5.573104530069267,0.0,33.770968905596376,0.0,0.0,0.0,0.0,0.0,1.5601851851851853,0.7407407407407405,0.0,3.415509259259259,8.783564814814815,0.0,0.75,8,0,0,0,0,0,0,0,0,0,0,0,2,0,0,0,0,2.9987000000000013,38.886,0,0,0,0,0,0,0,0,0,0,0,0,0,0,0,0,0,0,0,0,0,0,0,0,0,0,2,0,0,0,0,0,0,0,0,0,0,0,0,0,0,0,0,0,0,0,0,0,0,0,0,0,0,0,0,0,0,0,0,0,0,0,0,0,0,0,0,0,0,0,0,0,0,0,0,0,0,0,0,0,0,0,0,0,0
"2,3,4-Trimethyl-2-pentene",CC(C)C(C)=C(C)C,565-77-5,Not biofuel,2.224537037037037,0.7222222222222221,2.224537037037037,0.7222222222222221,0.4573184409568142,112.21599999999998,96.08799999999998,112.12520051199999,48,0,-0.026041431977711228,-0.07725061129505277,0.07725061129505277,0.026041431977711228,1.0,1.375,1.375,14.01478589531847,10.012189598949261,1.9502524466669668,-2.0527962816359495,2.1145549297244726,-1.8943279738780734,5.078183181827658,0.7563710897146554,3.9979497915275672,92.6059378176129,6.732050807568877,6.577350269189626,6.577350269189626,3.5534180126147956,3.1933756729740645,3.1933756729740645,2.837713240271471,2.837713240271471,1.6547005383792517,1.6547005383792517,0.5773502691896258,0.5773502691896258,-0.26,39.36806555425064,7.739999999999999,2.9071056558917943,2.1527155819962744,52.60424279642154,0.0,0.0,0.0,0.0,0.0,0.0,0.0,0.0,0.0,0.0,24.99368345951978,26.689117645233264,0.0,0.0,0.0,0.0,0.0,0.0,5.917906046161393,34.61868599845312,0.0,11.146209060138535,0.0,0.0,0.0,0.0,0.0,0.0,0.0,0.0,5.917906046161393,34.61868599845312,11.146209060138535,0.0,0.0,0.0,0.0,0.0,0.0,0.0,0.0,0.0,5.917906046161393,11.146209060138535,0.0,0.0,34.61868599845312,0.0,0.0,0.0,0.0,0.0,2.976851851851852,0.7222222222222221,0.0,0.0,10.967592592592595,0.0,0.75,8,0,0,0,0,0,0,0,0,0,0,0,1,0,0,0,0,2.9987000000000013,38.886,0,0,0,0,0,0,0,0,0,0,0,0,0,0,0,0,0,0,0,0,0,0,0,0,0,0,2,0,0,0,0,0,0,0,0,0,0,0,0,0,0,0,0,0,0,0,0,0,0,0,0,0,0,0,0,0,0,0,0,0,0,0,0,0,0,0,0,0,0,0,0,0,0,0,0,0,0,0,0,0,0,0,0,0,0
"3,4,4-Trimethyl-2-pentene",CC=C(C)C(C)(C)C,598-96-9,Not biofuel,2.224537037037037,0.36979166666666674,2.224537037037037,0.36979166666666674,0.42247462416704734,112.21599999999998,96.08799999999998,112.12520051199999,48,0,-0.017587596790620746,-0.08820513084866306,0.08820513084866306,0.017587596790620746,1.25,1.625,1.625,14.149970145196713,9.876573777741983,2.0947422086040657,-2.1791359120721387,2.2287814660352234,-2.048926028776554,5.047613063701876,0.5029228813032043,4.0288936847484,91.09616281328596,6.784457050376173,6.577350269189626,6.577350269189626,3.4813804754348494,3.116025403784439,3.116025403784439,3.2216878364870323,3.2216878364870323,1.6160254037844388,1.6160254037844388,0.4330127018922194,0.4330127018922194,-0.26,35.64737584844357,7.739999999999999,2.340807862747661,2.1527155819962744,52.60424279642154,0.0,0.0,0.0,0.0,0.0,0.0,0.0,0.0,0.0,0.0,32.42033623597502,19.26246486877803,0.0,0.0,0.0,0.0,0.0,0.0,5.41499046939678,34.61868599845312,0.0,11.64912463690315,0.0,0.0,0.0,0.0,0.0,0.0,0.0,0.0,5.41499046939678,34.61868599845312,11.64912463690315,0.0,0.0,0.0,0.0,0.0,0.0,0.0,0.0,5.41499046939678,0.0,5.573104530069267,0.0,0.0,40.694706105287,0.0,0.0,0.0,0.0,0.0,1.8258101851851853,0.0,0.0,2.1666666666666665,10.924189814814817,0.0,0.75,8,0,0,0,0,0,0,0,0,0,0,0,0,0,0,0,0,2.9987000000000013,38.886,0,0,0,0,0,0,0,0,0,0,0,0,0,0,0,0,0,0,0,0,0,0,0,0,0,0,2,0,0,0,0,0,0,0,0,0,0,0,0,0,0,0,0,0,0,0,0,0,0,0,0,0,0,0,0,0,0,0,0,0,0,0,0,0,0,0,0,0,0,0,0,0,0,0,0,0,0,0,0,0,0,0,0,0,0
"2-Ethyl-3,3-dimethyl-1-butene",CCC(=C)C(C)(C)C,18231-53-3,Not biofuel,3.9444444444444446,0.31423611111111105,3.9444444444444446,0.31423611111111105,0.4573184409568142,112.21599999999998,96.08799999999998,112.12520051199999,48,0,-0.017579449599590617,-0.09934145988173353,0.09934145988173353,0.017579449599590617,1.375,1.75,1.75,14.16459131106936,9.862099321782177,2.1097592768312543,-2.1931609623533532,2.245708873836028,-2.06131326999054,5.028993327757134,0.49023739502201985,3.823378455220923,82.70165766734145,6.784457050376173,6.414213562373095,6.414213562373095,3.4813804754348494,3.164213562373095,3.164213562373095,3.2071067811865475,3.2071067811865475,1.4874368670764584,1.4874368670764584,0.5303300858899106,0.5303300858899106,-0.26,35.64737584844357,7.739999999999999,2.340807862747661,2.1527155819962744,52.60424279642154,0.0,0.0,0.0,0.0,0.0,0.0,0.0,0.0,0.0,0.0,39.84698901243026,11.83581209232279,0.0,0.0,0.0,0.0,0.0,0.0,5.41499046939678,34.11577042168851,0.0,12.152040213667764,0.0,0.0,0.0,0.0,0.0,0.0,0.0,0.0,5.41499046939678,34.11577042168851,12.152040213667764,0.0,0.0,0.0,0.0,0.0,0.0,0.0,0.0,5.41499046939678,6.4208216229260096,5.573104530069267,0.0,0.0,34.273884482361,0.0,0.0,0.0,0.0,0.0,1.6452546296296298,0.0,0.0,1.1006944444444444,12.670717592592595,0.0,0.75,8,0,0,0,0,0,0,0,0,0,0,0,1,0,0,0,0,2.9987000000000013,38.886,0,0,0,0,0,0,0,0,0,0,0,0,0,0,0,0,0,0,0,0,0,0,0,0,0,0,1,0,0,0,0,0,0,0,0,0,0,0,0,0,0,0,0,0,0,0,0,0,0,0,0,0,0,0,0,0,0,0,0,0,0,0,0,0,0,0,0,0,0,0,0,0,0,0,0,0,0,0,0,0,0,0,0,0,0
Cyclopropene,C1C=C1,2781-85-3,Not biofuel,2.125,1.25,2.125,1.25,0.35273702798343604,40.065,36.033,40.031300128,16,0,-0.016896067685148813,-0.08444068375359089,0.08444068375359089,0.016896067685148813,1.3333333333333333,1.6666666666666667,1.6666666666666667,13.822291364304597,10.906815416881948,1.7528022334635172,-1.1470322037157097,1.9622350666129975,-0.9559282854264504,5.015975925648695,1.7071308555378526,2.7320508075688776,23.019550008653873,2.121320343559643,1.861807319565799,1.861807319565799,1.5,1.1498299142610593,1.1498299142610593,0.7071067811865476,0.7071067811865476,0.23570226039551587,0.23570226039551587,0.0,0.0,-0.26,8.75488750216347,1.1049635036496352,0.1269145932122117,0.2147991234477718,19.77370107090928,0.0,0.0,0.0,0.0,0.0,0.0,0.0,0.0,0.0,0.0,12.152040213667762,6.4208216229260096,0.0,0.0,0.0,0.0,0.0,0.0,0.0,6.4208216229260096,0.0,12.152040213667762,0.0,0.0,0.0,0.0,0.0,0.0,0.0,0.0,0.0,6.4208216229260096,12.152040213667762,0.0,0.0,0.0,0.0,0.0,0.0,0.0,0.0,0.0,0.0,6.4208216229260096,0.0,0.0,12.152040213667762,0.0,0.0,0.0,0.0,0.0,0.0,0.0,0.0,5.5,0.0,0.0,0.3333333333333333,3,0,0,1,0,1,0,0,0,0,0,0,0,0,0,0,1,0.9463,13.757000000000001,0,0,0,0,0,0,0,0,0,0,0,0,0,0,0,0,0,0,0,0,0,0,0,0,0,0,2,0,0,0,0,0,0,0,0,0,0,0,0,0,0,0,0,0,0,0,0,0,0,0,0,0,0,0,0,0,0,0,0,0,0,0,0,0,0,0,0,0,0,0,0,0,0,0,0,0,0,0,0,0,0,0,0,0,0
Cyclobutene,C1CC=C1,822-35-5,Not biofuel,2.1805555555555554,1.3194444444444444,2.1805555555555554,1.3194444444444444,0.3659090296777705,54.092000000000006,48.044,54.046950192,22,0,-0.031598860879652496,-0.08822056369585064,0.08822056369585064,0.031598860879652496,1.0,1.25,1.25,13.87620926558572,10.147769626700512,1.809784008235621,-1.9194238661903675,2.0140277382266736,-1.714442763179745,4.924832062393825,0.9618093280392854,2.472522037791973,29.302968908806456,2.8284271247461903,2.5689141007523464,2.5689141007523464,2.0,1.6498299142610593,1.6498299142610593,1.0487547899806575,1.0487547899806575,0.6666666666666667,0.6666666666666667,0.16666666666666669,0.16666666666666669,-0.26,3.6096404744368114,2.0073796791443854,0.5930698618776631,0.06811919128370847,26.138643185305888,0.0,0.0,0.0,0.0,0.0,0.0,0.0,0.0,0.0,0.0,12.152040213667762,12.841643245852019,0.0,0.0,0.0,0.0,0.0,0.0,0.0,12.841643245852019,0.0,12.152040213667762,0.0,0.0,0.0,0.0,0.0,0.0,0.0,0.0,0.0,12.841643245852019,12.152040213667762,0.0,0.0,0.0,0.0,0.0,0.0,0.0,0.0,0.0,0.0,12.841643245852019,0.0,0.0,12.152040213667762,0.0,0.0,0.0,0.0,0.0,0.0,0.0,0.0,7.0,0.0,0.0,0.5,4,0,0,1,0,1,0,0,0,0,0,0,0,0,0,0,1,1.3364,18.374,0,0,0,0,0,0,0,0,0,0,0,0,0,0,0,0,0,0,0,0,0,0,0,0,0,0,2,0,0,0,0,0,0,0,0,0,0,0,0,0,0,0,0,0,0,0,0,0,0,0,0,0,0,0,0,0,0,0,0,0,0,0,0,0,0,0,0,0,0,0,0,0,0,0,0,0,0,0,0,0,0,0,0,0,0
Cyclopentene,C1CC=CC1,142-29-0,Biofuel,2.236111111111111,1.3194444444444444,2.236111111111111,1.3194444444444444,0.37908242774858664,68.11900000000001,60.05499999999999,68.062600256,28,0,-0.034778562662440664,-0.08852787792887483,0.08852787792887483,0.034778562662440664,1.0,1.6,1.8,13.90895582994809,10.368721598425214,1.8438377344047774,-1.6866606756717897,2.045512307816637,-1.4971461890918871,4.876292770651705,0.9293512716877671,2.3238508690240813,38.0,3.5355339059327378,3.276020881938894,3.276020881938894,2.5,2.1498299142610593,2.1498299142610593,1.4023081805739313,1.4023081805739313,0.9082482904638629,0.9082482904638629,0.5892556509887896,0.5892556509887896,-0.26,22.886435386960574,2.950970464135022,1.2497295661307843,0.5039801313892006,32.50358529970249,0.0,0.0,0.0,0.0,0.0,0.0,0.0,0.0,0.0,0.0,12.152040213667762,19.26246486877803,0.0,0.0,0.0,0.0,0.0,0.0,0.0,19.26246486877803,0.0,12.152040213667762,0.0,0.0,0.0,0.0,0.0,0.0,0.0,0.0,0.0,19.26246486877803,12.152040213667762,0.0,0.0,0.0,0.0,0.0,0.0,0.0,0.0,0.0,0.0,19.26246486877803,0.0,0.0,12.152040213667762,0.0,0.0,0.0,0.0,0.0,0.0,0.0,0.0,8.5,0.0,0.0,0.6,5,0,0,1,0,1,0,0,0,0,0,0,0,0,0,0,1,1.7265,22.990999999999993,0,0,0,0,0,0,0,0,0,0,0,0,0,0,0,0,0,0,0,0,0,0,0,0,0,0,2,0,0,0,0,0,0,0,0,0,0,0,0,0,0,0,0,0,0,0,0,0,0,0,0,0,0,0,0,0,0,0,0,0,0,0,0,0,0,0,0,0,0,0,0,0,0,0,0,0,0,0,0,0,0,0,0,0,0
1-Methylcyclopentene,CC1=CCCC1,693-89-0,Biofuel,2.3194444444444446,1.3252314814814814,2.3194444444444446,1.3252314814814814,0.3925134126271643,82.14600000000002,72.06599999999999,82.07825032,34,0,-0.032013466523610326,-0.08559874360891062,0.08559874360891062,0.032013466523610326,1.6666666666666667,2.5,2.6666666666666665,14.009600448576299,10.270243033808821,1.9448539942833214,-1.793693590549059,2.1468567451479785,-1.5928039338367144,5.024645629712913,0.9065276745046226,2.4496233009682675,70.10749561002055,4.405777393935816,4.198670612749268,4.198670612749268,2.893846850117352,2.5504768156519493,2.5504768156519493,1.9427053408400363,1.9427053408400363,1.2680376876527193,1.2680376876527193,0.8314246256738721,0.8314246256738721,-0.26,33.548875021634686,3.914216027874565,1.4594921149257283,0.6180917327791916,38.868527414099105,0.0,0.0,0.0,0.0,0.0,0.0,0.0,0.0,0.0,0.0,11.64912463690315,26.186202068468653,0.0,0.0,0.0,0.0,0.0,0.0,0.0,26.186202068468653,0.0,11.64912463690315,0.0,0.0,0.0,0.0,0.0,0.0,0.0,0.0,0.0,26.186202068468653,11.64912463690315,0.0,0.0,0.0,0.0,0.0,0.0,0.0,0.0,0.0,0.0,19.26246486877803,5.573104530069267,0.0,12.999757306524504,0.0,0.0,0.0,0.0,0.0,1.5787037037037037,0.0,0.0,6.386574074074074,2.201388888888889,0.0,0.6666666666666666,6,0,0,1,0,1,0,0,0,0,0,0,0,0,0,0,1,2.1166,27.607999999999986,0,0,0,0,0,0,0,0,0,0,0,0,0,0,0,0,0,0,0,0,0,0,0,0,0,0,2,0,0,0,0,0,0,0,0,0,0,0,0,0,0,0,0,0,0,0,0,0,0,0,0,0,0,0,0,0,0,0,0,0,0,0,0,0,0,0,0,0,0,0,0,0,0,0,0,0,0,0,0,0,0,0,0,0,0
Cyclohexene,C1CCC=CC1,110-83-8,Biofuel,2.267361111111111,1.3194444444444444,2.267361111111111,1.3194444444444444,0.3925134126271643,82.146,72.06599999999999,82.07825032,34,0,-0.03506250967660176,-0.08853909262111662,0.08853909262111662,0.03506250967660176,0.8333333333333334,1.3333333333333333,1.5,13.930949479463568,10.09497560017113,1.8664053496446475,-1.9700421058469584,2.066686710870128,-1.7693260179126047,4.848378458082364,0.7300577478236903,2.2551447208210704,45.058650025961626,4.242640687119286,3.9831276631254413,3.9831276631254413,3.0,2.6498299142610593,2.6498299142610593,1.755861571167205,1.755861571167205,1.158248290463863,1.158248290463863,0.7600796553858445,0.7600796553858445,-0.26,34.3994618804395,3.914216027874565,2.012323325522952,0.8522145467348156,38.868527414099105,0.0,0.0,0.0,0.0,0.0,0.0,0.0,0.0,0.0,0.0,12.152040213667762,25.683286491704038,0.0,0.0,0.0,0.0,0.0,0.0,0.0,25.683286491704038,0.0,12.152040213667762,0.0,0.0,0.0,0.0,0.0,0.0,0.0,0.0,0.0,25.683286491704038,12.152040213667762,0.0,0.0,0.0,0.0,0.0,0.0,0.0,0.0,0.0,0.0,25.683286491704038,0.0,0.0,12.152040213667762,0.0,0.0,0.0,0.0,0.0,0.0,0.0,0.0,10.0,0.0,0.0,0.6666666666666666,6,0,0,1,0,1,0,0,0,0,0,0,0,0,0,0,1,2.1166,27.607999999999986,0,0,0,0,0,0,0,0,0,0,0,0,0,0,0,0,0,0,0,0,0,0,0,0,0,0,2,0,0,0,0,0,0,0,0,0,0,0,0,0,0,0,0,0,0,0,0,0,0,0,0,0,0,0,0,0,0,0,0,0,0,0,0,0,0,0,0,0,0,0,0,0,0,0,0,0,0,0,0,0,0,0,0,0,0
1-Ethylcyclopentene, CCC1=CCCC1 ,2146-38-5,Not biofuel,2.375,1.2777777777777777,2.375,1.2777777777777777,0.43985085842938587,96.173,84.07699999999998,96.093900384,40,0,-0.03174701435825888,-0.08533028056619632,0.08533028056619632,0.03174701435825888,1.7142857142857142,2.5714285714285716,2.857142857142857,14.049694592815372,10.180314385345278,1.9859204767311294,-1.8841451781267502,2.186952349933411,-1.6822232443220402,5.054626563531177,0.8794147273760553,2.361138806557069,80.03910001730775,5.112884175122364,4.905777393935816,4.905777393935816,3.431851652578137,3.111136987431771,3.111136987431771,2.108154351477155,2.108154351477155,1.5891519502467624,1.5891519502467624,1.0584866982898378,1.0584866982898378,-0.26,66.31310982742876,4.888367952522255,2.1527155819962744,1.05107143044159,45.23346952849571,0.0,0.0,0.0,0.0,0.0,0.0,0.0,0.0,0.0,0.0,18.572861836593773,25.683286491704038,0.0,0.0,0.0,0.0,0.0,0.0,0.0,32.60702369139466,0.0,11.64912463690315,0.0,0.0,0.0,0.0,0.0,0.0,0.0,0.0,0.0,32.60702369139466,11.64912463690315,0.0,0.0,0.0,0.0,0.0,0.0,0.0,0.0,0.0,0.0,25.683286491704038,5.573104530069267,0.0,12.999757306524504,0.0,0.0,0.0,0.0,0.0,1.6666666666666667,0.0,0.0,7.766712962962963,2.2332870370370372,0.0,0.7142857142857143,7,0,0,1,0,1,0,0,0,0,0,0,1,0,0,0,1,2.5067000000000004,32.22499999999999,0,0,0,0,0,0,0,0,0,0,0,0,0,0,0,0,0,0,0,0,0,0,0,0,0,0,2,0,0,0,0,0,0,0,0,0,0,0,0,0,0,0,0,0,0,0,0,0,0,0,0,0,0,0,0,0,0,0,0,0,0,0,0,0,0,0,0,0,0,0,0,0,0,0,0,0,0,0,0,0,0,0,0,0,0
3-Ethylcyclopentene, CCC1CCC=C1 ,694-35-9,Not biofuel,2.3333333333333335,0.9166666666666665,2.3333333333333335,0.9166666666666665,0.4394712288282285,96.17299999999999,84.07699999999998,96.093900384,40,0,-0.023319387066812493,-0.0882384924741827,0.0882384924741827,0.023319387066812493,1.7142857142857142,2.5714285714285716,2.857142857142857,14.090932205703014,10.080095908729456,2.033075684771065,-1.9729595928346892,2.183979155300733,-1.8443773069769847,4.94572526485125,0.611969951053719,2.2803527154319694,72.10749561002055,5.112884175122364,4.8533711511285205,4.8533711511285205,3.431851652578137,3.098518319244804,3.098518319244804,2.1738305651647245,2.1738305651647245,1.6367498306861237,1.6367498306861237,1.0354083081072696,1.0354083081072696,-0.26,66.31310982742876,4.888367952522255,2.1527155819962744,1.05107143044159,45.233469528495704,0.0,0.0,0.0,0.0,0.0,0.0,0.0,0.0,0.0,0.0,19.075777413358384,25.18037091493942,0.0,0.0,0.0,0.0,0.0,0.0,5.917906046161393,26.186202068468653,0.0,12.152040213667762,0.0,0.0,0.0,0.0,0.0,0.0,0.0,0.0,5.917906046161393,26.186202068468653,12.152040213667762,0.0,0.0,0.0,0.0,0.0,0.0,0.0,0.0,0.0,5.917906046161393,19.26246486877803,0.0,0.0,19.075777413358384,0.0,0.0,0.0,0.0,0.0,0.0,0.9166666666666665,0.0,8.666342592592594,2.250324074074074,0.0,0.7142857142857143,7,0,0,1,0,1,0,0,0,0,0,0,1,0,0,0,1,2.3626000000000005,32.15499999999999,0,0,0,0,0,0,0,0,0,0,0,0,0,0,0,0,0,0,0,0,0,0,0,0,0,0,2,0,0,0,0,0,0,0,0,0,0,0,0,0,0,0,0,0,0,0,0,0,0,0,0,0,0,0,0,0,0,0,0,0,0,0,0,0,0,0,0,0,0,0,0,0,0,0,0,0,0,0,0,0,0,0,0,0,0
1-Methylcyclohexene,CC1=CCCCC1,591-49-1,Biofuel,2.3506944444444446,1.3252314814814814,2.3506944444444446,1.3252314814814814,0.4063379244355816,96.17300000000002,84.07699999999998,96.093900384,40,0,-0.03229754418464504,-0.0856101292004773,0.0856101292004773,0.03229754418464504,1.4285714285714286,2.2857142857142856,2.5714285714285716,14.011794786298081,10.014998096133388,1.9471551770458706,-2.050050528580466,2.148397428665112,-1.8484401103911918,4.9984463948731355,0.7015114259899414,2.4026860869140862,80.03910001730776,5.112884175122364,4.905777393935816,4.905777393935816,3.393846850117352,3.0504768156519493,3.0504768156519493,2.29625873143331,2.29625873143331,1.5180376876527193,1.5180376876527193,0.9987001203553127,0.9987001203553127,-0.26,47.19725257297226,4.888367952522255,2.1527155819962744,1.340210991593721,45.23346952849571,0.0,0.0,0.0,0.0,0.0,0.0,0.0,0.0,0.0,0.0,11.64912463690315,32.60702369139466,0.0,0.0,0.0,0.0,0.0,0.0,0.0,32.60702369139466,0.0,11.64912463690315,0.0,0.0,0.0,0.0,0.0,0.0,0.0,0.0,0.0,32.60702369139466,11.64912463690315,0.0,0.0,0.0,0.0,0.0,0.0,0.0,0.0,0.0,0.0,25.683286491704038,5.573104530069267,0.0,12.999757306524504,0.0,0.0,0.0,0.0,0.0,1.5891203703703705,0.0,0.0,7.856157407407408,2.221388888888889,0.0,0.7142857142857143,7,0,0,1,0,1,0,0,0,0,0,0,0,0,0,0,1,2.5067000000000004,32.22499999999999,0,0,0,0,0,0,0,0,0,0,0,0,0,0,0,0,0,0,0,0,0,0,0,0,0,0,2,0,0,0,0,0,0,0,0,0,0,0,0,0,0,0,0,0,0,0,0,0,0,0,0,0,0,0,0,0,0,0,0,0,0,0,0,0,0,0,0,0,0,0,0,0,0,0,0,0,0,0,0,0,0,0,0,0,0
Cycloheptene,C1CCC=CCC1,628-92-2,Not biofuel,2.298611111111111,1.3194444444444444,2.298611111111111,1.3194444444444444,0.4063379244355816,96.173,84.07699999999998,96.093900384,40,0,-0.03507328213370474,-0.08853928066218605,0.08853928066218605,0.03507328213370474,0.7142857142857143,1.2857142857142858,1.8571428571428572,13.946750644123487,10.200509800340756,1.8824701635217749,-1.859173834341281,2.081923607262595,-1.665995765165952,4.831790678103579,0.7176819800160978,2.202927766407529,54.43856189774725,4.949747468305834,4.690234444311988,4.690234444311988,3.5,3.1498299142610593,3.1498299142610593,2.1094149617604785,2.1094149617604785,1.4082482904638631,1.4082482904638631,0.9368563506824814,0.9368563506824814,-0.26,58.974147804380216,4.888367952522255,2.838891422835457,1.7674018438130124,45.23346952849571,0.0,0.0,0.0,0.0,0.0,0.0,0.0,0.0,0.0,0.0,18.57286183659377,25.683286491704038,0.0,0.0,0.0,0.0,0.0,0.0,0.0,32.10410811463005,0.0,12.152040213667762,0.0,0.0,0.0,0.0,0.0,0.0,0.0,0.0,0.0,32.10410811463005,12.152040213667762,0.0,0.0,0.0,0.0,0.0,0.0,0.0,0.0,0.0,0.0,32.10410811463005,0.0,0.0,12.152040213667762,0.0,0.0,0.0,0.0,0.0,0.0,0.0,0.0,11.5,0.0,0.0,0.7142857142857143,7,0,0,1,0,1,0,0,0,0,0,0,0,0,0,0,1,2.5067000000000004,32.22499999999999,0,0,0,0,0,0,0,0,0,0,0,0,0,0,0,0,0,0,0,0,0,0,0,0,0,0,2,0,0,0,0,0,0,0,0,0,0,0,0,0,0,0,0,0,0,0,0,0,0,0,0,0,0,0,0,0,0,0,0,0,0,0,0,0,0,0,0,0,0,0,0,0,0,0,0,0,0,0,0,0,0,0,0,0,0
"1,5,5-Trimethylcyclopentene", CC1=CCCC1(C)C ,62184-83-2,Not biofuel,2.3472222222222223,0.5138888888888888,2.3472222222222223,0.5138888888888888,0.4204986930836395,110.2,96.08799999999998,110.109550448,46,0,-0.014451009898431426,-0.08503825265960774,0.08503825265960774,0.014451009898431426,1.5,2.125,2.25,14.276204490194734,9.869356756756392,2.2236137500906703,-2.179969400884389,2.3639871765607636,-2.05932982397339,5.140325673175944,0.4426310485800045,2.7305704505840467,118.0,6.198670612749268,5.99156383156272,5.99156383156272,3.6278270848415755,3.3004768156519493,3.3004768156519493,3.309695458202148,3.309695458202148,2.287375254950126,2.287375254950126,1.1229807653676669,1.1229807653676669,-0.26,63.32225214810831,5.869198966408269,1.6111927074112877,0.79456552866286,51.59841164289231,0.0,0.0,0.0,0.0,0.0,0.0,0.0,0.0,0.0,0.0,25.496599036284397,25.180370914939424,0.0,0.0,0.0,0.0,0.0,0.0,5.41499046939678,33.61285484492389,0.0,11.64912463690315,0.0,0.0,0.0,0.0,0.0,0.0,0.0,0.0,5.41499046939678,33.61285484492389,11.64912463690315,0.0,0.0,0.0,0.0,0.0,0.0,0.0,0.0,5.41499046939678,0.0,12.841643245852019,5.573104530069267,0.0,26.847231705905752,0.0,0.0,0.0,0.0,0.0,2.0810185185185186,0.0,0.0,4.983796296296297,6.851851851851852,0.0,0.75,8,0,0,1,0,1,0,0,0,0,0,0,0,0,0,0,1,2.752700000000001,36.772,0,0,0,0,0,0,0,0,0,0,0,0,0,0,0,0,0,0,0,0,0,0,0,0,0,0,2,0,0,0,0,0,0,0,0,0,0,0,0,0,0,0,0,0,0,0,0,0,0,0,0,0,0,0,0,0,0,0,0,0,0,0,0,0,0,0,0,0,0,0,0,0,0,0,0,0,0,0,0,0,0,0,0,0,0
1-Propylcyclopentene, CCCC1=CCCC1 ,3074-61-1,Not biofuel,2.40625,1.3252314814814814,2.40625,1.3252314814814814,0.47933571968493516,110.19999999999999,96.08799999999998,110.109550448,46,0,-0.03173675640899104,-0.0853201566063229,0.0853201566063229,0.03173675640899104,1.625,2.5,3.0,14.067930930386938,10.12981194713076,2.004693163608865,-1.9336698107074624,2.205047822915331,-1.7331974852976795,5.061340976076141,0.8297259222005118,2.22983755283217,90.2114326716684,5.819990956308912,5.612884175122364,5.612884175122364,3.931851652578137,3.611136987431771,3.611136987431771,2.504600960883881,2.504600960883881,1.7061420676088743,1.7061420676088743,1.2855487709058036,1.2855487709058036,-0.26,107.1071906974106,5.869198966408269,2.9071056558917943,1.3594106312376408,51.59841164289232,0.0,0.0,0.0,0.0,0.0,0.0,0.0,0.0,0.0,0.0,24.99368345951978,25.683286491704038,0.0,0.0,0.0,0.0,0.0,0.0,0.0,39.02784531432067,0.0,11.64912463690315,0.0,0.0,0.0,0.0,0.0,0.0,0.0,0.0,0.0,39.02784531432067,11.64912463690315,0.0,0.0,0.0,0.0,0.0,0.0,0.0,0.0,0.0,0.0,32.10410811463005,5.573104530069267,0.0,12.999757306524504,0.0,0.0,0.0,0.0,0.0,1.701388888888889,0.0,0.0,9.216111111111111,2.2491666666666665,0.0,0.75,8,0,0,1,0,1,0,0,0,0,0,0,2,0,0,0,1,2.8968000000000016,36.842,0,0,0,0,0,0,0,0,0,0,0,0,0,0,0,0,0,0,0,0,0,0,0,0,0,0,2,0,0,0,0,0,0,0,0,0,0,0,0,0,0,0,0,0,0,0,0,0,0,0,0,0,0,0,0,0,0,0,0,0,0,0,0,0,0,0,0,0,0,0,0,0,0,0,0,0,0,0,0,0,0,0,0,0,0
1-Ethylcyclohexene, CCC1=CCCCC1 ,1453-24-3,Not biofuel,2.40625,1.2777777777777777,2.40625,1.2777777777777777,0.45516651055687746,110.2,96.08799999999998,110.109550448,46,0,-0.03203109035525184,-0.08534166775170343,0.08534166775170343,0.03203109035525184,1.5,2.375,2.75,14.046822679743563,9.98068829835919,1.982916245805752,-2.0835678869016188,2.1835657036755034,-1.8826025917785767,5.029912156599008,0.6841113106010444,2.3728982555212776,90.2114326716684,5.819990956308912,5.612884175122364,5.612884175122364,3.931851652578137,3.611136987431771,3.611136987431771,2.4617077420704283,2.4617077420704283,1.8391519502467624,1.8391519502467624,1.2257621929712785,1.2257621929712785,-0.26,91.36757727918736,5.869198966408269,2.9071056558917943,1.3594106312376408,51.59841164289232,0.0,0.0,0.0,0.0,0.0,0.0,0.0,0.0,0.0,0.0,18.572861836593773,32.10410811463005,0.0,0.0,0.0,0.0,0.0,0.0,0.0,39.02784531432067,0.0,11.64912463690315,0.0,0.0,0.0,0.0,0.0,0.0,0.0,0.0,0.0,39.02784531432067,11.64912463690315,0.0,0.0,0.0,0.0,0.0,0.0,0.0,0.0,0.0,0.0,32.10410811463005,5.573104530069267,0.0,12.999757306524504,0.0,0.0,0.0,0.0,0.0,1.6770833333333335,0.0,0.0,9.242407407407406,2.247175925925926,0.0,0.75,8,0,0,1,0,1,0,0,0,0,0,0,1,0,0,0,1,2.8968000000000016,36.842,0,0,0,0,0,0,0,0,0,0,0,0,0,0,0,0,0,0,0,0,0,0,0,0,0,0,2,0,0,0,0,0,0,0,0,0,0,0,0,0,0,0,0,0,0,0,0,0,0,0,0,0,0,0,0,0,0,0,0,0,0,0,0,0,0,0,0,0,0,0,0,0,0,0,0,0,0,0,0,0,0,0,0,0,0
1-Methylcycloheptene,CC1=CCCCCC1,1453-25-4,Not biofuel,2.3819444444444446,1.3252314814814814,2.3819444444444446,1.3252314814814814,0.42048665275473174,110.20000000000002,96.08799999999998,110.109550448,46,0,-0.03230831796166139,-0.08561031861861132,0.08561031861861132,0.03230831796166139,1.25,2.125,3.0,14.013531976657703,10.153176297694703,1.9489598540909499,-1.9109787190327587,2.149660682434966,-1.710884160094094,4.984469342099631,0.7108288393798354,2.357125490943583,90.2114326716684,5.819990956308912,5.612884175122364,5.612884175122364,3.893846850117352,3.5504768156519493,3.5504768156519493,2.6498121220265833,2.6498121220265833,1.7680376876527193,1.7680376876527193,1.1754768156519495,1.1754768156519495,-0.26,85.39865212877876,5.869198966408269,2.9071056558917943,1.68828480015081,51.59841164289232,0.0,0.0,0.0,0.0,0.0,0.0,0.0,0.0,0.0,0.0,18.06994625982916,32.60702369139466,0.0,0.0,0.0,0.0,0.0,0.0,0.0,39.02784531432067,0.0,11.64912463690315,0.0,0.0,0.0,0.0,0.0,0.0,0.0,0.0,0.0,39.02784531432067,11.64912463690315,0.0,0.0,0.0,0.0,0.0,0.0,0.0,0.0,0.0,0.0,32.10410811463005,5.573104530069267,0.0,12.999757306524504,0.0,0.0,0.0,0.0,0.0,1.5995370370370372,0.0,0.0,9.325740740740741,2.241388888888889,0.0,0.75,8,0,0,1,0,1,0,0,0,0,0,0,0,0,0,0,1,2.8968000000000016,36.842,0,0,0,0,0,0,0,0,0,0,0,0,0,0,0,0,0,0,0,0,0,0,0,0,0,0,2,0,0,0,0,0,0,0,0,0,0,0,0,0,0,0,0,0,0,0,0,0,0,0,0,0,0,0,0,0,0,0,0,0,0,0,0,0,0,0,0,0,0,0,0,0,0,0,0,0,0,0,0,0,0,0,0,0,0
Cyclooctene,C1CCCC=CCC1,931-88-4,Biofuel,2.318611111111111,1.3194444444444444,2.318611111111111,1.3194444444444444,0.42048665275473174,110.19999999999999,96.08799999999998,110.109550448,46,0,-0.03507346591861598,-0.0885392821504849,0.0885392821504849,0.03507346591861598,0.625,1.125,1.625,13.958669845942268,10.069167722117726,1.8945098322544998,-1.9952779206978322,2.0934373842076024,-1.7961059200178253,4.8218369058280395,0.6377403788636736,2.172380198442006,62.10749561002055,5.6568542494923815,5.397341225498536,5.397341225498536,4.0,3.6498299142610593,3.6498299142610593,2.4629683523537524,2.4629683523537524,1.658248290463863,1.658248290463863,1.1136330459791182,1.1136330459791182,-0.26,72.69482743708812,5.869198966408269,3.7068222395822903,2.1527155819962744,51.59841164289232,0.0,0.0,0.0,0.0,0.0,0.0,0.0,0.0,0.0,0.0,24.99368345951978,25.683286491704038,0.0,0.0,0.0,0.0,0.0,0.0,0.0,38.524929737556064,0.0,12.152040213667762,0.0,0.0,0.0,0.0,0.0,0.0,0.0,0.0,0.0,38.524929737556064,12.152040213667762,0.0,0.0,0.0,0.0,0.0,0.0,0.0,0.0,0.0,0.0,38.524929737556064,0.0,0.0,12.152040213667762,0.0,0.0,0.0,0.0,0.0,0.0,0.0,0.0,13.0,0.0,0.0,0.75,8,0,0,1,0,1,0,0,0,0,0,0,0,0,0,0,1,2.8968000000000016,36.842,0,0,0,0,0,0,0,0,0,0,0,0,0,0,0,0,0,0,0,0,0,0,0,0,0,0,2,0,0,0,0,0,0,0,0,0,0,0,0,0,0,0,0,0,0,0,0,0,0,0,0,0,0,0,0,0,0,0,0,0,0,0,0,0,0,0,0,0,0,0,0,0,0,0,0,0,0,0,0,0,0,0,0,0,0
β-Pinene,CC1(C2CCC(=C)C1C2)C,127-91-3,Biofuel,4.128726851851852,0.6064814814814814,4.128726851851852,0.6064814814814814,0.44898299940434644,136.238,120.10999999999997,136.125200512,56,0,-0.014905781855990823,-0.09956033328791052,0.09956033328791052,0.014905781855990823,1.5,2.2,2.5,14.55393734679073,9.474523142158725,2.5074837412932376,-2.572114961201127,2.601055543483972,-2.48297363008859,5.180720430864936,-0.027256165416087465,2.2310808128795734,174.47733175670794,7.3533711511285205,6.983127663125442,6.983127663125442,4.621027033568037,4.297877056362576,4.297877056362576,4.503502173320056,4.503502173320056,3.777239609420482,3.777239609420482,2.732515150218255,2.732515150218255,-0.26,188.72061365554623,6.450201165867344,1.6637425470500236,0.5744620757576451,63.32246471815629,0.0,0.0,0.0,0.0,0.0,0.0,0.0,0.0,0.0,0.0,25.999514613049012,36.51326743049759,0.0,0.0,0.0,0.0,0.0,0.0,17.250802561719567,33.10993926815928,0.0,12.152040213667764,0.0,0.0,0.0,0.0,0.0,0.0,0.0,0.0,17.250802561719567,33.10993926815928,12.152040213667764,0.0,0.0,0.0,0.0,0.0,0.0,0.0,0.0,5.41499046939678,11.835812092322787,24.835569398847294,0.0,0.0,20.426410082979746,0.0,0.0,0.0,0.0,0.0,2.127314814814815,1.8835648148148145,0.0,4.145763888888888,8.926689814814814,0.0,0.8,10,0,0,3,0,3,0,0,0,0,0,0,0,3,0,3,3,2.9987000000000013,43.75200000000002,0,0,0,0,0,0,0,0,0,0,0,0,0,0,0,0,0,0,0,0,0,0,0,0,0,0,1,0,0,0,0,0,0,0,0,0,2,0,0,0,0,0,0,0,0,0,0,0,0,0,0,0,0,0,0,0,0,0,0,0,0,0,0,0,0,0,0,0,0,0,0,0,0,0,0,0,0,0,0,0,0,0,0,0,0
Dipentene (Limonene),CC1=CCC(CC1)C(=C)C,138-86-3,Biofuel,3.9745748299319725,0.7673148148148146,3.9745748299319725,0.7673148148148146,0.48503449155951595,136.238,120.10999999999997,136.125200512,56,0,-0.0170963194460879,-0.099849370815529,0.099849370815529,0.0170963194460879,1.7,2.4,2.8,14.167726438908824,9.860904675999693,2.1127645688555345,-2.1947080392011404,2.268533557486795,-2.043086249184487,5.092421184055857,0.5403280569003357,2.495412226862891,162.8771237954945,7.560477932315068,6.983127663125442,6.983127663125442,4.698377302757663,4.009201921767763,4.009201921767763,3.368130306120973,3.368130306120973,2.3348909117743477,2.3348909117743477,1.4128424251168994,1.4128424251168994,-0.52,180.91251467537336,7.585485232067512,3.0462804076265617,1.7285097165599768,63.63869283950128,0.0,0.0,0.0,0.0,0.0,0.0,0.0,0.0,0.0,0.0,23.801164850570917,39.02784531432067,0.0,0.0,0.0,0.0,0.0,0.0,5.917906046161393,33.10993926815928,0.0,23.801164850570917,0.0,0.0,0.0,0.0,0.0,0.0,0.0,0.0,5.917906046161393,33.10993926815928,23.801164850570917,0.0,0.0,0.0,0.0,0.0,0.0,0.0,0.0,0.0,5.917906046161393,24.835569398847298,5.573104530069267,0.0,26.502430189813627,0.0,0.0,0.0,0.0,0.0,2.9039351851851856,0.7673148148148146,0.0,6.16587962962963,8.329537037037037,0.0,0.6,10,0,0,1,0,1,0,0,0,0,0,0,1,0,0,0,1,3.308900000000002,45.91200000000003,0,0,0,0,0,0,0,0,0,0,0,0,0,0,0,0,0,0,0,0,0,0,0,0,0,0,3,0,0,0,0,0,0,0,0,0,0,0,0,0,0,0,0,0,0,0,0,0,0,0,0,0,0,0,0,0,0,0,0,0,0,0,0,0,0,0,0,0,0,0,0,0,0,0,0,0,0,0,0,0,0,0,0,0,0
Propadiene,C=C=C,463-49-0,Not biofuel,3.125,2.25,3.125,2.25,0.35289546473885236,40.06499999999999,36.033,40.031300128,16,0,-0.05718564266846732,-0.1365608333003779,0.1365608333003779,0.05718564266846732,1.3333333333333333,1.3333333333333333,1.3333333333333333,13.011500124999987,11.011499875000004,0.9044339576418274,-1.0971804336106725,1.1556001249999912,-0.8444001249999922,4.513500124999989,2.513499875000008,3.2659863237109046,21.019550008653873,2.7071067811865475,1.914213562373095,1.914213562373095,1.4142135623730951,0.7071067811865475,0.7071067811865475,0.24999999999999994,0.24999999999999994,0.0,0.0,0.0,0.0,-0.48,2.7548875021634682,2.52,1.5199999999999998,1.52,20.08992919225426,0.0,0.0,0.0,0.0,0.0,0.0,0.0,0.0,0.0,5.731218590741754,13.157871367196995,0.0,0.0,0.0,0.0,0.0,0.0,0.0,0.0,0.0,0.0,18.88908995793875,0.0,0.0,0.0,0.0,0.0,0.0,0.0,0.0,0.0,0.0,18.88908995793875,0.0,0.0,0.0,0.0,0.0,0.0,0.0,0.0,0.0,0.0,0.0,0.0,0.0,18.88908995793875,0.0,0.0,0.0,0.0,0.0,2.25,0.0,0.0,0.0,6.25,0.0,0.0,3,0,0,0,0,0,0,0,0,0,0,0,0,0,0,0,0,0.9572999999999999,14.767000000000001,0,0,0,0,0,0,0,0,0,0,0,0,0,0,0,0,0,0,0,0,0,0,0,0,0,0,0,0,0,0,0,0,0,0,0,0,0,0,0,0,0,0,0,0,0,0,0,0,0,0,0,0,0,0,0,0,0,0,0,0,0,0,0,0,0,0,0,0,0,0,0,0,0,0,0,0,0,0,0,0,0,0,0,0,0
"1,2-Butadiene",CC=C=C,590-19-2,Not biofuel,3.298611111111111,1.7638888888888888,3.298611111111111,1.7638888888888888,0.36602345173393347,54.09199999999999,48.044,54.046950192,22,0,-0.03934352987023124,-0.1333613946823819,0.1333613946823819,0.03934352987023124,2.0,2.25,2.25,13.318687870871214,10.705019941459842,1.2418651508035223,-1.3742446222836278,1.4600558129402406,-1.1536481809914847,4.668781364501464,1.7815428166233476,3.1086122966741363,38.0,3.414213562373095,2.784457050376173,2.784457050376173,1.914213562373095,1.2195787943777125,1.2195787943777125,0.49279927982674443,0.49279927982674443,0.2041241452319315,0.2041241452319315,0.0,0.0,-0.48,6.854752972273345,3.52,2.52,1.5199999999999998,26.454871306650865,0.0,0.0,0.0,0.0,0.0,0.0,0.0,0.0,0.0,5.731218590741754,6.578935683598497,12.999757306524504,0.0,0.0,0.0,0.0,0.0,0.0,0.0,6.923737199690624,0.0,18.386174381174133,0.0,0.0,0.0,0.0,0.0,0.0,0.0,0.0,0.0,6.923737199690624,18.386174381174133,0.0,0.0,0.0,0.0,0.0,0.0,0.0,0.0,0.0,0.0,0.0,6.076020106833881,6.923737199690624,12.310154274340253,0.0,0.0,0.0,0.0,0.0,2.5555555555555554,0.0,0.0,1.7638888888888888,5.180555555555555,0.0,0.25,4,0,0,0,0,0,0,0,0,0,0,0,0,0,0,0,0,1.3474,19.383999999999997,0,0,0,0,0,0,0,0,0,0,0,0,0,0,0,0,0,0,0,0,0,0,0,0,0,0,1,0,0,0,0,0,0,0,0,0,0,0,0,0,0,0,0,0,0,0,0,0,0,0,0,0,0,0,0,0,0,0,0,0,0,0,0,0,0,0,0,0,0,0,0,0,0,0,0,0,0,0,0,0,0,0,0,0,0
"1,3-Butadiene",C=CC=C,106-99-0,Biofuel,3.361111111111111,1.6388888888888888,3.361111111111111,1.6388888888888888,0.3963339686814092,54.09199999999999,48.044,54.046950192,22,0,-0.07008230826610218,-0.0990867373646055,0.0990867373646055,0.07008230826610218,1.0,1.25,1.25,13.37805378572964,10.645579751400382,1.290908900087874,-1.4417114184529805,1.5221537857296414,-1.2103202485996194,4.8800537857296415,2.14757975140038,2.7320508075688776,21.019550008653873,3.414213562373095,2.5689141007523464,2.5689141007523464,1.914213562373095,1.1498299142610593,1.1498299142610593,0.4714045207910318,0.4714045207910318,0.16666666666666666,0.16666666666666666,0.0,0.0,-0.52,6.854752972273345,3.48,2.48,1.48,26.454871306650865,0.0,0.0,0.0,0.0,0.0,0.0,0.0,0.0,0.0,0.0,25.309911580864757,0.0,0.0,0.0,0.0,0.0,0.0,0.0,0.0,0.0,0.0,25.309911580864757,0.0,0.0,0.0,0.0,0.0,0.0,0.0,0.0,0.0,0.0,25.309911580864757,0.0,0.0,0.0,0.0,0.0,0.0,0.0,0.0,0.0,0.0,0.0,12.152040213667762,0.0,13.157871367196995,0.0,0.0,0.0,0.0,0.0,0.0,0.0,0.0,3.2777777777777777,6.722222222222222,0.0,0.0,4,0,0,0,0,0,0,0,0,0,0,0,1,0,0,0,0,1.3584,20.393999999999995,0,0,0,0,0,0,0,0,0,0,0,0,0,0,0,0,0,0,0,0,0,0,0,0,0,0,2,0,0,0,0,0,0,0,0,0,0,0,0,0,0,0,0,0,0,0,0,0,0,0,0,0,0,0,0,0,0,0,0,0,0,0,0,0,0,0,0,0,0,0,0,0,0,0,0,0,0,0,0,0,0,0,0,0,0
"3-Methyl-1,2-butadiene",CC(=C=C)C,598-25-4,Not biofuel,3.398148148148148,1.1435185185185186,3.398148148148148,1.1435185185185186,0.37916016635439315,68.119,60.05499999999999,68.062600256,28,0,-0.035146321294410254,-0.1301701800250366,0.1301701800250366,0.035146321294410254,1.6,1.8,1.8,13.63052997958913,10.393907253971346,1.5708535152231182,-1.6672221266105345,1.7706647227720977,-1.465985246337508,4.868360439132988,1.4128079663162407,3.5991035718272086,60.10749561002054,4.284457050376173,3.7071067811865475,3.7071067811865475,2.270055610029662,1.6035533905932737,1.6035533905932737,1.176776695296637,1.176776695296637,0.35355339059327373,0.35355339059327373,0.0,0.0,-0.48,9.65148445440323,4.519999999999999,1.8040909090909085,3.5199999999999974,32.81981342104748,0.0,0.0,0.0,0.0,0.0,0.0,0.0,0.0,0.0,5.731218590741754,6.578935683598497,19.420578929450514,0.0,0.0,0.0,0.0,0.0,0.0,0.0,13.847474399381248,0.0,17.883258804409518,0.0,0.0,0.0,0.0,0.0,0.0,0.0,0.0,0.0,13.847474399381248,17.883258804409518,0.0,0.0,0.0,0.0,0.0,0.0,0.0,0.0,0.0,5.573104530069267,0.0,0.0,13.847474399381248,12.310154274340253,0.0,0.0,0.0,0.0,0.0,3.837962962962963,0.0,0.0,0.0,7.328703703703703,0.0,0.4,5,0,0,0,0,0,0,0,0,0,0,0,0,0,0,0,0,1.7375,24.00099999999999,0,0,0,0,0,0,0,0,0,0,0,0,0,0,0,0,0,0,0,0,0,0,0,0,0,0,1,0,0,0,0,0,0,0,0,0,0,0,0,0,0,0,0,0,0,0,0,0,0,0,0,0,0,0,0,0,0,0,0,0,0,0,0,0,0,0,0,0,0,0,0,0,0,0,0,0,0,0,0,0,0,0,0,0,0
"2-Methyl-1,3-butadiene",CC(=C)C=C,78-79-5,Biofuel,3.5555555555555554,1.0185185185185186,3.5555555555555554,1.0185185185185186,0.41051468223900506,68.11900000000001,60.05499999999999,68.062600256,28,0,-0.040383549426410544,-0.09882310718358248,0.09882310718358248,0.040383549426410544,1.8,2.0,2.0,13.663201110418699,10.361242455059081,1.5895312911950221,-1.712739217545653,1.8054771631746687,-1.4965000448055632,5.0542910125344465,1.5785159751331013,3.204805417886435,51.058650025961626,4.284457050376173,3.4915638315627207,3.4915638315627207,2.270055610029662,1.5504768156519497,1.5504768156519497,1.0504768156519497,1.0504768156519497,0.34846171252933794,0.34846171252933794,0.0,0.0,-0.52,9.65148445440323,4.480000000000002,1.7673563218390813,3.4800000000000026,32.81981342104747,0.0,0.0,0.0,0.0,0.0,0.0,0.0,0.0,0.0,0.0,24.806996004100142,6.923737199690624,0.0,0.0,0.0,0.0,0.0,0.0,0.0,6.923737199690624,0.0,24.806996004100142,0.0,0.0,0.0,0.0,0.0,0.0,0.0,0.0,0.0,6.923737199690624,24.806996004100142,0.0,0.0,0.0,0.0,0.0,0.0,0.0,0.0,0.0,5.573104530069267,0.0,6.076020106833881,6.923737199690624,13.157871367196995,0.0,0.0,0.0,0.0,0.0,1.0185185185185186,0.0,0.0,1.7222222222222223,8.925925925925926,0.0,0.2,5,0,0,0,0,0,0,0,0,0,0,0,1,0,0,0,0,1.7485,25.01099999999999,0,0,0,0,0,0,0,0,0,0,0,0,0,0,0,0,0,0,0,0,0,0,0,0,0,0,2,0,0,0,0,0,0,0,0,0,0,0,0,0,0,0,0,0,0,0,0,0,0,0,0,0,0,0,0,0,0,0,0,0,0,0,0,0,0,0,0,0,0,0,0,0,0,0,0,0,0,0,0,0,0,0,0,0,0
"1,2-Pentadiene",CCC=C=C,591-95-7,Not biofuel,3.369861111111111,1.0451388888888888,3.369861111111111,1.0451388888888888,0.41043160045881444,68.119,60.05499999999999,68.062600256,28,0,-0.030313655510937995,-0.1330802448774139,0.1330802448774139,0.030313655510937995,2.0,2.6,2.6,13.550796783187259,10.47351008836081,1.4894888903561858,-1.589202395759918,1.6887626180079196,-1.3885922003863693,4.717522775487269,1.2291031902526464,2.9339686496662654,47.058650025961626,4.121320343559642,3.4915638315627207,3.4915638315627207,2.414213562373095,1.7575835968384972,1.7575835968384972,0.816496580927726,0.816496580927726,0.34846171252933794,0.34846171252933794,0.14433756729740643,0.14433756729740643,-0.48,11.245112497836532,4.519999999999999,3.5199999999999982,3.5199999999999974,32.81981342104747,0.0,0.0,0.0,0.0,0.0,0.0,0.0,0.0,0.0,5.731218590741754,13.502672883289122,12.49684172975989,0.0,0.0,0.0,0.0,0.0,0.0,0.0,13.344558822616634,0.0,18.386174381174133,0.0,0.0,0.0,0.0,0.0,0.0,0.0,0.0,0.0,13.344558822616634,18.386174381174133,0.0,0.0,0.0,0.0,0.0,0.0,0.0,0.0,0.0,6.4208216229260096,0.0,0.0,6.076020106833881,19.233891474030877,0.0,0.0,0.0,0.0,0.0,2.642361111111111,0.0,0.0,2.9340277777777777,5.423611111111111,0.0,0.4,5,0,0,0,0,0,0,0,0,0,0,0,1,0,0,0,0,1.7375,24.00099999999999,0,0,0,0,0,0,0,0,0,0,0,0,0,0,0,0,0,0,0,0,0,0,0,0,0,0,1,0,0,0,0,0,0,0,0,0,0,0,0,0,0,0,0,0,0,0,0,0,0,0,0,0,0,0,0,0,0,0,0,0,0,0,0,0,0,0,0,0,0,0,0,0,0,0,0,0,0,0,0,0,0,0,0,0,0
"1,3-Pentadiene",CC=CC=C,504-60-9,Biofuel,3.463611111111111,1.75,3.463611111111111,1.75,0.41051468223900506,68.11900000000001,60.05499999999999,68.062600256,28,0,-0.04667865804740985,-0.09907712715583529,0.09907712715583529,0.04667865804740985,1.6,2.2,2.2,13.498529479967472,10.526112324028908,1.4151736150000132,-1.5574088648214726,1.641391231308493,-1.3310446241651446,4.939198525898851,1.743142602221809,2.9244181981729174,42.0,4.121320343559642,3.4391575887554247,3.4391575887554247,2.414213562373095,1.6522652263201558,1.6522652263201558,0.7614856834587247,0.7614856834587247,0.32853285321782977,0.32853285321782977,0.1360827634879544,0.1360827634879544,-0.52,11.245112497836532,4.480000000000002,3.4800000000000018,3.4800000000000026,32.81981342104747,0.0,0.0,0.0,0.0,0.0,0.0,0.0,0.0,0.0,0.0,24.806996004100142,6.923737199690624,0.0,0.0,0.0,0.0,0.0,0.0,0.0,6.923737199690624,0.0,24.806996004100142,0.0,0.0,0.0,0.0,0.0,0.0,0.0,0.0,0.0,6.923737199690624,24.806996004100142,0.0,0.0,0.0,0.0,0.0,0.0,0.0,0.0,0.0,0.0,0.0,6.076020106833881,19.075777413358384,6.578935683598497,0.0,0.0,0.0,0.0,0.0,0.0,0.0,0.0,5.576388888888889,5.423611111111111,0.0,0.2,5,0,0,0,0,0,0,0,0,0,0,0,1,0,0,0,0,1.7485,25.01099999999999,0,0,0,0,0,0,0,0,0,0,0,0,0,0,0,0,0,0,0,0,0,0,0,0,0,0,3,0,0,0,0,0,0,0,0,0,0,0,0,0,0,0,0,0,0,0,0,0,0,0,0,0,0,0,0,0,0,0,0,0,0,0,0,0,0,0,0,0,0,0,0,0,0,0,0,0,0,0,0,0,0,0,0,0,0
"1,4-Pentadiene",C=CCC=C,591-93-5,Not biofuel,3.4791666666666665,0.9166666666666667,3.4791666666666665,0.9166666666666667,0.4323128922897264,68.119,60.05499999999999,68.062600256,28,0,-0.017454167721881367,-0.10277094322565337,0.10277094322565337,0.017454167721881367,1.2,1.6,1.6,13.593753188222761,10.430579593414523,1.5220570571414587,-1.6422567705776832,1.7334709107720074,-1.4297331947403293,4.785534449048992,1.4232134717068197,2.6531630746803305,29.302968908806456,4.121320343559642,3.276020881938894,3.276020881938894,2.414213562373095,1.632993161855452,1.632993161855452,0.8130525295851416,0.8130525295851416,0.33333333333333337,0.33333333333333337,0.11785113019775792,0.11785113019775792,-0.52,11.245112497836532,4.480000000000002,3.4800000000000018,3.4800000000000026,32.81981342104747,0.0,0.0,0.0,0.0,0.0,0.0,0.0,0.0,0.0,13.157871367196995,12.152040213667762,6.4208216229260096,0.0,0.0,0.0,0.0,0.0,0.0,0.0,6.4208216229260096,0.0,25.309911580864757,0.0,0.0,0.0,0.0,0.0,0.0,0.0,0.0,0.0,6.4208216229260096,25.309911580864757,0.0,0.0,0.0,0.0,0.0,0.0,0.0,0.0,0.0,6.4208216229260096,0.0,0.0,12.152040213667762,13.157871367196995,0.0,0.0,0.0,0.0,0.0,0.0,0.0,0.0,4.541666666666667,6.958333333333333,0.0,0.2,5,0,0,0,0,0,0,0,0,0,0,0,2,0,0,0,0,1.7485,25.01099999999999,0,0,0,0,0,0,0,0,0,0,0,0,0,0,0,0,0,0,0,0,0,0,0,0,0,0,2,0,0,0,0,0,0,0,0,0,0,0,0,0,0,0,0,0,0,0,0,0,0,0,0,0,0,0,0,0,0,0,0,0,0,0,0,0,0,0,0,0,0,0,0,0,0,0,0,0,0,0,0,0,0,0,0,0,0
"2,3-Pentadiene",CC=C=CC,591-96-8,Not biofuel,2.861111111111111,1.875,2.861111111111111,1.875,0.37916016635439315,68.119,60.05499999999999,68.062600256,28,0,-0.03933329778619224,-0.13016212905132823,0.13016212905132823,0.03933329778619224,1.2,1.6,1.6,13.427378363789698,10.597536348578526,1.3519775286598734,-1.4796090869071337,1.568736108643524,-1.2611269858622118,4.760587384704246,1.706318801315513,3.2626788284823194,48.438561897747256,4.121320343559642,3.6547005383792515,3.6547005383792515,2.414213562373095,1.7320508075688776,1.7320508075688776,0.7440169358562925,0.7440169358562925,0.3333333333333334,0.3333333333333334,0.1666666666666667,0.1666666666666667,-0.48,11.245112497836532,4.519999999999999,3.5199999999999982,3.5199999999999974,32.81981342104747,0.0,0.0,0.0,0.0,0.0,0.0,0.0,0.0,0.0,5.731218590741754,0.0,25.99951461304901,0.0,0.0,0.0,0.0,0.0,0.0,0.0,13.847474399381248,0.0,17.883258804409515,0.0,0.0,0.0,0.0,0.0,0.0,0.0,0.0,0.0,13.847474399381248,17.883258804409515,0.0,0.0,0.0,0.0,0.0,0.0,0.0,0.0,0.0,0.0,0.0,0.0,25.99951461304901,5.731218590741754,0.0,0.0,0.0,0.0,0.0,2.861111111111111,0.0,0.0,3.75,3.888888888888889,0.0,0.4,5,0,0,0,0,0,0,0,0,0,0,0,0,0,0,0,0,1.7375,24.00099999999999,0,0,0,0,0,0,0,0,0,0,0,0,0,0,0,0,0,0,0,0,0,0,0,0,0,0,1,0,0,0,0,0,0,0,0,0,0,0,0,0,0,0,0,0,0,0,0,0,0,0,0,0,0,0,0,0,0,0,0,0,0,0,0,0,0,0,0,0,0,0,0,0,0,0,0,0,0,0,0,0,0,0,0,0,0
"1,3-Cyclopentadiene",C1C=CC=C1,542-92-7,Biofuel,2.125,1.1388888888888888,2.125,1.1388888888888888,0.4017129080676654,66.103,60.05499999999999,66.046950192,26,0,-0.01629337850445175,-0.08075036190335749,0.08075036190335749,0.01629337850445175,1.0,1.6,1.8,13.786731895249172,10.494584250869439,1.7167459769371882,-1.5681844409912475,1.9280166753593093,-1.3662352400632287,5.114782080071577,1.4506443342991782,2.609648108945015,58.10749561002055,3.5355339059327378,3.0165078579450504,3.0165078579450504,2.5,1.8164965809277263,1.8164965809277263,1.0920069606462983,1.0920069606462983,0.6554421650629287,0.6554421650629287,0.3928371006591932,0.3928371006591932,-0.52,22.886435386960574,2.7032142857142865,1.066415816326531,0.37979272959183696,31.813982267518234,0.0,0.0,0.0,0.0,0.0,0.0,0.0,0.0,0.0,0.0,24.304080427335524,6.4208216229260096,0.0,0.0,0.0,0.0,0.0,0.0,0.0,6.4208216229260096,0.0,24.304080427335524,0.0,0.0,0.0,0.0,0.0,0.0,0.0,0.0,0.0,6.4208216229260096,24.304080427335524,0.0,0.0,0.0,0.0,0.0,0.0,0.0,0.0,0.0,6.4208216229260096,0.0,0.0,0.0,24.304080427335524,0.0,0.0,0.0,0.0,0.0,0.0,0.0,0.0,9.5,0.0,0.0,0.2,5,0,0,1,0,1,0,0,0,0,0,0,0,0,0,0,1,1.5025,22.89699999999999,0,0,0,0,0,0,0,0,0,0,0,0,0,0,0,0,0,0,0,0,0,0,0,0,0,0,4,0,0,0,0,0,0,0,0,0,0,0,0,0,0,0,0,0,0,0,0,0,0,0,0,0,0,0,0,0,0,0,0,0,0,0,0,0,0,0,0,0,0,0,0,0,0,0,0,0,0,0,0,0,0,0,0,0,0
"2,3-Dimethyl-1,3-butadiene",CC(=C)C(=C)C,513-81-5,Not biofuel,3.6550925925925926,1.0648148148148149,3.6550925925925926,1.0648148148148149,0.42498877012082614,82.146,72.06599999999999,82.07825032,34,0,-0.04012105686863892,-0.09587009501833442,0.09587009501833442,0.04012105686863892,1.0,1.1666666666666667,1.1666666666666667,13.836065074283052,10.189103754947961,1.7683370834146648,-1.8788472007544048,1.9778902235226214,-1.6690864877826028,5.186852457019768,1.3850659696736396,3.567703455043203,66.03910001730776,5.1547005383792515,4.414213562373095,4.414213562373095,2.6427344100918364,1.9571067811865475,1.9571067811865475,1.5606601717798212,1.5606601717798212,0.7285533905932737,0.7285533905932737,0.0,0.0,-0.52,13.609640474436812,5.48,1.8066556556023234,1.7673563218390813,39.18475553544408,0.0,0.0,0.0,0.0,0.0,0.0,0.0,0.0,0.0,0.0,24.30408042733553,13.847474399381248,0.0,0.0,0.0,0.0,0.0,0.0,0.0,13.847474399381248,0.0,24.30408042733553,0.0,0.0,0.0,0.0,0.0,0.0,0.0,0.0,0.0,13.847474399381248,24.30408042733553,0.0,0.0,0.0,0.0,0.0,0.0,0.0,0.0,0.0,11.146209060138535,0.0,0.0,13.847474399381248,13.157871367196995,0.0,0.0,0.0,0.0,0.0,2.1296296296296298,0.0,0.0,0.0,11.203703703703704,0.0,0.3333333333333333,6,0,0,0,0,0,0,0,0,0,0,0,1,0,0,0,0,2.1386000000000003,29.627999999999986,0,0,0,0,0,0,0,0,0,0,0,0,0,0,0,0,0,0,0,0,0,0,0,0,0,0,2,0,0,0,0,0,0,0,0,0,0,0,0,0,0,0,0,0,0,0,0,0,0,0,0,0,0,0,0,0,0,0,0,0,0,0,0,0,0,0,0,0,0,0,0,0,0,0,0,0,0,0,0,0,0,0,0,0,0
"3-Methyl-1,2-Pentadiene",CCC(=C=C)C,7417-48-3,Not biofuel,3.469398148148148,1.0729166666666665,3.469398148148148,1.0729166666666665,0.4249379063017124,82.14599999999999,72.06599999999999,82.07825032,34,0,-0.027544720384561207,-0.12988841686904923,0.12988841686904923,0.027544720384561207,1.8333333333333333,2.3333333333333335,2.3333333333333335,13.76760756905092,10.257436769475838,1.7137048420609964,-1.7974786809607874,1.9062278402163855,-1.6039835706203993,4.912817550559293,1.1058344079006415,3.5175101140891663,74.03910001730775,4.99156383156272,4.414213562373095,4.414213562373095,2.808060412490447,2.164213562373095,2.164213562373095,1.3106601717798212,1.3106601717798212,0.8321067811865475,0.8321067811865475,0.12499999999999997,0.12499999999999997,-0.48,19.800269059780252,5.52,2.741238938053097,1.8040909090909085,39.18475553544408,0.0,0.0,0.0,0.0,0.0,0.0,0.0,0.0,0.0,5.731218590741754,13.502672883289122,18.9176633526859,0.0,0.0,0.0,0.0,0.0,0.0,0.0,20.268296022307258,0.0,17.883258804409518,0.0,0.0,0.0,0.0,0.0,0.0,0.0,0.0,0.0,20.268296022307258,17.883258804409518,0.0,0.0,0.0,0.0,0.0,0.0,0.0,0.0,0.0,6.4208216229260096,5.573104530069267,0.0,6.923737199690624,19.233891474030877,0.0,0.0,0.0,0.0,0.0,4.012731481481482,0.0,0.0,1.0729166666666665,7.581018518518519,0.0,0.5,6,0,0,0,0,0,0,0,0,0,0,0,1,0,0,0,0,2.1276,28.617999999999988,0,0,0,0,0,0,0,0,0,0,0,0,0,0,0,0,0,0,0,0,0,0,0,0,0,0,1,0,0,0,0,0,0,0,0,0,0,0,0,0,0,0,0,0,0,0,0,0,0,0,0,0,0,0,0,0,0,0,0,0,0,0,0,0,0,0,0,0,0,0,0,0,0,0,0,0,0,0,0,0,0,0,0,0,0
"1,2-Hexadiene",CCCC=C=C,592-44-9,Not biofuel,3.417638888888889,1.1145833333333335,3.417638888888889,1.1145833333333335,0.4475019853489157,82.146,72.06599999999999,82.07825032,34,0,-0.02771942576462263,-0.1330698378378692,0.1330698378378692,0.02771942576462263,1.8333333333333333,2.5,2.6666666666666665,13.693315686784112,10.331613679278508,1.6351521114543335,-1.7272584796035437,1.8293044447299294,-1.5324620442937031,4.733642081746461,0.9601035559163392,2.85600674522422,56.43856189774725,4.82842712474619,4.198670612749268,4.198670612749268,2.914213562373095,2.257583596838497,2.257583596838497,1.1969234250586758,1.1969234250586758,0.5773502691896257,0.5773502691896257,0.24639963991337216,0.24639963991337216,-0.48,20.986300857070454,5.52,4.519999999999999,3.5199999999999982,39.18475553544408,0.0,0.0,0.0,0.0,0.0,0.0,0.0,0.0,0.0,5.731218590741754,19.923494506215132,12.49684172975989,0.0,0.0,0.0,0.0,0.0,0.0,0.0,19.765380445542643,0.0,18.386174381174133,0.0,0.0,0.0,0.0,0.0,0.0,0.0,0.0,0.0,19.765380445542643,18.386174381174133,0.0,0.0,0.0,0.0,0.0,0.0,0.0,0.0,0.0,6.4208216229260096,6.4208216229260096,0.0,6.076020106833881,19.233891474030877,0.0,0.0,0.0,0.0,0.0,2.693611111111111,0.0,0.0,4.255972222222223,5.550416666666667,0.0,0.5,6,0,0,0,0,0,0,0,0,0,0,0,2,0,0,0,0,2.1276,28.617999999999988,0,0,0,0,0,0,0,0,0,0,0,0,0,0,0,0,0,0,0,0,0,0,0,0,0,0,1,0,0,0,0,0,0,0,0,0,0,0,0,0,0,0,0,0,0,0,0,0,0,0,0,0,0,0,0,0,0,0,0,0,0,0,0,0,0,0,0,0,0,0,0,0,0,0,0,0,0,0,0,0,0,0,0,0,0
"1,5-Hexadiene",C=CCCC=C,592-42-7,Not biofuel,3.5504166666666666,1.0590277777777777,3.5504166666666666,1.0590277777777777,0.3611916015719576,82.14599999999999,72.06599999999999,82.07825032,34,0,-0.031876741053441425,-0.10307183078345948,0.10307183078345948,0.031876741053441425,1.0,1.3333333333333333,1.5,13.720370834554197,10.304676812599807,1.6553211964291934,-1.7613680426118719,1.8575610077162377,-1.5581768709230077,4.737432950472358,1.0593242886452086,2.6559049179251715,36.0,4.82842712474619,3.9831276631254413,3.9831276631254413,2.914213562373095,2.132993161855452,2.132993161855452,1.1547005383792515,1.1547005383792515,0.5749149571305296,0.5749149571305296,0.23570226039551584,0.23570226039551584,-0.52,20.986300857070454,5.48,4.480000000000002,3.4800000000000018,39.18475553544408,0.0,0.0,0.0,0.0,0.0,0.0,0.0,0.0,0.0,13.157871367196995,12.152040213667762,12.841643245852019,0.0,0.0,0.0,0.0,0.0,0.0,0.0,12.841643245852019,0.0,25.309911580864757,0.0,0.0,0.0,0.0,0.0,0.0,0.0,0.0,0.0,12.841643245852019,25.309911580864757,0.0,0.0,0.0,0.0,0.0,0.0,0.0,0.0,0.0,12.841643245852019,0.0,0.0,12.152040213667762,13.157871367196995,0.0,0.0,0.0,0.0,0.0,0.0,0.0,0.0,5.899166666666666,7.100833333333333,0.0,0.3333333333333333,6,0,0,0,0,0,0,0,0,0,0,0,3,0,0,0,0,2.1386000000000003,29.627999999999986,0,0,0,0,0,0,0,0,0,0,0,0,0,0,0,0,0,0,0,0,0,0,0,0,0,0,2,0,0,0,0,0,0,0,0,0,0,0,0,0,0,0,0,0,0,0,0,0,0,0,0,0,0,0,0,0,0,0,0,0,0,0,0,0,0,0,0,0,0,0,0,0,0,0,0,0,0,0,0,0,0,0,0,1,0
"2,3-Hexadiene",CCC=C=CC,592-49-4,Not biofuel,2.9479166666666665,1.0876388888888888,2.9479166666666665,1.0876388888888888,0.4249379063017124,82.14599999999999,72.06599999999999,82.07825032,34,0,-0.03030342497514475,-0.12988097974057905,0.12988097974057905,0.03030342497514475,1.6666666666666667,2.3333333333333335,2.5,13.57934903062012,10.44598453741278,1.5159184499117793,-1.6189552540033114,1.7179932269582012,-1.4154510403318534,4.791367174314546,1.227302183723149,3.181471589397346,64.10749561002055,4.82842712474619,4.3618073195657985,4.3618073195657985,2.914213562373095,2.270055610029662,2.270055610029662,1.067714236957274,1.067714236957274,0.48864194209635614,0.48864194209635614,0.23570226039551587,0.23570226039551587,-0.48,20.986300857070454,5.52,4.519999999999999,3.5199999999999982,39.18475553544408,0.0,0.0,0.0,0.0,0.0,0.0,0.0,0.0,0.0,5.731218590741754,6.923737199690624,25.496599036284394,0.0,0.0,0.0,0.0,0.0,0.0,0.0,20.268296022307258,0.0,17.883258804409515,0.0,0.0,0.0,0.0,0.0,0.0,0.0,0.0,0.0,20.268296022307258,17.883258804409515,0.0,0.0,0.0,0.0,0.0,0.0,0.0,0.0,0.0,6.4208216229260096,0.0,0.0,19.075777413358388,12.654955790432378,0.0,0.0,0.0,0.0,0.0,2.9479166666666665,0.0,0.0,4.993888888888889,4.058194444444444,0.0,0.5,6,0,0,0,0,0,0,0,0,0,0,0,1,0,0,0,0,2.1276,28.617999999999988,0,0,0,0,0,0,0,0,0,0,0,0,0,0,0,0,0,0,0,0,0,0,0,0,0,0,1,0,0,0,0,0,0,0,0,0,0,0,0,0,0,0,0,0,0,0,0,0,0,0,0,0,0,0,0,0,0,0,0,0,0,0,0,0,0,0,0,0,0,0,0,0,0,0,0,0,0,0,0,0,0,0,0,0,0
"2,4-Hexadiene",CC=CC=CC,592-46-1,Biofuel,2.0,2.0,2.0,2.0,0.42498877012082614,82.146,72.06599999999999,82.07825032,34,0,-0.04667849643437667,-0.08767230365496724,0.08767230365496724,0.04667849643437667,0.8333333333333334,1.1666666666666667,1.3333333333333333,13.565192281932898,10.460409348407572,1.4833352973453817,-1.6215894877872692,1.7077996316308357,-1.396994716313725,4.984303633520153,1.6860227643797105,3.071212650007494,48.438561897747256,4.82842712474619,4.309401076758503,4.309401076758503,2.914213562373095,2.154700538379252,2.154700538379252,1.0515668461264176,1.0515668461264176,0.4960112905708619,0.4960112905708619,0.22222222222222235,0.22222222222222235,-0.52,20.986300857070454,5.48,4.480000000000002,3.4800000000000018,39.184755535444076,0.0,0.0,0.0,0.0,0.0,0.0,0.0,0.0,0.0,0.0,24.304080427335524,13.847474399381248,0.0,0.0,0.0,0.0,0.0,0.0,0.0,13.847474399381248,0.0,24.304080427335524,0.0,0.0,0.0,0.0,0.0,0.0,0.0,0.0,0.0,13.847474399381248,24.304080427335524,0.0,0.0,0.0,0.0,0.0,0.0,0.0,0.0,0.0,0.0,0.0,0.0,38.15155482671677,0.0,0.0,0.0,0.0,0.0,0.0,0.0,0.0,0.0,8.0,4.0,0.0,0.3333333333333333,6,0,0,0,0,0,0,0,0,0,0,0,1,0,0,0,0,2.1386000000000003,29.627999999999986,0,0,0,0,0,0,0,0,0,0,0,0,0,0,0,0,0,0,0,0,0,0,0,0,0,0,4,0,0,0,0,0,0,0,0,0,0,0,0,0,0,0,0,0,0,0,0,0,0,0,0,0,0,0,0,0,0,0,0,0,0,0,0,0,0,0,0,0,0,0,0,0,0,0,0,0,0,0,0,0,0,0,0,0,0
"1,3-Cyclohexadiene",C1CC=CC=C1,592-57-4,Biofuel,2.1805555555555554,1.2326388888888888,2.1805555555555554,1.2326388888888888,0.4165464863574293,80.13,72.06599999999999,80.062600256,32,0,-0.03127517150855859,-0.08424019636534692,0.08424019636534692,0.03127517150855859,0.8333333333333334,1.3333333333333333,1.5,13.83677685703804,10.189103754947961,1.7702648634321165,-1.8781155161862886,1.9758585021464654,-1.6718772356202873,5.065699631630833,1.0362386186845471,2.462498011451559,66.03910001730776,4.242640687119286,3.723614639131598,3.723614639131598,3.0,2.3164965809277263,2.3164965809277263,1.4336549694404082,1.4336549694404082,0.8832766380870201,0.8832766380870201,0.5420350197234278,0.5420350197234278,-0.52,34.3994618804395,3.662481751824818,1.8066556556023234,0.7127241728381909,38.17892438191485,0.0,0.0,0.0,0.0,0.0,0.0,0.0,0.0,0.0,0.0,24.304080427335524,12.841643245852019,0.0,0.0,0.0,0.0,0.0,0.0,0.0,12.841643245852019,0.0,24.304080427335524,0.0,0.0,0.0,0.0,0.0,0.0,0.0,0.0,0.0,12.841643245852019,24.304080427335524,0.0,0.0,0.0,0.0,0.0,0.0,0.0,0.0,0.0,0.0,12.841643245852019,0.0,0.0,24.304080427335524,0.0,0.0,0.0,0.0,0.0,0.0,0.0,0.0,10.999999999999998,0.0,0.0,0.3333333333333333,6,0,0,1,0,1,0,0,0,0,0,0,0,0,0,0,1,1.8926,27.51399999999999,0,0,0,0,0,0,0,0,0,0,0,0,0,0,0,0,0,0,0,0,0,0,0,0,0,0,4,0,0,0,0,0,0,0,0,0,0,0,0,0,0,0,0,0,0,0,0,0,0,0,0,0,0,0,0,0,0,0,0,0,0,0,0,0,0,0,0,0,0,0,0,0,0,0,0,0,0,0,0,0,0,0,0,0,0
"1,4-Cyclohexadiene",C1C=CCC=C1,628-41-1,Not biofuel,2.1805555555555554,1.1388888888888888,2.1805555555555554,1.1388888888888888,0.38966272622332315,80.12999999999998,72.06599999999999,80.062600256,32,0,-0.016896067685148813,-0.08444068375359089,0.08444068375359089,0.016896067685148813,0.6666666666666666,1.0,1.1666666666666667,13.825284627714586,10.200701885258542,1.7557919088375484,-1.869520769971046,1.9652288390679893,-1.6593744741276617,5.018944307257113,1.232999822186952,2.4,58.039100017307746,4.242640687119286,3.723614639131598,3.723614639131598,3.0,2.299659828522119,2.299659828522119,1.4142135623730951,1.4142135623730951,0.877664387285151,0.877664387285151,0.5420350197234278,0.5420350197234278,-0.52,34.3994618804395,3.662481751824818,1.8066556556023234,0.7127241728381909,38.17892438191485,0.0,0.0,0.0,0.0,0.0,0.0,0.0,0.0,0.0,0.0,24.304080427335524,12.841643245852019,0.0,0.0,0.0,0.0,0.0,0.0,0.0,12.841643245852019,0.0,24.304080427335524,0.0,0.0,0.0,0.0,0.0,0.0,0.0,0.0,0.0,12.841643245852019,24.304080427335524,0.0,0.0,0.0,0.0,0.0,0.0,0.0,0.0,0.0,12.841643245852019,0.0,0.0,0.0,24.304080427335524,0.0,0.0,0.0,0.0,0.0,0.0,0.0,0.0,11.0,0.0,0.0,0.3333333333333333,6,0,0,1,0,1,0,0,0,0,0,0,0,0,0,0,1,1.8926,27.51399999999999,0,0,0,0,0,0,0,0,0,0,0,0,0,0,0,0,0,0,0,0,0,0,0,0,0,0,4,0,0,0,0,0,0,0,0,0,0,0,0,0,0,0,0,0,0,0,0,0,0,0,0,0,0,0,0,0,0,0,0,0,0,0,0,0,0,0,0,0,0,0,0,0,0,0,0,0,0,0,0,0,0,0,0,0,0
"2-Methyl-1,5-Hexadiene",CC(=C)CCC=C,4049-81-4,Not biofuel,3.744861111111111,1.0648148148148149,3.744861111111111,1.0648148148148149,0.4734655550980151,96.173,84.07699999999998,96.093900384,40,0,-0.02911345049457973,-0.10307166218392298,0.10307166218392298,0.02911345049457973,1.7142857142857142,2.2857142857142856,2.4285714285714284,13.844462473034902,10.181451392182137,1.7793045111879366,-1.8844989344550465,1.982224185288371,-1.6808237087728748,4.894249239994902,0.9863295869254178,2.9670528832697767,70.10749561002055,5.698670612749268,4.905777393935816,4.905777393935816,3.270055610029662,2.5236033621142737,2.5236033621142737,1.7844570503761732,1.7844570503761732,0.7752384078259746,0.7752384078259746,0.3484617125293379,0.3484617125293379,-0.52,29.01955000865388,6.48,3.662481751824818,5.480000000000001,45.54969764984068,0.0,0.0,0.0,0.0,0.0,0.0,0.0,0.0,0.0,13.157871367196995,11.64912463690315,19.765380445542643,0.0,0.0,0.0,0.0,0.0,0.0,0.0,19.765380445542643,0.0,24.806996004100142,0.0,0.0,0.0,0.0,0.0,0.0,0.0,0.0,0.0,19.765380445542643,24.806996004100142,0.0,0.0,0.0,0.0,0.0,0.0,0.0,0.0,0.0,12.841643245852019,5.573104530069267,0.0,12.999757306524504,13.157871367196995,0.0,0.0,0.0,0.0,0.0,1.2360185185185186,0.0,0.0,4.063009259259259,9.367638888888889,0.0,0.42857142857142855,7,0,0,0,0,0,0,0,0,0,0,0,3,0,0,0,0,2.5287000000000006,34.24499999999999,0,0,0,0,0,0,0,0,0,0,0,0,0,0,0,0,0,0,0,0,0,0,0,0,0,0,2,0,0,0,0,0,0,0,0,0,0,0,0,0,0,0,0,0,0,0,0,0,0,0,0,0,0,0,0,0,0,0,0,0,0,0,0,0,0,0,0,0,0,0,0,0,0,0,0,0,0,0,0,0,0,0,0,0,0
"2-Methyl-2,4-Hexadiene",CC=CC=C(C)C,28823-41-8,Not biofuel,2.0833333333333335,1.345462962962963,2.0833333333333335,1.345462962962963,0.4398963531042583,96.173,84.07699999999998,96.093900384,40,0,-0.043898772252697234,-0.08766264474221731,0.08766264474221731,0.043898772252697234,1.2857142857142858,1.8571428571428572,2.0,13.725259566222919,10.300894700548321,1.6495565606807778,-1.7749756967850057,1.8665308309612694,-1.5578662008603879,5.064022302868096,1.39145803628468,3.4619433716293893,82.2114326716684,5.698670612749268,5.232050807568877,5.232050807568877,3.270055610029662,2.5326920704511053,2.5326920704511053,1.7698003589195013,1.7698003589195013,0.6220084679281465,0.6220084679281465,0.28867513459481303,0.28867513459481303,-0.52,29.01955000865388,6.48,3.662481751824818,5.480000000000001,45.549697649840674,0.0,0.0,0.0,0.0,0.0,0.0,0.0,0.0,0.0,0.0,23.801164850570913,20.771211599071872,0.0,0.0,0.0,0.0,0.0,0.0,0.0,20.771211599071872,0.0,23.801164850570913,0.0,0.0,0.0,0.0,0.0,0.0,0.0,0.0,0.0,20.771211599071872,23.801164850570913,0.0,0.0,0.0,0.0,0.0,0.0,0.0,0.0,0.0,0.0,5.573104530069267,0.0,19.075777413358384,19.92349450621513,0.0,0.0,0.0,0.0,0.0,1.345462962962963,0.0,0.0,6.141203703703704,6.18,0.0,0.42857142857142855,7,0,0,0,0,0,0,0,0,0,0,0,1,0,0,0,0,2.5287000000000006,34.24499999999999,0,0,0,0,0,0,0,0,0,0,0,0,0,0,0,0,0,0,0,0,0,0,0,0,0,0,4,0,0,0,0,0,0,0,0,0,0,0,0,0,0,0,0,0,0,0,0,0,0,0,0,0,0,0,0,0,0,0,0,0,0,0,0,0,0,0,0,0,0,0,0,0,0,0,0,0,0,0,0,0,0,0,0,0,0
"1-Methyl-1,4-cyclohexadiene",CC1=CCC=CC1,4313-57-9,Not biofuel,2.263888888888889,1.144675925925926,2.263888888888889,1.144675925925926,0.4038476555995422,94.157,84.07699999999998,94.07825032,38,0,-0.014137671379731116,-0.08442065786186363,0.08442065786186363,0.014137671379731116,1.4285714285714286,2.2857142857142856,2.5714285714285716,13.934569473250288,10.092193701995443,1.8678724003354745,-1.975091023497307,2.0743728848828766,-1.76802077088914,5.112712395813732,1.1170084550335457,2.4951378993782805,107.20671786825557,5.112884175122364,4.646264369941973,4.646264369941973,3.393846850117352,2.7003067299130095,2.7003067299130095,1.961707742070429,1.961707742070429,1.2088886785091644,1.2088886785091644,0.7180100687484079,0.7180100687484079,-0.52,47.19725257297226,4.634320987654321,1.9657731133289487,1.1861397237553262,44.54386649631146,0.0,0.0,0.0,0.0,0.0,0.0,0.0,0.0,0.0,0.0,23.80116485057091,19.765380445542643,0.0,0.0,0.0,0.0,0.0,0.0,0.0,19.765380445542643,0.0,23.80116485057091,0.0,0.0,0.0,0.0,0.0,0.0,0.0,0.0,0.0,19.765380445542643,23.80116485057091,0.0,0.0,0.0,0.0,0.0,0.0,0.0,0.0,0.0,6.4208216229260096,11.993926152995277,0.0,0.0,25.151797520192265,0.0,0.0,0.0,0.0,0.0,1.5023148148148149,0.0,0.0,8.994212962962964,2.170138888888889,0.0,0.42857142857142855,7,0,0,1,0,1,0,0,0,0,0,0,0,0,0,0,1,2.2827,32.130999999999986,0,0,0,0,0,0,0,0,0,0,0,0,0,0,0,0,0,0,0,0,0,0,0,0,0,0,4,0,0,0,0,0,0,0,0,0,0,0,0,0,0,0,0,0,0,0,0,0,0,0,0,0,0,0,0,0,0,0,0,0,0,0,0,0,0,0,0,0,0,0,0,0,0,0,0,0,0,0,0,0,0,0,0,0,0
"2,5-Dimethyl-1,5-hexadiene",CC(=C)CCC(=C)C,627-58-7,Not biofuel,3.785972222222222,1.0925925925925926,3.785972222222222,1.0925925925925926,0.4898835216747313,110.2,96.08799999999998,110.109550448,46,0,-0.028857206361625354,-0.10012957052220944,0.10012957052220944,0.028857206361625354,1.0,1.25,1.375,13.91507820329004,10.111761779714017,1.8508402158356878,-1.95318105460482,2.052925937636918,-1.7504259414385106,4.959855561255123,0.9327188998740368,3.1818458670936187,84.60593781761291,6.568914100752346,5.82842712474619,5.82842712474619,3.625897657686229,2.914213562373095,2.914213562373095,2.414213562373095,2.414213562373095,0.9785533905932735,0.9785533905932735,0.4267766952966368,0.4267766952966368,-0.52,40.339203954130696,7.4799999999999995,3.478026823758186,5.48,51.914639764237286,0.0,0.0,0.0,0.0,0.0,0.0,0.0,0.0,0.0,13.157871367196995,11.146209060138535,26.689117645233267,0.0,0.0,0.0,0.0,0.0,0.0,0.0,26.689117645233267,0.0,24.30408042733553,0.0,0.0,0.0,0.0,0.0,0.0,0.0,0.0,0.0,26.689117645233267,24.30408042733553,0.0,0.0,0.0,0.0,0.0,0.0,0.0,0.0,0.0,12.841643245852019,11.146209060138535,0.0,13.847474399381248,13.157871367196995,0.0,0.0,0.0,0.0,0.0,2.4870370370370374,0.0,0.0,2.185185185185185,11.661111111111111,0.0,0.5,8,0,0,0,0,0,0,0,0,0,0,0,3,0,0,0,0,2.918800000000002,38.862,0,0,0,0,0,0,0,0,0,0,0,0,0,0,0,0,0,0,0,0,0,0,0,0,0,0,2,0,0,0,0,0,0,0,0,0,0,0,0,0,0,0,0,0,0,0,0,0,0,0,0,0,0,0,0,0,0,0,0,0,0,0,0,0,0,0,0,0,0,0,0,0,0,0,0,0,0,0,0,0,0,0,0,0,0
"2,5-Dimethyl-2,4-hexadiene",CC(=CC=C(C)C)C,764-13-6,Not biofuel,2.1203703703703702,1.3529629629629631,2.1203703703703702,1.3529629629629631,0.4551502687159017,110.2,96.08799999999998,110.109550448,46,0,-0.043898608948622,-0.07643882028241031,0.07643882028241031,0.043898608948622,0.75,1.0,1.125,13.789252584095529,10.238237094562313,1.7145730411286255,-1.8365759135075348,1.9305250527598836,-1.6205069430512056,5.11635913188651,1.3502269062934968,3.760065916884882,92.0,6.568914100752346,6.1547005383792515,6.1547005383792515,3.625897657686229,2.910683602522959,2.910683602522959,2.488033871712585,2.488033871712585,0.7500000000000002,0.7500000000000002,0.3333333333333334,0.3333333333333334,-0.52,40.339203954130696,7.4799999999999995,3.478026823758186,5.48,51.914639764237286,0.0,0.0,0.0,0.0,0.0,0.0,0.0,0.0,0.0,0.0,23.2982492738063,27.694948798762496,0.0,0.0,0.0,0.0,0.0,0.0,0.0,27.694948798762496,0.0,23.2982492738063,0.0,0.0,0.0,0.0,0.0,0.0,0.0,0.0,0.0,27.694948798762496,23.2982492738063,0.0,0.0,0.0,0.0,0.0,0.0,0.0,0.0,0.0,0.0,11.146209060138535,0.0,0.0,39.84698901243026,0.0,0.0,0.0,0.0,0.0,2.7059259259259263,0.0,0.0,4.2407407407407405,8.386666666666667,0.0,0.5,8,0,0,0,0,0,0,0,0,0,0,0,1,0,0,0,0,2.918800000000002,38.862,0,0,0,0,0,0,0,0,0,0,0,0,0,0,0,0,0,0,0,0,0,0,0,0,0,0,4,0,0,0,0,0,0,0,0,0,0,0,0,0,0,0,0,0,0,0,0,0,0,0,0,0,0,0,0,0,0,0,0,0,0,0,0,0,0,0,0,0,0,0,0,0,0,0,0,0,0,0,0,0,0,0,0,0,0
"2,6-Octadiene",CC=CCCC=CC,4974-27-0,Not biofuel,2.1805555555555554,1.1813888888888888,2.1805555555555554,1.1813888888888888,0.3868254082729406,110.19999999999999,96.08799999999998,110.109550448,46,0,-0.03160956328414149,-0.09165305076581673,0.09165305076581673,0.03160956328414149,0.875,1.25,1.5,13.767076685093908,10.259528275990581,1.7001649630030322,-1.808361630056373,1.9048187213239232,-1.6027821576412087,4.834448226033395,1.046361420746637,2.9339475721323542,66.03910001730776,6.242640687119286,5.723614639131599,5.723614639131599,3.914213562373095,3.1378637859736447,3.1378637859736447,1.7154214566473245,1.7154214566473245,0.9714045207910318,0.9714045207910318,0.5257834230632087,0.5257834230632087,-0.52,61.499612265106904,7.4799999999999995,6.48,5.48,51.914639764237286,0.0,0.0,0.0,0.0,0.0,0.0,0.0,0.0,0.0,0.0,24.304080427335524,26.689117645233267,0.0,0.0,0.0,0.0,0.0,0.0,0.0,26.689117645233267,0.0,24.304080427335524,0.0,0.0,0.0,0.0,0.0,0.0,0.0,0.0,0.0,26.689117645233267,24.304080427335524,0.0,0.0,0.0,0.0,0.0,0.0,0.0,0.0,0.0,0.0,12.841643245852019,0.0,0.0,38.15155482671677,0.0,0.0,0.0,0.0,0.0,0.0,0.0,0.0,10.897499999999999,4.1025,0.0,0.5,8,0,0,0,0,0,0,0,0,0,0,0,3,0,0,0,0,2.918800000000002,38.862,0,0,0,0,0,0,0,0,0,0,0,0,0,0,0,0,0,0,0,0,0,0,0,0,0,0,4,0,0,0,0,0,0,0,0,0,0,0,0,0,0,0,0,0,0,0,0,0,0,0,0,0,0,0,0,0,0,0,0,0,0,0,0,0,0,0,0,0,0,0,0,0,0,0,0,0,0,0,0,0,0,0,0,1,0
"1,3,5,7-Cyclo-octatetraene",C1=CC=CC=CC=C1,629-20-9,Not biofuel,2.0,2.0,2.0,2.0,0.4417581656415751,104.15199999999997,96.08799999999998,104.062600256,40,0,-0.062268570782092456,-0.062268570782092456,0.062268570782092456,0.062268570782092456,0.25,0.375,0.5,13.72310678118655,10.304893218813454,1.6498382104044562,-1.76837535196864,1.8672067811865498,-1.5510067811865489,5.225106781186546,1.8068932188134534,2.6666666666666665,100.8771237954945,5.6568542494923815,4.618802153517007,4.618802153517007,4.0,2.6666666666666674,2.6666666666666674,1.5396007178390028,1.5396007178390028,0.8888888888888894,0.8888888888888894,0.5132002392796676,0.5132002392796676,-1.04,72.69482743708812,5.10367816091954,3.026851631655436,1.6056599286563615,49.52960254633955,0.0,0.0,0.0,0.0,0.0,0.0,0.0,0.0,0.0,0.0,48.60816085467105,0.0,0.0,0.0,0.0,0.0,0.0,0.0,0.0,0.0,0.0,48.60816085467105,0.0,0.0,0.0,0.0,0.0,0.0,0.0,0.0,0.0,0.0,48.60816085467105,0.0,0.0,0.0,0.0,0.0,0.0,0.0,0.0,0.0,0.0,0.0,0.0,48.60816085467105,0.0,0.0,0.0,0.0,0.0,0.0,0.0,0.0,0.0,16.0,0.0,0.0,0.0,8,0,0,1,0,1,0,0,0,0,0,0,0,0,0,0,1,2.2248,36.559999999999995,0,0,0,0,0,0,0,0,0,0,0,0,0,0,0,0,0,0,0,0,0,0,0,0,0,0,8,0,0,0,0,0,0,0,0,0,0,0,0,0,0,0,0,0,0,0,0,0,0,0,0,0,0,0,0,0,0,0,0,0,0,0,0,0,0,0,0,0,0,0,0,0,0,0,0,0,0,0,0,0,0,0,0,0,0
"2,6-Dimethyl-1,5-Heptadiene",CC(=CCCC(=C)C)C,6709-39-3,Not biofuel,3.8227144746787607,1.1301388888888888,3.8227144746787607,1.1301388888888888,0.5062262994378744,124.227,108.09899999999998,124.12520051199999,52,0,-0.02909394066084114,-0.10012973724317499,0.10012973724317499,0.02909394066084114,1.3333333333333333,1.8888888888888888,2.2222222222222223,13.886660979931701,10.141290893236876,1.8201294332781075,-1.9259859160767423,2.0248165528912128,-1.7205974143585376,4.969405161763509,0.9724687281386691,3.3050429936972368,114.0,7.276020881938894,6.698670612749268,6.698670612749268,4.125897657686229,3.4040302062452232,3.4040302062452232,2.777256330202918,2.777256330202918,1.1237001203553127,1.1237001203553127,0.6072435581568882,0.6072435581568882,-0.52,65.1469510314125,8.48,4.367771448914205,7.480000000000001,58.2795818786339,0.0,0.0,0.0,0.0,0.0,0.0,0.0,0.0,0.0,6.578935683598497,17.22222916697242,33.61285484492389,0.0,0.0,0.0,0.0,0.0,0.0,0.0,33.61285484492389,0.0,23.801164850570917,0.0,0.0,0.0,0.0,0.0,0.0,0.0,0.0,0.0,33.61285484492389,23.801164850570917,0.0,0.0,0.0,0.0,0.0,0.0,0.0,0.0,0.0,12.841643245852019,11.146209060138535,0.0,0.0,33.42616738950425,0.0,0.0,0.0,0.0,0.0,2.6701388888888893,0.0,0.0,4.525324074074074,10.13787037037037,0.0,0.5555555555555556,9,0,0,0,0,0,0,0,0,0,0,0,3,0,0,0,0,3.308900000000002,43.47900000000001,0,0,0,0,0,0,0,0,0,0,0,0,0,0,0,0,0,0,0,0,0,0,0,0,0,0,3,0,0,0,0,0,0,0,0,0,0,0,0,0,0,0,0,0,0,0,0,0,0,0,0,0,0,0,0,0,0,0,0,0,0,0,0,0,0,0,0,0,0,0,0,0,0,0,0,0,0,0,0,0,0,0,0,0,0
"3,7-Dimethyl-1,6-Octadiene",CC(CCC=C(C)C)C=C,2436-90-0,Biofuel,3.7376738473167044,0.6625925925925924,3.7376738473167044,0.6625925925925924,0.5210071387539394,138.25399999999996,120.10999999999997,138.140850576,58,0,-0.026169311899453915,-0.10281362783747308,0.10281362783747308,0.026169311899453915,1.5,2.1,2.5,13.974083099280605,10.053843756878674,1.9150624550227178,-2.005768487067715,2.0700440332113814,-1.857956134173494,4.930510702289904,0.6576205536892163,3.362923864895267,116.0,7.983127663125442,7.3533711511285205,7.3533711511285205,4.663902460147014,3.9241036085093617,3.9241036085093617,3.0718108281994114,3.0718108281994114,1.5769632527515984,1.5769632527515984,0.7527513096575085,0.7527513096575085,-0.52,128.88451270697286,9.48,5.279373319802739,5.613689839572192,64.6445239930305,0.0,0.0,0.0,0.0,0.0,0.0,0.0,0.0,0.0,6.578935683598497,24.648881943427654,32.60702369139466,0.0,0.0,0.0,0.0,0.0,0.0,5.917906046161393,33.61285484492389,0.0,24.304080427335528,0.0,0.0,0.0,0.0,0.0,0.0,0.0,0.0,5.917906046161393,33.61285484492389,24.304080427335528,0.0,0.0,0.0,0.0,0.0,0.0,0.0,0.0,5.917906046161393,0.0,18.414747775921285,0.0,6.076020106833881,33.42616738950425,0.0,0.0,0.0,0.0,0.0,1.4132057823129254,0.6625925925925924,0.0,6.711342592592592,10.212859032501889,0.0,0.6,10,0,0,0,0,0,0,0,0,0,0,0,4,0,0,0,0,3.5549000000000026,48.02600000000003,0,0,0,0,0,0,0,0,0,0,0,0,0,0,0,0,0,0,0,0,0,0,0,0,0,0,3,0,0,0,0,0,0,0,0,0,0,0,0,0,0,0,0,0,0,0,0,0,0,0,0,0,0,0,0,0,0,0,0,0,0,0,0,0,0,0,0,0,0,0,0,0,0,0,0,0,0,0,0,0,0,0,0,0,0
" 3,7-Dimethyl-1,3,6-Octatriene",CC(=CCC=C(C)C=C)C,13877-91-3,Biofuel,3.6693868102796676,1.027962962962963,3.6693868102796676,1.027962962962963,0.4113821018792434,136.238,120.10999999999997,136.125200512,56,0,-0.016098494812339142,-0.09881309820558076,0.09881309820558076,0.016098494812339142,1.2,1.8,2.2,13.845208312739356,10.183796372562226,1.7760300719928244,-1.8858548968771023,1.9859829723222409,-1.6754538989369259,5.142149011543848,1.2573761581559453,3.735272764128649,154.8771237954945,7.983127663125442,7.146264369941973,7.146264369941973,4.663902460147014,3.5907702751760278,3.5907702751760278,2.669441901137229,2.669441901137229,1.2879011017187578,1.2879011017187578,0.5638536707694632,0.5638536707694632,-0.78,128.88451270697286,9.22,5.040624785315335,5.358504155124655,63.95492096084626,0.0,0.0,0.0,0.0,0.0,0.0,0.0,0.0,0.0,0.0,35.953205064238674,27.19203322199788,0.0,0.0,0.0,0.0,0.0,0.0,0.0,27.19203322199788,0.0,35.953205064238674,0.0,0.0,0.0,0.0,0.0,0.0,0.0,0.0,0.0,27.19203322199788,35.953205064238674,0.0,0.0,0.0,0.0,0.0,0.0,0.0,0.0,0.0,6.4208216229260096,11.146209060138535,0.0,6.076020106833881,39.502187496338124,0.0,0.0,0.0,0.0,0.0,2.6163076341647775,0.0,0.0,7.269861111111111,9.947164588057445,0.0,0.4,10,0,0,0,0,0,0,0,0,0,0,0,3,0,0,0,0,3.4750000000000023,48.00200000000003,0,0,0,0,0,0,0,0,0,0,0,0,0,0,0,0,0,0,0,0,0,0,0,0,0,0,5,0,0,0,0,0,0,0,0,0,0,0,0,0,0,0,0,0,0,0,0,0,0,0,0,0,0,0,0,0,0,0,0,0,0,0,0,0,0,0,0,0,0,0,0,0,0,0,0,0,0,0,0,0,0,0,0,0,0
Dicyclopentadiene, C1C=CC2C1C3CC2C=C3 ,77-73-6,Not biofuel,2.443287037037037,0.9247685185185184,2.443287037037037,0.9247685185185184,0.44382435098593953,132.206,120.10999999999997,132.093900384,52,0,-0.013336894154707757,-0.08790806282206703,0.08790806282206703,0.013336894154707757,1.0,1.9,2.8,14.478655559287326,9.857552640583561,2.4350548997932937,-2.184300612810212,2.5195443147443783,-2.119519172757609,5.211509033141717,0.39771601164300935,2.0389644079043743,212.07820003461552,6.552041763877789,6.033015715890102,6.033015715890102,4.949489742783178,4.2996598285221195,4.2996598285221195,3.853371151128521,3.853371151128521,3.4551019935850475,3.4551019935850475,2.972928357122204,2.972928357122204,-0.52,625.7737438176388,5.172687783025168,1.552802392011269,0.44793567053969935,61.62703053244281,0.0,0.0,0.0,0.0,0.0,0.0,0.0,0.0,0.0,0.0,24.304080427335524,36.51326743049759,0.0,0.0,0.0,0.0,0.0,0.0,23.671624184645573,12.841643245852019,0.0,24.304080427335524,0.0,0.0,0.0,0.0,0.0,0.0,0.0,0.0,23.671624184645573,12.841643245852019,24.304080427335524,0.0,0.0,0.0,0.0,0.0,0.0,0.0,0.0,0.0,23.671624184645573,12.841643245852019,0.0,0.0,24.304080427335524,0.0,0.0,0.0,0.0,0.0,0.0,3.822916666666666,0.0,12.510416666666668,0.0,0.0,0.6,10,0,0,3,0,3,0,0,0,0,0,0,0,1,0,1,3,2.3846000000000007,41.47400000000001,0,0,0,0,0,0,0,0,0,0,0,0,0,0,0,0,0,0,0,0,0,0,0,0,0,0,4,0,0,0,0,0,0,0,0,0,5,0,0,0,0,0,0,0,0,0,0,0,0,0,0,0,0,0,0,0,0,0,0,0,0,0,0,0,0,0,0,0,0,0,0,0,0,0,0,0,0,0,0,0,0,0,0,0,0
"4-Ethynyl-4-vinyl-1,6-heptadiene",C=CCC(CC=C)(C=C)C#C,19781-40-9 ,Not biofuel,5.373611111111111,-0.26041666666666674,5.373611111111111,0.26041666666666674,0.4129839085255512,146.23299999999998,132.12099999999998,146.109550448,58,0,0.05564445162426246,-0.11915467915385682,0.11915467915385682,0.05564445162426246,1.1818181818181819,1.6363636363636365,1.8181818181818181,14.205576592538316,9.82201594960481,2.187557118589592,-2.1984505135794428,2.2701110702739973,-2.11896394493867,5.179778016968973,0.53346394347509,4.462326667579841,180.57407497429568,8.742640687119286,6.844934982691241,6.844934982691241,5.242640687119286,3.575698502695489,3.575698502695489,2.49019952053737,2.49019952053737,1.6953713605931167,1.6953713605931167,0.9419050744926416,0.9419050744926416,-1.22,244.8473019350286,9.78,4.573157809590356,2.4711106702814694,69.31908846710212,0.0,0.0,0.0,0.0,0.0,0.0,0.0,0.0,0.0,26.16015694641575,24.14849463935729,12.841643245852019,0.0,5.41499046939678,0.0,0.0,0.0,0.0,5.41499046939678,12.841643245852019,0.0,37.96486737129713,0.0,12.343784214475903,0.0,0.0,0.0,0.0,0.0,0.0,17.758774683872684,12.841643245852019,37.96486737129713,0.0,0.0,0.0,0.0,0.0,0.0,0.0,5.41499046939678,0.0,12.841643245852019,0.0,6.076020106833881,12.152040213667762,25.657241369651135,6.423349895620259,0.0,0.0,0.0,0.0,-0.26041666666666674,2.7065277777777776,0.0,12.30861111111111,10.995277777777778,0.0,0.2727272727272727,11,0,0,0,0,0,0,0,0,0,0,0,5,0,0,0,0,2.9442000000000013,51.09100000000002,0,0,0,0,0,0,0,0,0,0,0,0,0,0,0,0,0,0,0,0,0,0,0,0,0,0,3,0,0,0,0,0,0,0,0,0,0,0,0,0,0,0,0,0,0,0,0,0,0,0,0,0,0,0,0,0,0,0,0,0,0,0,0,0,0,0,0,0,0,0,0,0,0,0,0,0,0,0,1,0,0,0,0,0,0
Benzene,C1=CC=CC=C1,71-43-2,Biofuel,2.0,2.0,2.0,2.0,0.4426283718993647,78.11399999999999,72.06599999999999,78.046950192,30,0,-0.062268570782092456,-0.062268570782092456,0.062268570782092456,0.062268570782092456,0.3333333333333333,0.5,0.6666666666666666,13.646993161855445,10.379006838144555,1.5737245910733604,-1.6942617326375449,1.794093161855452,-1.4738931618554547,4.985993161855456,1.718006838144549,3.000000000000001,71.96100505779535,4.242640687119286,3.464101615137755,3.464101615137755,3.0,2.0000000000000004,2.0000000000000004,1.1547005383792521,1.1547005383792521,0.6666666666666671,0.6666666666666671,0.38490017945975075,0.38490017945975075,-0.78,34.3994618804395,3.4115708812260532,1.6057694396735218,0.5823992601400448,37.43140311949697,0.0,0.0,0.0,0.0,0.0,0.0,0.0,0.0,0.0,0.0,36.39820241076966,0.0,0.0,0.0,0.0,0.0,0.0,0.0,0.0,0.0,0.0,36.39820241076966,0.0,0.0,0.0,0.0,0.0,0.0,0.0,0.0,0.0,0.0,36.39820241076966,0.0,0.0,0.0,0.0,0.0,0.0,0.0,0.0,0.0,0.0,0.0,0.0,36.39820241076966,0.0,0.0,0.0,0.0,0.0,0.0,0.0,0.0,12.0,0.0,0.0,0.0,0.0,6,0,0,0,0,0,1,0,1,0,0,0,0,0,0,0,1,1.6866,26.441999999999993,0,0,0,0,0,0,0,0,0,0,0,0,0,0,0,0,0,0,0,0,0,0,0,0,0,0,0,0,0,0,0,0,0,0,1,0,0,0,0,0,0,0,0,0,0,0,0,0,0,0,0,0,0,0,0,0,0,0,0,0,0,0,0,0,0,0,0,0,0,0,0,0,0,0,0,0,0,0,0,0,0,0,0,0,0
Toluene,CC1=CC=CC=C1,108-88-3,Biofuel,2.0833333333333335,1.3217592592592595,2.0833333333333335,1.3217592592592595,0.4588062796575455,92.14099999999999,84.07699999999998,92.062600256,36,0,-0.039774526323627504,-0.06224908578199481,0.06224908578199481,0.039774526323627504,1.0,1.5714285714285714,1.8571428571428572,13.782105281259431,10.2446262174219,1.7152546995077484,-1.8223238719751815,1.9162789955764012,-1.6221555927559288,5.11182720852277,1.475756642372446,3.0214653097240864,129.96566024533826,5.112884175122364,4.386751345948129,4.386751345948129,3.393846850117352,2.4106836025229597,2.4106836025229597,1.654700538379252,1.654700538379252,0.9404557350153064,0.9404557350153064,0.5343778974176118,0.5343778974176118,-0.78,47.19725257297226,4.380771704180065,1.7832860398554335,1.0382641324115067,43.79634523389357,0.0,0.0,0.0,0.0,0.0,0.0,0.0,0.0,0.0,0.0,35.89528683400505,6.923737199690624,0.0,0.0,0.0,0.0,0.0,0.0,0.0,6.923737199690624,0.0,35.89528683400505,0.0,0.0,0.0,0.0,0.0,0.0,0.0,0.0,6.923737199690624,5.563451491696996,30.33183534230805,0.0,0.0,0.0,0.0,0.0,0.0,0.0,0.0,0.0,0.0,5.563451491696996,0.0,18.19910120538483,19.056471336613843,0.0,0.0,0.0,0.0,0.0,1.3217592592592595,0.0,10.261574074074074,0.0,2.0833333333333335,0.0,0.14285714285714285,7,0,0,0,0,0,1,0,1,0,0,0,0,0,0,0,1,1.99502,31.17899999999999,0,0,0,0,0,0,0,0,0,0,0,0,0,0,0,0,0,0,0,0,0,0,0,0,0,0,0,0,0,0,1,0,0,0,1,0,0,0,0,0,0,0,0,0,0,0,0,0,0,0,0,0,0,0,0,0,0,0,0,0,0,0,0,0,0,0,0,0,0,0,0,0,0,0,0,0,0,0,0,0,0,0,0,0,0
"1,2-Dimethylbenzene",CC1=C(C)C=CC=C1,95-47-6,Biofuel,2.1203703703703702,1.3680555555555558,2.1203703703703702,1.3680555555555558,0.4757576853403209,106.16799999999996,96.08799999999998,106.07825032,42,0,-0.039511492179969666,-0.06198519188632999,0.06198519188632999,0.039511492179969666,0.875,1.25,1.5,13.895388335812473,10.131972178262567,1.8333702494943938,-1.9301487560702864,2.021054565851498,-1.743336030464858,5.227784797672776,1.3425389727860266,3.134861511345448,156.14811391899892,5.983127663125442,5.309401076758504,5.309401076758504,3.8045304526403108,2.827350269189626,2.827350269189626,2.084258916577523,2.084258916577523,1.4255696687691328,1.4255696687691328,0.6626779572375286,0.6626779572375286,-0.78,72.49526582754562,5.358504155124653,1.9937447122872558,0.8900073912094391,50.16128734829017,0.0,0.0,0.0,0.0,0.0,0.0,0.0,0.0,0.0,0.0,24.26546827384644,24.974377382775238,0.0,0.0,0.0,0.0,0.0,0.0,0.0,13.847474399381248,0.0,35.392371257240434,0.0,0.0,0.0,0.0,0.0,0.0,0.0,0.0,13.847474399381248,11.126902983393991,24.26546827384644,0.0,0.0,0.0,0.0,0.0,0.0,0.0,0.0,0.0,0.0,11.126902983393991,0.0,0.0,38.112942673227685,0.0,0.0,0.0,0.0,0.0,2.7361111111111116,0.0,8.356481481481481,0.0,4.2407407407407405,0.0,0.25,8,0,0,0,0,0,1,0,1,0,0,0,0,0,0,0,1,2.30344,35.916000000000004,0,0,0,0,0,0,0,0,0,0,0,0,0,0,0,0,0,0,0,0,0,0,0,0,0,0,0,0,0,0,2,0,0,0,1,0,0,0,0,0,0,0,0,0,0,0,0,0,0,0,0,0,0,0,0,0,0,0,0,0,0,0,0,0,0,0,0,0,0,0,0,0,0,0,0,0,0,0,0,0,0,0,0,0,0
"1,3-Dimethylbenzene",CC1=CC(=CC=C1)C,108-38-3,Biofuel,2.1666666666666665,1.3379629629629632,2.1666666666666665,1.3379629629629632,0.47575768534032103,106.16799999999998,96.08799999999998,106.07825032,42,0,-0.03976460504894693,-0.06174087142677341,0.06174087142677341,0.03976460504894693,1.0,1.5,1.75,13.866097802962315,10.161620655442984,1.8019696433634882,-1.9025751468103107,1.9954308850121383,-1.70976356612192,5.197667924264775,1.3865224211680838,3.077660437970554,159.89811391899892,5.983127663125442,5.309401076758503,5.309401076758503,3.7876937002347035,2.8213672050459184,2.8213672050459184,2.1581548620732005,2.1581548620732005,1.1735753140545637,1.1735753140545637,0.8070155245349351,0.8070155245349351,-0.78,64.0524865010122,5.358504155124653,1.9937447122872558,1.0935372033822537,50.16128734829018,0.0,0.0,0.0,0.0,0.0,0.0,0.0,0.0,0.0,0.0,35.392371257240434,13.847474399381248,0.0,0.0,0.0,0.0,0.0,0.0,0.0,13.847474399381248,0.0,35.392371257240434,0.0,0.0,0.0,0.0,0.0,0.0,0.0,0.0,13.847474399381248,11.126902983393991,24.26546827384644,0.0,0.0,0.0,0.0,0.0,0.0,0.0,0.0,0.0,0.0,11.126902983393991,0.0,0.0,38.112942673227685,0.0,0.0,0.0,0.0,0.0,2.6759259259259265,0.0,8.449074074074073,0.0,4.208333333333333,0.0,0.25,8,0,0,0,0,0,1,0,1,0,0,0,0,0,0,0,1,2.30344,35.916000000000004,0,0,0,0,0,0,0,0,0,0,0,0,0,0,0,0,0,0,0,0,0,0,0,0,0,0,0,0,0,0,2,0,0,0,1,0,0,0,0,0,0,0,0,0,0,0,0,0,0,0,0,0,0,0,0,0,0,0,0,0,0,0,0,0,0,0,0,0,0,0,0,0,0,0,0,0,0,0,0,0,0,0,0,0,0
"1,4-Dimethylbenzene",CC1=CC=C(C)C=C1,106-42-3,Biofuel,2.1203703703703702,1.3292592592592594,2.1203703703703702,1.3292592592592594,0.47575768534032103,106.16799999999999,96.08799999999998,106.07825032,42,0,-0.03977419408172197,-0.05906257918023874,0.05906257918023874,0.03977419408172197,0.75,1.0,1.25,13.857926266609566,10.169746472097966,1.793218016453734,-1.8950191180357168,1.9882406125405065,-1.7005956422241364,5.18939180959133,1.3985363743774342,3.0324555320336755,138.89811391899892,5.983127663125442,5.309401076758504,5.309401076758504,3.787693700234704,2.821367205045919,2.821367205045919,2.154700538379252,2.154700538379252,1.2182335127930843,1.2182335127930843,0.63689453417432,0.63689453417432,-0.78,70.79892376087899,5.358504155124653,1.9937447122872558,1.0935372033822537,50.16128734829017,0.0,0.0,0.0,0.0,0.0,0.0,0.0,0.0,0.0,0.0,35.392371257240434,13.847474399381248,0.0,0.0,0.0,0.0,0.0,0.0,0.0,13.847474399381248,0.0,35.392371257240434,0.0,0.0,0.0,0.0,0.0,0.0,0.0,0.0,13.847474399381248,11.126902983393991,24.26546827384644,0.0,0.0,0.0,0.0,0.0,0.0,0.0,0.0,0.0,0.0,11.126902983393991,0.0,0.0,38.112942673227685,0.0,0.0,0.0,0.0,0.0,2.6585185185185187,0.0,8.481481481481481,0.0,4.193333333333333,0.0,0.25,8,0,0,0,0,0,1,0,1,0,0,0,0,0,0,0,1,2.30344,35.916,0,0,0,0,0,0,0,0,0,0,0,0,0,0,0,0,0,0,0,0,0,0,0,0,0,0,0,0,0,0,2,0,0,0,1,0,0,0,0,0,0,0,0,0,0,0,0,0,0,0,0,0,0,0,0,0,0,0,0,0,0,0,0,0,0,0,0,0,0,0,0,0,0,0,0,0,0,0,0,0,0,0,0,0,0
Ethylbenzene,CCC1=CC=CC=C1,100-41-4,Biofuel,2.162037037037037,1.1397222222222223,2.162037037037037,1.1397222222222223,0.5147578217927745,106.16799999999996,96.08799999999998,106.07825032,42,0,-0.03074408282510195,-0.06224874165506165,0.06224874165506165,0.03074408282510195,1.125,1.75,2.125,13.856596938329892,10.170710312539828,1.7943577512861228,-1.8917512520057715,1.9631405576194025,-1.73342650034674,5.1331381704563555,1.140415220080154,2.8320858350070908,141.38429890473827,5.819990956308912,5.093858127134677,5.093858127134677,3.931851652578137,2.971343774302781,2.971343774302781,1.839151950246763,1.839151950246763,1.251072952541352,1.251072952541352,0.7137128315712066,0.7137128315712066,-0.78,91.36757727918736,5.358504155124653,2.50834780755501,1.0935372033822537,50.16128734829017,0.0,0.0,0.0,0.0,0.0,0.0,0.0,0.0,0.0,0.0,37.255572541998674,11.984273114623004,0.0,0.0,0.0,0.0,0.0,0.0,0.0,13.344558822616634,0.0,35.89528683400505,0.0,0.0,0.0,0.0,0.0,0.0,0.0,6.4208216229260096,0.0,12.487188691387619,30.33183534230805,0.0,0.0,0.0,0.0,0.0,0.0,0.0,0.0,0.0,6.4208216229260096,5.563451491696996,0.0,6.06636706846161,31.18920547353706,0.0,0.0,0.0,0.0,0.0,1.4097222222222223,0.0,10.455185185185186,1.1397222222222223,2.162037037037037,0.0,0.25,8,0,0,0,0,0,1,0,1,0,0,0,1,0,0,0,1,2.2490000000000006,35.82,0,0,0,0,0,0,0,0,0,0,0,0,0,0,0,0,0,0,0,0,0,0,0,0,0,0,0,0,0,0,1,0,0,0,1,0,0,0,0,0,0,0,0,0,0,0,0,0,0,0,0,0,0,0,0,0,0,0,0,0,0,0,0,0,0,0,0,0,0,0,0,0,0,0,0,0,0,0,0,0,0,0,0,0,0
Ethenylbenzene,C=CC1=CC=CC=C1,100-42-5,Biofuel,3.630925925925926,1.1736111111111112,3.630925925925926,1.1736111111111112,0.5126059376700752,104.15199999999997,96.08799999999998,104.062600256,40,0,-0.02625578937784246,-0.09847005004016512,0.09847005004016512,0.02625578937784246,1.125,1.75,2.125,13.813866930193818,10.213378517192888,1.753175678370804,-1.847610823135481,1.969026457273406,-1.6332305402260126,5.452095614533308,1.6665744673634502,2.9910469146846212,162.65300142116237,5.819990956308912,4.671208396324302,4.671208396324302,3.931851652578137,2.607607027581636,2.607607027581636,1.614807747754891,1.614807747754891,1.0352747518073642,1.0352747518073642,0.589121682286802,0.589121682286802,-1.04,91.36757727918736,5.10367816091954,2.3141072195146584,0.9688488520408163,49.47168431610592,0.0,0.0,0.0,0.0,0.0,0.0,0.0,0.0,0.0,0.0,42.98679113274043,5.563451491696996,0.0,0.0,0.0,6.076020106833881,0.0,0.0,0.0,0.0,0.0,42.47422251760354,0.0,0.0,0.0,0.0,0.0,0.0,0.0,0.0,0.0,5.563451491696996,36.91077102590655,0.0,6.076020106833881,0.0,0.0,0.0,0.0,0.0,0.0,0.0,0.0,5.563451491696996,0.0,36.407855449141934,6.578935683598497,0.0,0.0,0.0,0.0,0.0,1.1736111111111112,0.0,10.028796296296296,1.8333333333333333,3.630925925925926,0.0,0.0,8,0,0,0,0,0,1,0,1,0,0,0,1,0,0,0,1,2.3296,36.53300000000001,0,0,0,0,0,0,0,0,0,0,0,0,0,0,0,0,0,0,0,0,0,0,0,0,0,0,0,0,0,0,0,0,0,0,1,0,0,0,0,0,0,0,0,0,0,0,0,0,0,0,0,0,0,0,0,0,0,0,0,0,0,0,0,0,0,0,0,0,0,0,0,0,0,0,0,0,0,0,0,0,0,0,0,0,0
"1,2,3-Trimethylbenzene",CC1=C(C(=CC=C1)C)C,526-73-8,Biofuel,2.1574074074074074,1.3842592592592595,2.1574074074074074,1.3842592592592595,0.4933927122974484,120.19499999999996,108.09899999999998,120.093900384,48,0,-0.03924826125183226,-0.06172129778023983,0.06172129778023983,0.03924826125183226,0.8888888888888888,1.3333333333333333,1.6666666666666667,13.972415202776249,10.055785256859563,1.9130635293149667,-2.0036445202031645,2.094041189153395,-1.8233373448608479,5.310663898612128,1.2670790693832337,3.2478347337367026,191.02833704135648,6.8533711511285205,6.232050807568878,6.232050807568878,4.21521405516327,3.244016935856293,3.244016935856293,2.516808826847648,2.516808826847648,1.8754627916220952,1.8754627916220952,0.897791890991355,0.897791890991355,-0.78,109.737515096202,6.341654501216546,2.218872016802184,1.1256808896802857,56.52622946268678,0.0,0.0,0.0,0.0,0.0,0.0,0.0,0.0,0.0,0.0,18.19910120538483,37.46156607416286,0.0,0.0,0.0,0.0,0.0,0.0,0.0,20.771211599071872,0.0,34.88945568047582,0.0,0.0,0.0,0.0,0.0,0.0,0.0,0.0,20.771211599071872,16.690354475090988,18.19910120538483,0.0,0.0,0.0,0.0,0.0,0.0,0.0,0.0,0.0,0.0,16.690354475090988,0.0,0.0,38.9703128044567,0.0,0.0,0.0,0.0,0.0,4.182870370370371,0.0,6.377314814814815,0.0,6.439814814814815,0.0,0.3333333333333333,9,0,0,0,0,0,1,0,1,0,0,0,0,0,0,0,1,2.611860000000001,40.65300000000001,0,0,0,0,0,0,0,0,0,0,0,0,0,0,0,0,0,0,0,0,0,0,0,0,0,0,0,0,0,0,2,0,0,0,1,0,0,0,0,0,0,0,0,0,0,0,0,0,0,0,0,0,0,0,0,0,0,0,0,0,0,0,0,0,0,0,0,0,0,0,0,0,0,0,0,0,0,0,0,0,0,0,0,0,0
"1,2,4-Trimethylbenzene",CC1=CC(=C(C=C1)C)C,95-63-6,Biofuel,2.2037037037037037,1.345462962962963,2.2037037037037037,1.345462962962963,0.4933927122974484,120.19499999999998,108.09899999999998,120.093900384,48,0,-0.03950156209354446,-0.059043013944034425,0.059043013944034425,0.03950156209354446,0.8888888888888888,1.5555555555555556,2.0,13.946263183397173,10.082116398408997,1.8851595102255816,-1.9790456865146864,2.0706808331741313,-1.7941192218676627,5.28233709506377,1.3000507270249129,3.171678030440915,211.2783370413565,6.8533711511285205,6.232050807568878,6.232050807568878,4.198377302757662,3.2380338717125854,3.2380338717125854,2.5877132402714715,2.5877132402714715,1.6624107643699335,1.6624107643699335,0.891346035225553,0.891346035225553,-0.78,104.20091930659319,6.341654501216546,2.218872016802184,1.3174550052099938,56.52622946268678,0.0,0.0,0.0,0.0,0.0,0.0,0.0,0.0,0.0,0.0,23.762552697081826,31.898114582465862,0.0,0.0,0.0,0.0,0.0,0.0,0.0,20.771211599071872,0.0,34.88945568047582,0.0,0.0,0.0,0.0,0.0,0.0,0.0,0.0,20.771211599071872,16.690354475090988,18.19910120538483,0.0,0.0,0.0,0.0,0.0,0.0,0.0,0.0,0.0,0.0,16.690354475090988,0.0,0.0,38.9703128044567,0.0,0.0,0.0,0.0,0.0,4.105277777777778,0.0,6.502314814814815,0.0,6.392407407407408,0.0,0.3333333333333333,9,0,0,0,0,0,1,0,1,0,0,0,0,0,0,0,1,2.611860000000001,40.65300000000001,0,0,0,0,0,0,0,0,0,0,0,0,0,0,0,0,0,0,0,0,0,0,0,0,0,0,0,0,0,0,3,0,0,0,1,0,0,0,0,0,0,0,0,0,0,0,0,0,0,0,0,0,0,0,0,0,0,0,0,0,0,0,0,0,0,0,0,0,0,0,0,0,0,0,0,0,0,0,0,0,0,0,0,0,0
"1,3,5-Trimethylbenzene",CC1=CC(=CC(=C1)C)C,108-67-8,Biofuel,2.1875,1.3541666666666667,2.1875,1.3541666666666667,0.4933927122974484,120.19499999999998,108.09899999999998,120.093900384,48,0,-0.03975468316246081,-0.05636528474297494,0.05636528474297494,0.03975468316246081,0.6666666666666666,0.8888888888888888,1.1111111111111112,13.931089724094372,10.097584126925678,1.8688928645621976,-1.9646511704342249,2.057339500550052,-1.776682551789754,5.266192904514403,1.3221483571171524,3.165670309917317,160.80051514850786,6.8533711511285205,6.232050807568878,6.232050807568878,4.1815405503520555,3.2320508075688776,3.2320508075688776,2.6650635094610973,2.6650635094610973,1.366025403784439,1.366025403784439,1.2023502691896262,1.2023502691896262,-0.78,85.7569381887915,6.341654501216546,2.218872016802184,1.5627607309331124,56.52622946268678,0.0,0.0,0.0,0.0,0.0,0.0,0.0,0.0,0.0,0.0,34.88945568047582,20.771211599071872,0.0,0.0,0.0,0.0,0.0,0.0,0.0,20.771211599071872,0.0,34.88945568047582,0.0,0.0,0.0,0.0,0.0,0.0,0.0,0.0,20.771211599071872,16.690354475090988,18.19910120538483,0.0,0.0,0.0,0.0,0.0,0.0,0.0,0.0,0.0,0.0,16.690354475090988,0.0,0.0,38.9703128044567,0.0,0.0,0.0,0.0,0.0,4.062500000000001,0.0,6.5625,0.0,6.375,0.0,0.3333333333333333,9,0,0,0,0,0,1,0,1,0,0,0,0,0,0,0,1,2.611860000000001,40.65300000000001,0,0,0,0,0,0,0,0,0,0,0,0,0,0,0,0,0,0,0,0,0,0,0,0,0,0,0,0,0,0,3,0,0,0,1,0,0,0,0,0,0,0,0,0,0,0,0,0,0,0,0,0,0,0,0,0,0,0,0,0,0,0,0,0,0,0,0,0,0,0,0,0,0,0,0,0,0,0,0,0,0,0,0,0,0
n-Propylbenzene,CCCC1=CC=CC=C1,103-65-1,Biofuel,2.201388888888889,1.2091666666666667,2.201388888888889,1.2091666666666667,0.5624916701881997,120.19499999999995,108.09899999999998,120.093900384,48,0,-0.02814979848791882,-0.06506543814455573,0.06506543814455573,0.02814979848791882,1.1111111111111112,1.7777777777777777,2.3333333333333335,13.900305397606992,10.127691076689286,1.8402134192217525,-1.9326402453589753,1.9995132590300744,-1.7835841892779878,5.137484570569242,0.9218388682835006,2.61489994009295,152.9490957526401,6.52709773749546,5.800964908321225,5.800964908321225,4.431851652578137,3.471343774302781,3.471343774302781,2.2355985596534893,2.2355985596534893,1.381499796672302,1.381499796672302,0.9333523724371704,0.9333523724371704,-0.78,145.16653667335345,6.341654501216546,3.285913486196659,1.8835467848238945,56.526229462686786,0.0,0.0,0.0,0.0,0.0,0.0,0.0,0.0,0.0,0.0,43.67639416492468,11.984273114623004,0.0,0.0,0.0,0.0,0.0,0.0,0.0,19.765380445542643,0.0,35.89528683400505,0.0,0.0,0.0,0.0,0.0,0.0,0.0,6.4208216229260096,0.0,18.90801031431363,30.33183534230805,0.0,0.0,0.0,0.0,0.0,0.0,0.0,0.0,0.0,0.0,18.405094737549014,0.0,0.0,37.255572541998674,0.0,0.0,0.0,0.0,0.0,1.4444444444444446,0.0,10.571574074074075,2.449259259259259,2.201388888888889,0.0,0.3333333333333333,9,0,0,0,0,0,1,0,1,0,0,0,2,0,0,0,1,2.639100000000001,40.43700000000001,0,0,0,0,0,0,0,0,0,0,0,0,0,0,0,0,0,0,0,0,0,0,0,0,0,0,0,0,0,0,1,0,0,0,1,0,0,0,0,0,0,0,0,0,0,0,0,0,0,0,0,0,0,0,0,0,0,0,0,0,0,0,0,0,0,0,0,0,0,0,0,0,0,0,0,0,0,0,0,0,0,0,0,0,0
iso-Propylbenzene,CC(C)C1=CC=CC=C1,98-82-8,Biofuel,2.2037037037037037,0.6585185185185185,2.2037037037037037,0.6585185185185185,0.5342617380464316,120.19499999999995,108.09899999999998,120.093900384,48,0,-0.021882385616707155,-0.06224839474669082,0.06224839474669082,0.021882385616707155,1.0,1.5555555555555556,1.8888888888888888,13.983798911609123,10.043796192452598,1.9286570571247514,-2.0116432956174233,2.1112383174930924,-1.8293344608817792,5.170386827578657,0.8666303746678077,2.848234050597751,162.65300142116237,6.69023444431199,5.964101615137756,5.964101615137756,4.304530452640311,3.354059275497024,3.354059275497024,2.565384140902212,2.565384140902212,1.4662391580785155,1.4662391580785155,0.8379390982585982,0.8379390982585982,-0.78,129.22533870330605,6.341654501216546,2.6743372612696805,1.5627607309331124,56.52622946268678,0.0,0.0,0.0,0.0,0.0,0.0,0.0,0.0,0.0,0.0,44.179309741689295,11.48135753785839,0.0,0.0,0.0,0.0,0.0,0.0,0.0,19.76538044554264,0.0,35.89528683400505,0.0,0.0,0.0,0.0,0.0,0.0,0.0,0.0,0.0,25.328831937239634,30.33183534230805,0.0,0.0,0.0,0.0,0.0,0.0,0.0,0.0,5.917906046161393,0.0,5.563451491696996,0.0,6.06636706846161,38.112942673227685,0.0,0.0,0.0,0.0,0.0,1.414351851851852,0.6585185185185185,10.51972222222222,0.0,4.407407407407407,0.0,0.3333333333333333,9,0,0,0,0,0,1,0,1,0,0,0,1,0,0,0,1,2.8100000000000014,40.53100000000002,0,0,0,0,0,0,0,0,0,0,0,0,0,0,0,0,0,0,0,0,0,0,0,0,0,0,0,0,0,0,0,0,0,0,1,0,0,0,0,0,0,0,0,0,0,0,0,0,0,0,0,0,0,0,0,0,0,0,0,0,0,0,0,0,0,0,0,0,0,0,0,0,0,0,0,0,0,0,0,0,0,0,0,0,0
1-Methyl-2-ethylbenzene,CCC1=CC=CC=C1C,611-14-3,Biofuel,2.1828703703703702,1.1455092592592593,2.1828703703703702,1.1455092592592593,0.5339790665494062,120.19499999999996,108.09899999999998,120.093900384,48,0,-0.03048142864999203,-0.061984846716096755,0.061984846716096755,0.03048142864999203,1.2222222222222223,1.8888888888888888,2.3333333333333335,13.94860235395927,10.07944431983114,1.88942284293085,-1.9798856275325625,2.055028504258698,-1.8213684743008438,5.244766684697955,1.1093160981133985,3.0065240073265844,188.98472797861993,6.69023444431199,6.016507857945051,6.016507857945051,4.342535255101096,3.3880104409694476,3.3880104409694476,2.2800380131045523,2.2800380131045523,1.6421561734439887,1.6421561734439887,1.0067764239924744,1.0067764239924744,-0.78,130.65102508867633,6.341654501216546,2.6743372612696805,1.3174550052099938,56.52622946268678,0.0,0.0,0.0,0.0,0.0,0.0,0.0,0.0,0.0,0.0,31.18920547353706,24.471461806010623,0.0,0.0,0.0,0.0,0.0,0.0,0.0,20.268296022307258,0.0,35.392371257240434,0.0,0.0,0.0,0.0,0.0,0.0,0.0,6.4208216229260096,6.923737199690624,18.050640183084614,24.26546827384644,0.0,0.0,0.0,0.0,0.0,0.0,0.0,0.0,0.0,6.4208216229260096,11.126902983393991,0.0,0.0,38.112942673227685,0.0,0.0,0.0,0.0,0.0,2.8587962962962967,0.0,8.494537037037036,1.1455092592592593,4.3344907407407405,0.0,0.3333333333333333,9,0,0,0,0,0,1,0,1,0,0,0,1,0,0,0,1,2.5574200000000005,40.557000000000016,0,0,0,0,0,0,0,0,0,0,0,0,0,0,0,0,0,0,0,0,0,0,0,0,0,0,0,0,0,0,2,0,0,0,1,0,0,0,0,0,0,0,0,0,0,0,0,0,0,0,0,0,0,0,0,0,0,0,0,0,0,0,0,0,0,0,0,0,0,0,0,0,0,0,0,0,0,0,0,0,0,0,0,0,0
1-Methyl-3-ethylbenzene,CCC1=CC=CC(=C1)C,620-14-4,Biofuel,2.2222222222222223,1.1405555555555555,2.2222222222222223,1.1405555555555555,0.5339790665494062,120.19499999999996,108.09899999999998,120.093900384,48,0,-0.03073416305963221,-0.0617306129710105,0.0617306129710105,0.03073416305963221,1.3333333333333333,2.111111111111111,2.5555555555555554,13.914694226239927,10.113680973174736,1.8532542551197153,-1.9478957870415217,2.025917597133953,-1.7829046180315822,5.212101835644287,1.131524652284243,2.936866102336592,188.98472797861993,6.69023444431199,6.016507857945051,6.016507857945051,4.325698502695489,3.3820273768257403,3.3820273768257403,2.342606273940712,2.342606273940712,1.4907325733680776,1.4907325733680776,0.9320618013118032,0.9320618013118032,-0.78,126.05435680455047,6.341654501216546,2.6743372612696805,1.5627607309331124,56.52622946268678,0.0,0.0,0.0,0.0,0.0,0.0,0.0,0.0,0.0,0.0,36.75265696523406,18.90801031431363,0.0,0.0,0.0,0.0,0.0,0.0,0.0,20.268296022307258,0.0,35.392371257240434,0.0,0.0,0.0,0.0,0.0,0.0,0.0,6.4208216229260096,6.923737199690624,18.050640183084614,24.26546827384644,0.0,0.0,0.0,0.0,0.0,0.0,0.0,0.0,0.0,6.4208216229260096,11.126902983393991,0.0,0.0,38.112942673227685,0.0,0.0,0.0,0.0,0.0,2.7818055555555556,0.0,8.611435185185185,1.1405555555555555,4.299537037037037,0.0,0.3333333333333333,9,0,0,0,0,0,1,0,1,0,0,0,1,0,0,0,1,2.5574200000000005,40.557000000000016,0,0,0,0,0,0,0,0,0,0,0,0,0,0,0,0,0,0,0,0,0,0,0,0,0,0,0,0,0,0,2,0,0,0,1,0,0,0,0,0,0,0,0,0,0,0,0,0,0,0,0,0,0,0,0,0,0,0,0,0,0,0,0,0,0,0,0,0,0,0,0,0,0,0,0,0,0,0,0,0,0,0,0,0,0
1-Methyl-4-ethylbenzene,CCC1=CC=C(C=C1)C,622-96-8,Biofuel,2.175925925925926,1.1391666666666667,2.175925925925926,1.1391666666666667,0.5339790665494062,120.19499999999996,108.09899999999998,120.093900384,48,0,-0.030743750429054795,-0.06129413538826337,0.06129413538826337,0.030743750429054795,1.1111111111111112,1.6666666666666667,2.111111111111111,13.905443535906025,10.122978884456797,1.8434203559821636,-1.9391812514594748,2.017825263002535,-1.7727923894588746,5.203157072514745,1.1354470818914195,2.8815558776461367,171.73472797861993,6.69023444431199,6.016507857945051,6.016507857945051,4.325698502695489,3.38202737682574,3.38202737682574,2.3391519502467633,2.3391519502467633,1.52885073031913,1.52885073031913,0.8237812581009272,0.8237812581009272,-0.78,129.22533870330605,6.341654501216546,2.6743372612696805,1.5627607309331124,56.52622946268678,0.0,0.0,0.0,0.0,0.0,0.0,0.0,0.0,0.0,0.0,36.75265696523406,18.90801031431363,0.0,0.0,0.0,0.0,0.0,0.0,0.0,20.268296022307258,0.0,35.392371257240434,0.0,0.0,0.0,0.0,0.0,0.0,0.0,6.4208216229260096,6.923737199690624,18.050640183084614,24.26546827384644,0.0,0.0,0.0,0.0,0.0,0.0,0.0,0.0,0.0,6.4208216229260096,11.126902983393991,0.0,0.0,38.112942673227685,0.0,0.0,0.0,0.0,0.0,2.7572222222222225,0.0,8.655092592592592,1.1391666666666667,4.281851851851852,0.0,0.3333333333333333,9,0,0,0,0,0,1,0,1,0,0,0,1,0,0,0,1,2.5574200000000005,40.557000000000016,0,0,0,0,0,0,0,0,0,0,0,0,0,0,0,0,0,0,0,0,0,0,0,0,0,0,0,0,0,0,2,0,0,0,1,0,0,0,0,0,0,0,0,0,0,0,0,0,0,0,0,0,0,0,0,0,0,0,0,0,0,0,0,0,0,0,0,0,0,0,0,0,0,0,0,0,0,0,0,0,0,0,0,0,0
Indane (hydrindene),C1CC2=CC=CC=C2C1,496-11-7,Not biofuel,2.238425925925926,1.3017592592592593,2.238425925925926,1.3017592592592593,0.48947695058073354,118.17899999999997,108.09899999999998,118.07825032,46,0,-0.027297361980656368,-0.06197440107740022,0.06197440107740022,0.027297361980656368,0.8888888888888888,1.4444444444444444,2.0,14.11953274138587,10.13197217826258,2.0668360751860106,-1.9266417519470818,2.1961021279627078,-1.7658757434501327,5.300164273837872,0.9115610644081374,2.53519473965517,190.03322454351994,6.104448006685086,5.430721420318145,5.430721420318145,4.4663264951887856,3.534457050376174,3.534457050376174,2.622263719038308,2.622263719038308,2.0106161316565205,2.0106161316565205,1.5145652119642952,1.5145652119642952,-0.78,254.268989977729,5.040624785315335,1.8705768494137758,0.7477845773511872,55.52039830915755,0.0,0.0,0.0,0.0,0.0,0.0,0.0,0.0,0.0,0.0,24.26546827384644,30.38936785217202,0.0,0.0,0.0,0.0,0.0,0.0,0.0,19.26246486877803,0.0,35.392371257240434,0.0,0.0,0.0,0.0,0.0,0.0,0.0,12.841643245852019,0.0,17.54772460632,24.26546827384644,0.0,0.0,0.0,0.0,0.0,0.0,0.0,0.0,0.0,0.0,19.26246486877803,11.126902983393991,0.0,24.26546827384644,0.0,0.0,0.0,0.0,0.0,3.1342592592592595,0.0,8.735092592592594,3.9639814814814818,0.0,0.0,0.3333333333333333,9,0,0,1,0,1,1,0,1,0,0,0,0,0,0,0,2,2.1753,38.46700000000001,0,0,0,0,0,0,0,0,0,0,0,0,0,0,0,0,0,0,0,0,0,0,0,0,0,0,0,0,0,0,2,0,0,0,1,0,1,0,0,0,0,0,0,0,0,0,0,0,0,0,0,0,0,0,0,0,0,0,0,0,0,0,0,0,0,0,0,0,0,0,0,0,0,0,0,0,0,0,0,0,0,0,0,0,0
cis-1-Propenylbenzene,CC=CC1=CC=CC=C1,766-90-5,Not biofuel,2.0833333333333335,1.263888888888889,2.0833333333333335,1.263888888888889,0.5315253963209767,118.17899999999996,108.09899999999998,118.07825032,46,0,-0.025994603660731676,-0.08706595221034719,0.08706595221034719,0.025994603660731676,1.1111111111111112,1.7777777777777777,2.3333333333333335,13.831546715330443,10.19642068685575,1.7707918833644798,-1.864642939436033,1.9883512850080192,-1.648704425766103,5.474509323150004,1.644858515055136,2.8479481764153847,184.45310074746274,6.52709773749546,5.5414518843273814,5.5414518843273814,4.431851652578137,3.110042339640732,3.110042339640732,1.9106836025229597,1.9106836025229597,1.1586892478083903,1.1586892478083903,0.7566001196398341,0.7566001196398341,-1.04,145.16653667335345,6.085628140703518,3.079539221938775,1.7260521604490249,55.83662643050253,0.0,0.0,0.0,0.0,0.0,0.0,0.0,0.0,0.0,0.0,42.483875555975814,12.487188691387619,0.0,0.0,0.0,6.076020106833881,0.0,0.0,0.0,6.923737199690624,0.0,41.97130694083893,0.0,0.0,0.0,0.0,0.0,0.0,0.0,0.0,0.0,12.487188691387619,36.407855449141934,0.0,6.076020106833881,0.0,0.0,0.0,0.0,0.0,0.0,0.0,0.0,5.563451491696996,0.0,31.198858511909332,18.208754243757102,0.0,0.0,0.0,0.0,0.0,1.263888888888889,0.0,10.261574074074074,4.12037037037037,2.0208333333333335,0.0,0.1111111111111111,9,0,0,0,0,0,1,0,1,0,0,0,1,0,0,0,1,2.7197000000000005,41.15000000000002,0,0,0,0,0,0,0,0,0,0,0,0,0,0,0,0,0,0,0,0,0,0,0,0,0,0,1,0,0,0,0,0,0,0,1,0,0,0,0,0,0,0,0,0,0,0,0,0,0,0,0,0,0,0,0,0,0,0,0,0,0,0,0,0,0,0,0,0,0,0,0,0,0,0,0,0,0,0,0,0,0,0,0,0,0
trans-1-Propenylbenzene,CC=CC1=CC=CC=C1,873-66-5,Not biofuel,2.0833333333333335,1.263888888888889,2.0833333333333335,1.263888888888889,0.5315253963209767,118.17899999999996,108.09899999999998,118.07825032,46,0,-0.025994603660731676,-0.08706595221034719,0.08706595221034719,0.025994603660731676,1.1111111111111112,1.7777777777777777,2.3333333333333335,13.831546715330443,10.19642068685575,1.7707918833644798,-1.864642939436033,1.9883512850080192,-1.648704425766103,5.474509323150004,1.644858515055136,2.8479481764153847,184.45310074746274,6.52709773749546,5.5414518843273814,5.5414518843273814,4.431851652578137,3.110042339640732,3.110042339640732,1.9106836025229597,1.9106836025229597,1.1586892478083903,1.1586892478083903,0.7566001196398341,0.7566001196398341,-1.04,145.16653667335345,6.085628140703518,3.079539221938775,1.7260521604490249,55.83662643050253,0.0,0.0,0.0,0.0,0.0,0.0,0.0,0.0,0.0,0.0,42.483875555975814,12.487188691387619,0.0,0.0,0.0,6.076020106833881,0.0,0.0,0.0,6.923737199690624,0.0,41.97130694083893,0.0,0.0,0.0,0.0,0.0,0.0,0.0,0.0,0.0,12.487188691387619,36.407855449141934,0.0,6.076020106833881,0.0,0.0,0.0,0.0,0.0,0.0,0.0,0.0,5.563451491696996,0.0,31.198858511909332,18.208754243757102,0.0,0.0,0.0,0.0,0.0,1.263888888888889,0.0,10.261574074074074,4.12037037037037,2.0208333333333335,0.0,0.1111111111111111,9,0,0,0,0,0,1,0,1,0,0,0,1,0,0,0,1,2.7197000000000005,41.15000000000002,0,0,0,0,0,0,0,0,0,0,0,0,0,0,0,0,0,0,0,0,0,0,0,0,0,0,1,0,0,0,0,0,0,0,1,0,0,0,0,0,0,0,0,0,0,0,0,0,0,0,0,0,0,0,0,0,0,0,0,0,0,0,0,0,0,0,0,0,0,0,0,0,0,0,0,0,0,0,0,0,0,0,0,0,0
Allylbenzene,C=CCC1=CC=CC=C1,300-57-2,Biofuel,3.655963718820862,0.9730555555555556,3.655963718820862,0.9730555555555556,0.5229975730548514,118.17899999999995,108.09899999999998,118.07825032,46,0,-0.010013321697633543,-0.10274876838001491,0.10274876838001491,0.010013321697633543,1.2222222222222223,1.8888888888888888,2.4444444444444446,13.874564197507016,10.153255825634727,1.8156595914068938,-1.9061951296234276,1.9785799429266067,-1.7531843420947364,5.161299423772586,1.2783732037105746,2.719528532842932,174.4896154807834,6.52709773749546,5.37831517751085,5.37831517751085,4.431851652578137,3.0807335740439594,3.0807335740439594,1.9783978394802335,1.9783978394802335,1.2228644897704113,1.2228644897704113,0.7807600013303118,0.7807600013303118,-1.04,145.16653667335345,6.085628140703518,3.079539221938775,1.7260521604490249,55.83662643050253,0.0,0.0,0.0,0.0,0.0,0.0,0.0,0.0,0.0,6.578935683598497,36.407855449141934,11.984273114623004,0.0,0.0,0.0,0.0,0.0,0.0,0.0,6.4208216229260096,0.0,48.55024262443742,0.0,0.0,0.0,0.0,0.0,0.0,0.0,6.4208216229260096,0.0,5.563451491696996,42.98679113274043,0.0,0.0,0.0,0.0,0.0,0.0,0.0,0.0,0.0,6.4208216229260096,5.563451491696996,0.0,24.27512131221871,18.711669820521717,0.0,0.0,0.0,0.0,0.0,1.326388888888889,0.0,10.299221466364322,2.8850925925925925,3.655963718820862,0.0,0.1111111111111111,9,0,0,0,0,0,1,0,1,0,0,0,2,0,0,0,1,2.4151000000000007,40.34300000000002,0,0,0,0,0,0,0,0,0,0,0,0,0,0,0,0,0,0,0,0,0,0,0,0,0,0,1,0,0,0,0,0,0,0,1,0,0,0,0,0,0,0,0,0,0,0,0,0,0,0,0,0,0,0,0,0,0,0,0,0,0,0,0,0,0,0,0,0,0,0,0,0,0,0,0,0,0,0,0,0,0,0,0,0,0
2-Phenylpropene,CC(=C)C1=CC=CC=C1,98-83-9,Not biofuel,3.8253703703703703,1.120925925925926,3.8253703703703703,1.120925925925926,0.5315253963209767,118.17899999999996,108.09899999999998,118.07825032,46,0,-0.02332520625238293,-0.09551616043242918,0.09551616043242918,0.02332520625238293,1.2222222222222223,1.7777777777777777,2.111111111111111,13.913486532862013,10.114316396056799,1.8567009471607003,-1.9427524195208792,2.0800613673815302,-1.7220218146429365,5.60186201693891,1.5833123849166821,2.981454614041131,196.53811204568342,6.69023444431199,5.593858127134677,5.593858127134677,4.304530452640311,3.0142369931162336,3.0142369931162336,2.1463554896743497,2.1463554896743497,1.2665883481753843,1.2665883481753843,0.7226706494170987,0.7226706494170987,-1.04,129.22533870330605,6.085628140703518,2.492201093530749,1.4254483456763811,55.83662643050253,0.0,0.0,0.0,0.0,0.0,0.0,0.0,0.0,0.0,0.0,42.483875555975814,12.487188691387619,0.0,0.0,0.0,5.573104530069267,0.0,0.0,0.0,6.923737199690624,0.0,42.47422251760354,0.0,0.0,0.0,0.0,0.0,0.0,0.0,0.0,0.0,12.487188691387619,36.91077102590655,0.0,5.573104530069267,0.0,0.0,0.0,0.0,0.0,0.0,0.0,5.573104530069267,5.563451491696996,0.0,25.122838405075452,18.711669820521717,0.0,0.0,0.0,0.0,0.0,2.3408333333333333,0.0,10.15787037037037,0.0,5.83462962962963,0.0,0.1111111111111111,9,0,0,0,0,0,1,0,1,0,0,0,1,0,0,0,1,2.7197000000000005,41.15000000000002,0,0,0,0,0,0,0,0,0,0,0,0,0,0,0,0,0,0,0,0,0,0,0,0,0,0,1,0,0,0,0,0,0,0,1,0,0,0,0,0,0,0,0,0,0,0,0,0,0,0,0,0,0,0,0,0,0,0,0,0,0,0,0,0,0,0,0,0,0,0,0,0,0,0,0,0,0,0,0,0,0,0,0,0,0
Indene (benzocyclopentadiene),C1C=CC2=CC=CC=C21,95-13-6,Biofuel,2.199074074074074,1.1212037037037037,2.199074074074074,1.1212037037037037,0.48738988825368246,116.16299999999995,108.09899999999998,116.062600256,44,0,-0.008817489576501351,-0.07950735533918725,0.07950735533918725,0.008817489576501351,1.1111111111111112,2.0,2.888888888888889,14.047727458773549,10.124784654165468,1.9967130913365772,-1.9256772045896815,2.1691258039596755,-1.7635174028075131,5.588265784877749,1.311348347619741,2.625267337070999,245.97015243201017,6.104448006685086,5.171208396324302,5.171208396324302,4.4663264951887856,3.2111604181749094,3.2111604181749094,2.305306794174653,2.305306794174653,1.6902686958764574,1.6902686958764574,1.195541839485097,1.195541839485097,-1.04,254.268989977729,4.803032525510203,1.7283806668829205,0.672212862984529,54.8307952769733,0.0,0.0,0.0,0.0,0.0,0.0,0.0,0.0,0.0,0.0,36.417508487514205,17.54772460632,0.0,0.0,0.0,6.076020106833881,0.0,0.0,0.0,6.4208216229260096,0.0,41.468391364074314,0.0,0.0,0.0,0.0,0.0,0.0,0.0,6.4208216229260096,0.0,11.126902983393991,30.34148838068032,0.0,6.076020106833881,0.0,0.0,0.0,0.0,0.0,0.0,0.0,6.4208216229260096,11.126902983393991,0.0,0.0,36.417508487514205,0.0,0.0,0.0,0.0,0.0,2.8425925925925926,0.0,8.494537037037036,5.496203703703704,0.0,0.0,0.1111111111111111,9,0,0,1,0,1,1,0,1,0,0,0,0,0,0,0,2,2.2559000000000005,39.180000000000014,0,0,0,0,0,0,0,0,0,0,0,0,0,0,0,0,0,0,0,0,0,0,0,0,0,0,1,0,0,0,0,0,0,0,1,0,1,0,0,0,0,0,0,0,0,0,0,0,0,0,0,0,0,0,0,0,0,0,0,0,0,0,0,0,0,0,0,0,0,0,0,0,0,0,0,0,0,0,0,0,0,0,0,0,0
n-Butylbenzene,CCCCC1=CC=CC=C1,104-51-8,Biofuel,2.225138888888889,1.2334722222222223,2.225138888888889,1.2334722222222223,0.5957309560911629,134.22199999999998,120.10999999999997,134.109550448,54,0,-0.027897295142604965,-0.0653710717316953,0.0653710717316953,0.027897295142604965,1.1,1.8,2.4,13.928094568255245,10.100588827164405,1.8687601891678685,-1.9589484955842618,2.0257810758831734,-1.8110089866978991,5.138501418975812,0.7949849468755463,2.4265223465879537,164.65300142116237,7.234204518682008,6.508071689507773,6.508071689507773,4.931851652578137,3.971343774302781,3.971343774302781,2.5891519502467633,2.5891519502467633,1.6618298825622126,1.6618298825622126,1.0255780783709258,1.0255780783709258,-0.78,251.66716234355823,7.328459869848157,4.1024606217041155,2.218872016802184,62.89117157708339,0.0,0.0,0.0,0.0,0.0,0.0,0.0,0.0,0.0,0.0,43.67639416492468,18.405094737549014,0.0,0.0,0.0,0.0,0.0,0.0,0.0,26.186202068468653,0.0,35.89528683400505,0.0,0.0,0.0,0.0,0.0,0.0,0.0,6.4208216229260096,0.0,25.328831937239638,30.33183534230805,0.0,0.0,0.0,0.0,0.0,0.0,0.0,0.0,0.0,0.0,24.825916360475023,0.0,0.0,37.255572541998674,0.0,0.0,0.0,0.0,0.0,1.4623611111111112,0.0,10.649555933484505,3.8296107331821614,2.225138888888889,0.0,0.4,10,0,0,0,0,0,1,0,1,0,0,0,3,0,0,0,1,3.0292000000000012,45.05400000000003,0,0,0,0,0,0,0,0,0,0,0,0,0,0,0,0,0,0,0,0,0,0,0,0,0,0,0,0,0,0,1,0,0,0,1,0,0,0,0,0,0,0,0,0,0,0,0,0,0,0,0,0,0,0,0,0,0,0,0,0,0,0,0,0,0,0,0,0,0,0,0,0,0,0,0,0,0,0,0,0,0,0,0,0,0
iso-Butylbenzene,CC(C)CC1=CC=CC=C1,538-93-2,Biofuel,2.2430555555555554,0.766111111111111,2.2430555555555554,0.766111111111111,0.5830950724974511,134.22199999999998,120.10999999999997,134.109550448,54,0,-0.02556439700331706,-0.06245589070299574,0.06245589070299574,0.02556439700331706,1.1,1.7,2.2,13.992301067094083,10.036128854524835,1.935619475577551,-2.02073647053565,2.054703547358192,-1.9177880346078893,5.142587045297222,0.6471297537755208,2.5872871851548136,174.4896154807834,7.397341225498538,6.671208396324304,6.671208396324304,4.787693700234704,3.827185821959348,3.827185821959348,3.083569555002773,3.083569555002773,1.486775212936868,1.486775212936868,1.085497855454677,1.085497855454677,-0.78,195.6254620163014,7.328459869848157,3.4037722935552446,2.218872016802184,62.89117157708339,0.0,0.0,0.0,0.0,0.0,0.0,0.0,0.0,0.0,0.0,44.179309741689295,17.9021791607844,0.0,0.0,0.0,0.0,0.0,0.0,5.917906046161393,20.268296022307258,0.0,35.89528683400505,0.0,0.0,0.0,0.0,0.0,0.0,0.0,6.4208216229260096,5.917906046161393,19.410925891078243,30.33183534230805,0.0,0.0,0.0,0.0,0.0,0.0,0.0,0.0,0.0,5.917906046161393,11.984273114623004,0.0,0.0,44.179309741689295,0.0,0.0,0.0,0.0,0.0,1.4421296296296298,0.766111111111111,10.61037037037037,1.1952777777777777,4.486111111111111,0.0,0.4,10,0,0,0,0,0,1,0,1,0,0,0,2,0,0,0,1,2.8851000000000013,44.98400000000003,0,0,0,0,0,0,0,0,0,0,0,0,0,0,0,0,0,0,0,0,0,0,0,0,0,0,0,0,0,0,0,0,0,0,1,0,0,0,0,0,0,0,0,0,0,0,0,0,0,0,0,0,0,0,0,0,0,0,0,0,0,0,0,0,0,0,0,0,0,0,0,0,0,0,0,0,0,0,0,0,0,0,0,0,0
sec-Butylbenzene,CCC(C)C1=CC=CC=C1,135-98-8,Not biofuel,2.259259259259259,0.7094444444444443,2.259259259259259,0.7094444444444443,0.5823253102746541,134.22199999999998,120.10999999999997,134.109550448,54,0,-0.019300891963447316,-0.06480959922040683,0.06480959922040683,0.019300891963447316,1.2,1.8,2.3,14.036406836346979,9.991665772882854,1.9832696656766395,-2.061745671975445,2.1628491948212765,-1.8823553939552446,5.176905949466727,0.7334968501745557,2.746978188530898,176.48961548078339,7.397341225498538,6.671208396324304,6.671208396324304,4.842535255101096,3.892064077957809,3.892064077957809,2.7199794632774306,2.7199794632774306,1.9809805208364926,1.9809805208364926,1.0172740324121932,1.0172740324121932,-0.78,237.587417309747,7.328459869848157,3.4037722935552446,1.598288065805947,62.89117157708339,0.0,0.0,0.0,0.0,0.0,0.0,0.0,0.0,0.0,0.0,44.179309741689295,17.9021791607844,0.0,0.0,0.0,0.0,0.0,0.0,0.0,26.18620206846865,0.0,35.89528683400505,0.0,0.0,0.0,0.0,0.0,0.0,0.0,0.0,0.0,31.749653560165644,30.33183534230805,0.0,0.0,0.0,0.0,0.0,0.0,0.0,0.0,5.917906046161393,0.0,11.984273114623004,0.0,0.0,44.179309741689295,0.0,0.0,0.0,0.0,0.0,1.4490740740740742,0.7094444444444443,10.636111111111113,1.2262037037037037,4.479166666666666,0.0,0.4,10,0,0,0,0,0,1,0,1,0,0,0,2,0,0,0,1,3.2001000000000017,45.14800000000003,0,0,0,0,0,0,0,0,0,0,0,0,0,0,0,0,0,0,0,0,0,0,0,0,0,0,0,0,0,0,0,0,0,0,1,0,0,0,0,0,0,0,0,0,0,0,0,0,0,0,0,0,0,0,0,0,0,0,0,0,0,0,0,0,0,0,0,0,0,0,0,0,0,0,0,0,0,0,0,0,0,0,0,0,0
tert-Butylbenzene,CC(C)(C)C1=CC=CC=C1,1998/6/6,Biofuel,2.224537037037037,0.2929166666666665,2.224537037037037,0.2929166666666665,0.5114006703774442,134.22199999999998,120.10999999999997,134.109550448,54,0,-0.013185421336817146,-0.06224804505884843,0.06224804505884843,0.013185421336817146,0.9,1.4,1.7,14.155053549200233,9.872663875210776,2.107334848194777,-2.175326969617501,2.200996297829458,-2.0951078906402802,5.214575082366548,0.5900845483530642,2.9660431785816628,191.02833704135648,7.612884175122366,6.886751345948131,6.886751345948131,4.605171715522539,3.66068360252296,3.66068360252296,3.6160254037844393,3.6160254037844393,1.639814472133079,1.639814472133079,0.9381528525526742,0.9381528525526742,-0.78,165.63732925805002,7.328459869848157,2.4517901863265905,1.598288065805947,62.89117157708339,0.0,0.0,0.0,0.0,0.0,0.0,0.0,0.0,0.0,0.0,51.10304694137992,10.978441961093775,0.0,0.0,0.0,0.0,0.0,0.0,0.0,26.186202068468653,0.0,35.89528683400505,0.0,0.0,0.0,0.0,0.0,0.0,0.0,5.41499046939678,0.0,26.334663090768867,30.33183534230805,0.0,0.0,0.0,0.0,0.0,0.0,0.0,0.0,5.41499046939678,0.0,5.563451491696996,0.0,0.0,51.10304694137992,0.0,0.0,0.0,0.0,0.0,1.6910648148148149,0.0,10.55199074074074,0.0,6.673611111111112,0.0,0.4,10,0,0,0,0,0,1,0,1,0,0,0,0,0,0,0,1,2.9841000000000015,45.14200000000003,0,0,0,0,0,0,0,0,0,0,0,0,0,0,0,0,0,0,0,0,0,0,0,0,0,0,0,0,0,0,0,0,0,0,1,0,0,0,0,0,0,0,0,0,0,0,0,0,0,0,0,0,0,0,0,0,0,0,0,0,0,0,0,0,0,0,0,0,0,0,0,0,0,0,0,0,0,0,0,0,0,0,0,0,0
"1,3-Diethylbenzene",CCC1=CC(=CC=C1)CC,141-93-5,Biofuel,2.2777777777777777,1.1466666666666667,2.2777777777777777,1.1466666666666667,0.5831204703949601,134.22199999999998,120.10999999999997,134.109550448,54,0,-0.03073398623049164,-0.06172035451334157,0.06172035451334157,0.03073398623049164,1.0,1.5,1.9,13.949702056483028,10.07945021717913,1.8896634776318588,-1.98072709326993,2.0505210437250465,-1.8276461924903544,5.225426859332226,1.0868159067749028,2.8711457287957725,181.69821324529929,7.397341225498538,6.723614639131599,6.723614639131599,4.863703305156274,3.942687548605561,3.942687548605561,2.5270576858082223,2.5270576858082223,1.807889832681591,1.807889832681591,1.0694902838028495,1.0694902838028495,-0.78,235.2901527615482,7.328459869848157,3.4037722935552446,1.598288065805947,62.89117157708339,0.0,0.0,0.0,0.0,0.0,0.0,0.0,0.0,0.0,0.0,38.112942673227685,23.96854622924601,0.0,0.0,0.0,0.0,0.0,0.0,0.0,26.689117645233267,0.0,35.392371257240434,0.0,0.0,0.0,0.0,0.0,0.0,0.0,12.841643245852019,0.0,24.974377382775238,24.26546827384644,0.0,0.0,0.0,0.0,0.0,0.0,0.0,0.0,0.0,12.841643245852019,11.126902983393991,0.0,0.0,38.112942673227685,0.0,0.0,0.0,0.0,0.0,2.8876851851851857,0.0,8.773796296296297,2.2933333333333334,4.3785185185185185,0.0,0.4,10,0,0,0,0,0,1,0,1,0,0,0,2,0,0,0,1,2.811400000000001,45.19800000000003,0,0,0,0,0,0,0,0,0,0,0,0,0,0,0,0,0,0,0,0,0,0,0,0,0,0,0,0,0,0,2,0,0,0,1,0,0,0,0,0,0,0,0,0,0,0,0,0,0,0,0,0,0,0,0,0,0,0,0,0,0,0,0,0,0,0,0,0,0,0,0,0,0,0,0,0,0,0,0,0,0,0,0,0,0
"1,4-Diethylbenzene",CCC1=CC=C(C=C1)CC,105-05-5,Not biofuel,2.207175925925926,1.1428514739229025,2.207175925925926,1.1428514739229025,0.5831204703949601,134.22199999999998,120.10999999999997,134.109550448,54,0,-0.030743747647749592,-0.061294135377601325,0.061294135377601325,0.030743747647749592,0.8,1.1,1.3,13.93816978911778,10.091104112264928,1.877385353410344,-1.969818494684351,2.0410637502095805,-1.8138008272787933,5.215707006356919,1.1004004819730613,2.7972512629697874,160.69821324529929,7.397341225498538,6.723614639131599,6.723614639131599,4.863703305156274,3.942687548605561,3.942687548605561,2.523603362114274,2.523603362114274,1.8394679478451756,1.8394679478451756,1.0106679820275342,1.0106679820275342,-0.78,237.587417309747,7.328459869848157,3.4037722935552446,1.598288065805947,62.89117157708339,0.0,0.0,0.0,0.0,0.0,0.0,0.0,0.0,0.0,0.0,38.112942673227685,23.96854622924601,0.0,0.0,0.0,0.0,0.0,0.0,0.0,26.689117645233267,0.0,35.392371257240434,0.0,0.0,0.0,0.0,0.0,0.0,0.0,12.841643245852019,0.0,24.974377382775238,24.26546827384644,0.0,0.0,0.0,0.0,0.0,0.0,0.0,0.0,0.0,12.841643245852019,11.126902983393991,0.0,0.0,38.112942673227685,0.0,0.0,0.0,0.0,0.0,2.855925925925926,0.0,8.828703703703704,2.285702947845805,4.3630007558578985,0.0,0.4,10,0,0,0,0,0,1,0,1,0,0,0,2,0,0,0,1,2.811400000000001,45.19800000000003,0,0,0,0,0,0,0,0,0,0,0,0,0,0,0,0,0,0,0,0,0,0,0,0,0,0,0,0,0,0,2,0,0,0,1,0,0,0,0,0,0,0,0,0,0,0,0,0,0,0,0,0,0,0,0,0,0,0,0,0,0,0,0,0,0,0,0,0,0,0,0,0,0,0,0,0,0,0,0,0,0,0,0,0,0
"1,2-Dimethyl-3-ethylbenzene",CCC1=CC=CC(=C1C)C,933-98-2,Not biofuel,2.196759259259259,1.1463425925925925,2.196759259259259,1.1463425925925925,0.5537053444239534,134.22199999999998,120.10999999999997,134.109550448,54,0,-0.030471464852069557,-0.061711031027934835,0.061711031027934835,0.030471464852069557,1.2,1.9,2.4,14.008694059517863,10.02021316432735,1.9510513649888164,-2.037530302763745,2.1172280061843654,-1.8763402877530047,5.322606424495788,1.094309281103458,3.14303948130643,223.47996149735152,7.560477932315068,6.939157588755425,6.939157588755425,4.753218857624055,3.804677107636114,3.804677107636114,2.7125879233746772,2.7125879233746772,2.09771313862671,2.09771313862671,1.1948750013207057,1.1948750013207057,-0.78,196.89608671230735,7.328459869848157,2.8694839561664094,1.2058371566563812,62.89117157708339,0.0,0.0,0.0,0.0,0.0,0.0,0.0,0.0,0.0,0.0,25.122838405075452,36.95865049739824,0.0,0.0,0.0,0.0,0.0,0.0,0.0,27.19203322199788,0.0,34.88945568047582,0.0,0.0,0.0,0.0,0.0,0.0,0.0,6.4208216229260096,13.847474399381248,23.61409167478161,18.19910120538483,0.0,0.0,0.0,0.0,0.0,0.0,0.0,0.0,0.0,6.4208216229260096,16.690354475090988,0.0,0.0,38.9703128044567,0.0,0.0,0.0,0.0,0.0,4.323472222222223,0.0,6.48412037037037,1.1463425925925925,6.546064814814815,0.0,0.4,10,0,0,0,0,0,1,0,1,0,0,0,1,0,0,0,1,2.8658400000000013,45.294000000000025,0,0,0,0,0,0,0,0,0,0,0,0,0,0,0,0,0,0,0,0,0,0,0,0,0,0,0,0,0,0,2,0,0,0,1,0,0,0,0,0,0,0,0,0,0,0,0,0,0,0,0,0,0,0,0,0,0,0,0,0,0,0,0,0,0,0,0,0,0,0,0,0,0,0,0,0,0,0,0,0,0,0,0,0,0
"1,3-Dimethyl-4-ethylbenzene",CCC1=C(C)C=C(C)C=C1,874-41-9,Not biofuel,2.2349537037037037,1.1449537037037036,2.2349537037037037,1.1449537037037036,0.5537053444239534,134.22199999999998,120.10999999999997,134.109550448,54,0,-0.0304810952180734,-0.06128414927876868,0.06128414927876868,0.0304810952180734,1.2,1.9,2.4,13.9860020816491,10.043081597214709,1.9270145745892027,-2.016007830004471,2.095786955072408,-1.8530579483952845,5.29509186748721,1.1029963847182174,3.0699827149988392,223.47996149735152,7.560477932315068,6.9391575887554255,6.9391575887554255,4.736382105218448,3.798694043492407,3.798694043492407,2.7834923367985005,2.7834923367985005,1.8789972690447896,1.8789972690447896,1.2424904177607388,1.2424904177607388,-0.78,182.2382192735223,7.328459869848157,2.8694839561664094,1.3813978449955595,62.89117157708339,0.0,0.0,0.0,0.0,0.0,0.0,0.0,0.0,0.0,0.0,30.686289896772447,31.395199005701247,0.0,0.0,0.0,0.0,0.0,0.0,0.0,27.19203322199788,0.0,34.88945568047582,0.0,0.0,0.0,0.0,0.0,0.0,0.0,6.4208216229260096,13.847474399381248,23.61409167478161,18.19910120538483,0.0,0.0,0.0,0.0,0.0,0.0,0.0,0.0,0.0,6.4208216229260096,16.690354475090988,0.0,0.0,38.970312804456704,0.0,0.0,0.0,0.0,0.0,4.238703703703704,0.0,6.62037037037037,1.1449537037037036,6.495972222222223,0.0,0.4,10,0,0,0,0,0,1,0,1,0,0,0,1,0,0,0,1,2.8658400000000013,45.294000000000025,0,0,0,0,0,0,0,0,0,0,0,0,0,0,0,0,0,0,0,0,0,0,0,0,0,0,0,0,0,0,3,0,0,0,1,0,0,0,0,0,0,0,0,0,0,0,0,0,0,0,0,0,0,0,0,0,0,0,0,0,0,0,0,0,0,0,0,0,0,0,0,0,0,0,0,0,0,0,0,0,0,0,0,0,0
"1,3-Dimethyl-5-ethylbenzene",CCC1=CC(=CC(=C1)C)C,934-74-7,Not biofuel,2.2430555555555554,1.1413888888888888,2.2430555555555554,1.1413888888888888,0.5537053444239534,134.22199999999998,120.10999999999997,134.109550448,54,0,-0.030724242682959608,-0.061293800488366273,0.061293800488366273,0.030724242682959608,1.0,1.5,1.9,13.966495735716778,10.062833582536422,1.906090475370303,-1.9976523492284863,2.0796347666486463,-1.8296715039841578,5.277140211673085,1.1211300986702246,3.061688151345299,203.22996149735155,7.560477932315068,6.939157588755425,6.939157588755425,4.71954535281284,3.792710979348699,3.792710979348699,2.849514921328608,2.849514921328608,1.6897227048854204,1.6897227048854204,1.2731078885897673,1.2731078885897673,-0.78,172.48169296466315,7.328459869848157,2.8694839561664094,1.598288065805947,62.89117157708339,0.0,0.0,0.0,0.0,0.0,0.0,0.0,0.0,0.0,0.0,36.249741388469445,25.831747514004253,0.0,0.0,0.0,0.0,0.0,0.0,0.0,27.19203322199788,0.0,34.88945568047582,0.0,0.0,0.0,0.0,0.0,0.0,0.0,6.4208216229260096,13.847474399381248,23.61409167478161,18.19910120538483,0.0,0.0,0.0,0.0,0.0,0.0,0.0,0.0,0.0,6.4208216229260096,16.690354475090988,0.0,0.0,38.9703128044567,0.0,0.0,0.0,0.0,0.0,4.186296296296296,0.0,6.69361111111111,1.1413888888888888,6.478703703703703,0.0,0.4,10,0,0,0,0,0,1,0,1,0,0,0,1,0,0,0,1,2.8658400000000013,45.294000000000025,0,0,0,0,0,0,0,0,0,0,0,0,0,0,0,0,0,0,0,0,0,0,0,0,0,0,0,0,0,0,3,0,0,0,1,0,0,0,0,0,0,0,0,0,0,0,0,0,0,0,0,0,0,0,0,0,0,0,0,0,0,0,0,0,0,0,0,0,0,0,0,0,0,0,0,0,0,0,0,0,0,0,0,0,0
"1,4-Dimethyl-2-ethylbenzene",CCC1=C(C=CC(=C1)C)C,1758-88-9,Biofuel,2.259259259259259,1.1463425925925925,2.259259259259259,1.1463425925925925,0.5537053444239534,134.22199999999995,120.10999999999997,134.109550448,54,0,-0.030471500084394323,-0.061283983002360855,0.061283983002360855,0.030471500084394323,1.2,1.9,2.4,13.9880298989031,10.040992201085002,1.9291856988776115,-2.0179566540922247,2.0971386940971675,-1.8558759628540957,5.295879715542989,1.100389733471282,3.090683646458197,223.47996149735152,7.560477932315068,6.939157588755425,6.939157588755425,4.736382105218448,3.798694043492407,3.798694043492407,2.7834923367985005,2.7834923367985005,1.8855373108322575,1.8855373108322575,1.1811558446037718,1.1811558446037718,-0.78,190.28823830466132,7.328459869848157,2.8694839561664094,1.3813978449955595,62.89117157708339,0.0,0.0,0.0,0.0,0.0,0.0,0.0,0.0,0.0,0.0,30.686289896772447,31.395199005701247,0.0,0.0,0.0,0.0,0.0,0.0,0.0,27.19203322199788,0.0,34.88945568047582,0.0,0.0,0.0,0.0,0.0,0.0,0.0,6.4208216229260096,13.847474399381248,23.61409167478161,18.19910120538483,0.0,0.0,0.0,0.0,0.0,0.0,0.0,0.0,0.0,6.4208216229260096,16.690354475090988,0.0,0.0,38.9703128044567,0.0,0.0,0.0,0.0,0.0,4.245879629629631,0.0,6.60912037037037,1.1463425925925925,6.498657407407408,0.0,0.4,10,0,0,0,0,0,1,0,1,0,0,0,1,0,0,0,1,2.8658400000000013,45.294000000000025,0,0,0,0,0,0,0,0,0,0,0,0,0,0,0,0,0,0,0,0,0,0,0,0,0,0,0,0,0,0,3,0,0,0,1,0,0,0,0,0,0,0,0,0,0,0,0,0,0,0,0,0,0,0,0,0,0,0,0,0,0,0,0,0,0,0,0,0,0,0,0,0,0,0,0,0,0,0,0,0,0,0,0,0,0
1-Methyl-2-n-propylbenzene,CCCC1=CC=CC=C1C,1074-17-5,Biofuel,2.214722222222222,1.2149537037037037,2.214722222222222,1.2149537037037037,0.583030488616112,134.22199999999995,120.10999999999997,134.109550448,54,0,-0.027887175807419177,-0.06506526830482472,0.06506526830482472,0.027887175807419177,1.2,1.9,2.5,13.976725324424288,10.052019087842067,1.9187341835546723,-2.0061363436842075,2.0785157874013893,-1.853993410565776,5.247882559768779,0.9126959423233515,2.8111809171884006,200.94821324529929,7.397341225498538,6.723614639131599,6.723614639131599,4.842535255101096,3.8880104409694476,3.8880104409694476,2.6764846225112784,2.6764846225112784,1.7805929002128267,1.7805929002128267,1.1599262101615568,1.1599262101615568,-0.78,213.81162450161497,7.328459869848157,3.4037722935552446,1.598288065805947,62.89117157708339,0.0,0.0,0.0,0.0,0.0,0.0,0.0,0.0,0.0,0.0,37.61002709646307,24.471461806010623,0.0,0.0,0.0,0.0,0.0,0.0,0.0,26.689117645233267,0.0,35.392371257240434,0.0,0.0,0.0,0.0,0.0,0.0,0.0,6.4208216229260096,6.923737199690624,24.471461806010623,24.26546827384644,0.0,0.0,0.0,0.0,0.0,0.0,0.0,0.0,0.0,0.0,23.96854622924601,0.0,0.0,38.112942673227685,0.0,0.0,0.0,0.0,0.0,2.9114351851851854,0.0,8.579675925925926,2.4558796296296297,4.386342592592593,0.0,0.4,10,0,0,0,0,0,1,0,1,0,0,0,2,0,0,0,1,2.9475200000000017,45.17400000000003,0,0,0,0,0,0,0,0,0,0,0,0,0,0,0,0,0,0,0,0,0,0,0,0,0,0,0,0,0,0,2,0,0,0,1,0,0,0,0,0,0,0,0,0,0,0,0,0,0,0,0,0,0,0,0,0,0,0,0,0,0,0,0,0,0,0,0,0,0,0,0,0,0,0,0,0,0,0,0,0,0,0,0,0,0
1-Methyl-3-n-propylbenzene,CCCC1=CC=CC(=C1)C,1074-43-7,Not biofuel,2.2534722222222223,1.21,2.2534722222222223,1.21,0.583030488616112,134.22199999999995,120.10999999999997,134.109550448,54,0,-0.028139878802854495,-0.06506543680420226,0.06506543680420226,0.028139878802854495,1.3,2.1,2.7,13.94396574040222,10.08515730351769,1.8840017831592948,-1.9749783247160384,2.0493099947539,-1.8184550699977413,5.2149041198919415,0.9200990599241138,2.7463063750318586,200.94821324529929,7.397341225498538,6.723614639131599,6.723614639131599,4.825698502695489,3.8820273768257403,3.8820273768257403,2.739052883347438,2.739052883347438,1.6211594174990274,1.6211594174990274,1.156325850074929,1.156325850074929,-0.78,199.43527408837818,7.328459869848157,3.4037722935552446,1.8705768494137758,62.89117157708339,0.0,0.0,0.0,0.0,0.0,0.0,0.0,0.0,0.0,0.0,43.173478588160066,18.90801031431363,0.0,0.0,0.0,0.0,0.0,0.0,0.0,26.689117645233267,0.0,35.392371257240434,0.0,0.0,0.0,0.0,0.0,0.0,0.0,6.4208216229260096,6.923737199690624,24.471461806010623,24.26546827384644,0.0,0.0,0.0,0.0,0.0,0.0,0.0,0.0,0.0,0.0,23.96854622924601,0.0,0.0,38.112942673227685,0.0,0.0,0.0,0.0,0.0,2.827268518518519,0.0,8.707824074074075,2.449537037037037,4.348703703703704,0.0,0.4,10,0,0,0,0,0,1,0,1,0,0,0,2,0,0,0,1,2.9475200000000017,45.17400000000003,0,0,0,0,0,0,0,0,0,0,0,0,0,0,0,0,0,0,0,0,0,0,0,0,0,0,0,0,0,0,2,0,0,0,1,0,0,0,0,0,0,0,0,0,0,0,0,0,0,0,0,0,0,0,0,0,0,0,0,0,0,0,0,0,0,0,0,0,0,0,0,0,0,0,0,0,0,0,0,0,0,0,0,0,0
1-Methyl-4-n-propylbenzene,CCCC1=CC=C(C=C1)C,1074-55-1,Not biofuel,2.2081916099773244,1.208611111111111,2.2081916099773244,1.208611111111111,0.583030488616112,134.22199999999995,120.10999999999997,134.109550448,54,0,-0.02814946607776019,-0.06506543813447702,0.06506543813447702,0.02814946607776019,1.1,1.7,2.2,13.93532330738749,10.093797695852041,1.8749005750687657,-1.9668055449442428,2.041337713082068,-1.8096873886742177,5.205878297120571,0.9210312541719629,2.6938034523628094,183.69821324529929,7.397341225498538,6.723614639131599,6.723614639131599,4.825698502695489,3.8820273768257403,3.8820273768257403,2.7355985596534893,2.7355985596534893,1.65927757445008,1.65927757445008,1.0434207989668909,1.0434207989668909,-0.78,210.07561699601456,7.328459869848157,3.4037722935552446,1.8705768494137758,62.89117157708339,0.0,0.0,0.0,0.0,0.0,0.0,0.0,0.0,0.0,0.0,43.173478588160066,18.90801031431363,0.0,0.0,0.0,0.0,0.0,0.0,0.0,26.689117645233267,0.0,35.392371257240434,0.0,0.0,0.0,0.0,0.0,0.0,0.0,6.4208216229260096,6.923737199690624,24.471461806010623,24.26546827384644,0.0,0.0,0.0,0.0,0.0,0.0,0.0,0.0,0.0,0.0,23.96854622924601,0.0,0.0,38.112942673227685,0.0,0.0,0.0,0.0,0.0,2.799030612244898,0.0,8.757592592592593,2.44775888133031,4.3289512471655325,0.0,0.4,10,0,0,0,0,0,1,0,1,0,0,0,2,0,0,0,1,2.9475200000000017,45.17400000000003,0,0,0,0,0,0,0,0,0,0,0,0,0,0,0,0,0,0,0,0,0,0,0,0,0,0,0,0,0,0,2,0,0,0,1,0,0,0,0,0,0,0,0,0,0,0,0,0,0,0,0,0,0,0,0,0,0,0,0,0,0,0,0,0,0,0,0,0,0,0,0,0,0,0,0,0,0,0,0,0,0,0,0,0,0
1-Methyl-2-isopropylbenzene,CC1=CC=CC=C1C(C)C,527-84-4,Biofuel,2.224537037037037,0.6538888888888887,2.224537037037037,0.6538888888888887,0.5532584920101852,134.22199999999998,120.10999999999997,134.109550448,54,0,-0.021620110476504122,-0.061984498756323086,0.061984498756323086,0.021620110476504122,1.1,1.7,2.1,14.043190336831747,9.98539843504986,1.98907968782967,-2.068934634268438,2.1674826758942616,-1.890768762183265,5.273719040953498,0.8564640776447017,3.0313278985819716,211.03322454351994,7.560477932315068,6.886751345948129,6.886751345948129,4.71521405516327,3.7707259421636907,3.7707259421636907,3.011288554326035,3.011288554326035,1.8104698482288835,1.8104698482288835,1.2345795480186372,1.2345795480186372,-0.78,182.2382192735223,7.328459869848157,2.8694839561664094,1.3813978449955595,62.89117157708339,0.0,0.0,0.0,0.0,0.0,0.0,0.0,0.0,0.0,0.0,38.11294267322769,23.96854622924601,0.0,0.0,0.0,0.0,0.0,0.0,0.0,26.689117645233264,0.0,35.392371257240434,0.0,0.0,0.0,0.0,0.0,0.0,0.0,0.0,6.923737199690624,30.892283428936633,24.26546827384644,0.0,0.0,0.0,0.0,0.0,0.0,0.0,0.0,5.917906046161393,0.0,11.126902983393991,0.0,0.0,45.03667987291831,0.0,0.0,0.0,0.0,0.0,2.8611111111111116,0.6538888888888887,8.540555555555557,0.0,6.611111111111112,0.0,0.4,10,0,0,0,0,0,1,0,1,0,0,0,1,0,0,0,1,3.118420000000002,45.26800000000003,0,0,0,0,0,0,0,0,0,0,0,0,0,0,0,0,0,0,0,0,0,0,0,0,0,0,0,0,0,0,1,0,0,0,1,0,0,0,0,0,0,0,0,0,0,0,0,0,0,0,0,0,0,0,0,0,0,0,0,0,0,0,0,0,0,0,0,0,0,0,0,0,0,0,0,0,0,0,0,0,0,0,0,0,0
1-Methyl-3-isopropylbenzene,CC1=CC(=CC=C1)C(C)C,535-77-3,Biofuel,2.2407407407407405,0.6526851851851849,2.2407407407407405,0.6526851851851849,0.5532584920101852,134.22199999999998,120.10999999999997,134.109550448,54,0,-0.02187246738578402,-0.06172028444776765,0.06172028444776765,0.02187246738578402,1.2,1.9,2.3,14.011771017116425,10.016900629238293,1.9561543221048514,-2.0389738519452476,2.138552368152645,-1.856748109634087,5.237873514571099,0.8647604465095629,2.9550637486480174,211.03322454351994,7.560477932315068,6.886751345948129,6.886751345948129,4.698377302757663,3.764742878019983,3.764742878019983,3.0688384645961597,3.0688384645961597,1.7087961249554287,1.7087961249554287,1.0292377467571576,1.0292377467571576,-0.78,178.19278742290373,7.328459869848157,2.8694839561664094,1.598288065805947,62.89117157708339,0.0,0.0,0.0,0.0,0.0,0.0,0.0,0.0,0.0,0.0,43.67639416492469,18.405094737549014,0.0,0.0,0.0,0.0,0.0,0.0,0.0,26.689117645233264,0.0,35.392371257240434,0.0,0.0,0.0,0.0,0.0,0.0,0.0,0.0,6.923737199690624,30.892283428936633,24.26546827384644,0.0,0.0,0.0,0.0,0.0,0.0,0.0,0.0,5.917906046161393,0.0,11.126902983393991,0.0,0.0,45.03667987291831,0.0,0.0,0.0,0.0,0.0,2.7835185185185187,0.6526851851851849,8.665555555555555,0.0,6.564907407407407,0.0,0.4,10,0,0,0,0,0,1,0,1,0,0,0,1,0,0,0,1,3.118420000000002,45.26800000000003,0,0,0,0,0,0,0,0,0,0,0,0,0,0,0,0,0,0,0,0,0,0,0,0,0,0,0,0,0,0,1,0,0,0,1,0,0,0,0,0,0,0,0,0,0,0,0,0,0,0,0,0,0,0,0,0,0,0,0,0,0,0,0,0,0,0,0,0,0,0,0,0,0,0,0,0,0,0,0,0,0,0,0,0,0
1-Methyl-4-isopropylbenzene,CC1=CC=C(C=C1)C(C)C,99-87-6,Biofuel,2.212962962962963,0.6533333333333331,2.212962962962963,0.6533333333333331,0.5532584920101852,134.22199999999998,120.10999999999997,134.109550448,54,0,-0.021882053067443556,-0.0590419921968874,0.0590419921968874,0.021882053067443556,1.0,1.5,1.9,14.004238595994881,10.024482534992158,1.94837422588232,-2.031653154210887,2.131527671788767,-1.8486722054148153,5.228177044700607,0.8658442096896685,2.893762783606678,193.78322454351996,7.560477932315068,6.886751345948129,6.886751345948129,4.698377302757663,3.764742878019983,3.764742878019983,3.065384140902211,3.065384140902211,1.7440169358562931,1.7440169358562931,0.9513530918323416,0.9513530918323416,-0.78,180.91251467537336,7.328459869848157,2.8694839561664094,1.598288065805947,62.89117157708339,0.0,0.0,0.0,0.0,0.0,0.0,0.0,0.0,0.0,0.0,43.67639416492469,18.405094737549014,0.0,0.0,0.0,0.0,0.0,0.0,0.0,26.689117645233264,0.0,35.392371257240434,0.0,0.0,0.0,0.0,0.0,0.0,0.0,0.0,6.923737199690624,30.892283428936633,24.26546827384644,0.0,0.0,0.0,0.0,0.0,0.0,0.0,0.0,5.917906046161393,0.0,11.126902983393991,0.0,0.0,45.03667987291831,0.0,0.0,0.0,0.0,0.0,2.7592592592592595,0.6533333333333331,8.712962962962964,0.0,6.541111111111111,0.0,0.4,10,0,0,0,0,0,1,0,1,0,0,0,1,0,0,0,1,3.118420000000002,45.26800000000003,0,0,0,0,0,0,0,0,0,0,0,0,0,0,0,0,0,0,0,0,0,0,0,0,0,0,0,0,0,0,1,0,0,0,1,0,0,0,0,0,0,0,0,0,0,0,0,0,0,0,0,0,0,0,0,0,0,0,0,0,0,0,0,0,0,0,0,0,0,0,0,0,0,0,0,0,0,0,0,0,0,0,0,0,0
"1,2,3,5-Tetramethylbenzene",CC1=CC(=C(C(=C1)C)C)C,527-53-7,Not biofuel,2.224537037037037,1.3616666666666668,2.224537037037037,1.3616666666666668,0.5114796780810564,134.22199999999998,120.10999999999997,134.109550448,54,0,-0.03924792693703579,-0.05610082988836117,0.05610082988836117,0.03924792693703579,0.8,1.2,1.6,14.01303457771747,10.016141825734815,1.9543310735891972,-2.0426039923402937,2.133951651898302,-1.8634615461828399,5.354886623075622,1.23425296576187,3.310532874722407,223.21037742768323,7.723614639131599,7.1547005383792515,7.1547005383792515,4.6090609052806215,3.6547005383792515,3.6547005383792515,3.0237174742355446,3.0237174742355446,2.0713672050459184,2.0713672050459184,1.252189953469069,1.252189953469069,-0.78,153.18156034003755,7.328459869848157,2.4517901863265905,1.2058371566563812,62.89117157708339,0.0,0.0,0.0,0.0,0.0,0.0,0.0,0.0,0.0,0.0,17.696185628620217,44.38530327385348,0.0,0.0,0.0,0.0,0.0,0.0,0.0,27.694948798762496,0.0,34.386540103711205,0.0,0.0,0.0,0.0,0.0,0.0,0.0,0.0,27.694948798762496,22.253805966787983,12.13273413692322,0.0,0.0,0.0,0.0,0.0,0.0,0.0,0.0,0.0,0.0,22.253805966787983,0.0,0.0,39.827682935685715,0.0,0.0,0.0,0.0,0.0,5.584444444444444,0.0,4.449074074074074,0.0,8.633148148148148,0.0,0.4,10,0,0,0,0,0,1,0,1,0,0,0,0,0,0,0,1,2.920280000000001,45.39000000000002,0,0,0,0,0,0,0,0,0,0,0,0,0,0,0,0,0,0,0,0,0,0,0,0,0,0,0,0,0,0,3,0,0,0,1,0,0,0,0,0,0,0,0,0,0,0,0,0,0,0,0,0,0,0,0,0,0,0,0,0,0,0,0,0,0,0,0,0,0,0,0,0,0,0,0,0,0,0,0,0,0,0,0,0,0
"1,2,4,5-Tetramethylbenzene",CC1=CC(=C(C=C1C)C)C,95-93-2,Biofuel,2.2407407407407405,1.3917592592592594,2.2407407407407405,1.3917592592592594,0.5114796780810564,134.22199999999998,120.10999999999997,134.109550448,54,0,-0.039501227941620365,-0.05585602036593831,0.05585602036593831,0.039501227941620365,0.6,0.8,1.0,14.00630578451554,10.022907220393305,1.9470628199691533,-2.036368516473245,2.128008952625861,-1.8558521807705683,5.347403194013588,1.2429532674231503,3.2824629074535223,196.2103774276832,7.723614639131599,7.1547005383792515,7.1547005383792515,4.6090609052806215,3.6547005383792515,3.6547005383792515,3.0207259421636907,3.0207259421636907,2.1100423396407315,2.1100423396407315,1.1048608540998088,1.1048608540998088,-0.78,156.49580138534554,7.328459869848157,2.4517901863265905,1.2058371566563812,62.89117157708339,0.0,0.0,0.0,0.0,0.0,0.0,0.0,0.0,0.0,0.0,12.13273413692322,49.948754765550476,0.0,0.0,0.0,0.0,0.0,0.0,0.0,27.694948798762496,0.0,34.386540103711205,0.0,0.0,0.0,0.0,0.0,0.0,0.0,0.0,27.694948798762496,22.253805966787983,12.13273413692322,0.0,0.0,0.0,0.0,0.0,0.0,0.0,0.0,0.0,0.0,22.253805966787983,0.0,0.0,39.827682935685715,0.0,0.0,0.0,0.0,0.0,5.5670370370370375,0.0,4.481481481481481,0.0,8.618148148148148,0.0,0.4,10,0,0,0,0,0,1,0,1,0,0,0,0,0,0,0,1,2.920280000000001,45.39000000000002,0,0,0,0,0,0,0,0,0,0,0,0,0,0,0,0,0,0,0,0,0,0,0,0,0,0,0,0,0,0,4,0,0,0,1,0,0,0,0,0,0,0,0,0,0,0,0,0,0,0,0,0,0,0,0,0,0,0,0,0,0,0,0,0,0,0,0,0,0,0,0,0,0,0,0,0,0,0,0,0,0,0,0,0,0
1-Ethenyl-2-Ethylbenzene,CCC1=CC=CC=C1C=C,7564-63-8,Not biofuel,3.739537037037037,1.0855092592592592,3.739537037037037,1.0855092592592592,0.5800727622927881,132.20599999999996,120.10999999999997,132.093900384,52,0,-0.023053031305487862,-0.09846000931017257,0.09846000931017257,0.023053031305487862,1.4,2.1,2.6,13.96669065603617,10.061857053828708,1.9126698243531655,-1.9924197949231524,2.089709074056578,-1.8256268787030348,5.509895306679214,1.1331570544411729,3.076562928309375,223.23484899951498,7.397341225498538,6.300964908321225,6.300964908321225,4.8805400575618805,3.584933866028124,3.584933866028124,2.256491257705744,2.256491257705744,1.6559088978112393,1.6559088978112393,1.055307231593116,1.055307231593116,-1.04,238.97589595141258,7.071607142857144,3.2100399595076996,1.2686181558443694,62.20156854489913,0.0,0.0,0.0,0.0,0.0,0.0,0.0,0.0,0.0,0.0,43.84416126396944,17.54772460632,0.0,0.0,0.0,6.076020106833881,0.0,0.0,0.0,13.344558822616634,0.0,41.97130694083893,0.0,0.0,0.0,0.0,0.0,0.0,0.0,6.4208216229260096,0.0,18.050640183084614,30.84440395744494,0.0,6.076020106833881,0.0,0.0,0.0,0.0,0.0,0.0,0.0,6.4208216229260096,11.126902983393991,0.0,12.142387175295491,31.70177408867395,0.0,0.0,0.0,0.0,0.0,2.627314814814815,0.0,8.324259259259259,2.9871296296296297,5.894629629629629,0.0,0.2,10,0,0,0,0,0,1,0,1,0,0,0,2,0,0,0,1,2.8920000000000012,45.91100000000003,0,0,0,0,0,0,0,0,0,0,0,0,0,0,0,0,0,0,0,0,0,0,0,0,0,0,0,0,0,0,1,0,0,0,1,0,0,0,0,0,0,0,0,0,0,0,0,0,0,0,0,0,0,0,0,0,0,0,0,0,0,0,0,0,0,0,0,0,0,0,0,0,0,0,0,0,0,0,0,0,0,0,0,0,0
1-Ethenyl-3-Ethylbenzene,CCC1=CC=CC(=C1)C=C,7525-62-4,Not biofuel,3.706334089191232,1.0988888888888888,3.706334089191232,1.0988888888888888,0.5800727622927881,132.20599999999996,120.10999999999997,132.093900384,52,0,-0.02598169818862425,-0.09846988470693037,0.09846988470693037,0.02598169818862425,1.5,2.3,2.9,13.928962191146427,10.099937919329419,1.871092220198682,-1.9580979644044463,2.0549130681181227,-1.7860718696251852,5.473079512443079,1.1385099819451867,2.9754097819804963,223.23484899951504,7.397341225498538,6.300964908321225,6.300964908321225,4.863703305156274,3.5789508018844165,3.5789508018844165,2.3027134833163503,2.3027134833163503,1.5949889779977915,1.5949889779977915,0.9400019404273261,0.9400019404273261,-1.04,235.2901527615482,7.071607142857144,3.2100399595076996,1.471945587562872,62.20156854489913,0.0,0.0,0.0,0.0,0.0,0.0,0.0,0.0,0.0,0.0,43.84416126396944,17.54772460632,0.0,0.0,0.0,6.076020106833881,0.0,0.0,0.0,13.344558822616634,0.0,41.97130694083893,0.0,0.0,0.0,0.0,0.0,0.0,0.0,6.4208216229260096,0.0,18.050640183084614,30.84440395744494,0.0,6.076020106833881,0.0,0.0,0.0,0.0,0.0,0.0,0.0,6.4208216229260096,11.126902983393991,0.0,6.076020106833881,37.76814115713556,0.0,0.0,0.0,0.0,0.0,2.5803240740740745,0.0,8.418657407407407,2.9730555555555553,5.861296296296296,0.0,0.2,10,0,0,0,0,0,1,0,1,0,0,0,2,0,0,0,1,2.8920000000000012,45.91100000000003,0,0,0,0,0,0,0,0,0,0,0,0,0,0,0,0,0,0,0,0,0,0,0,0,0,0,0,0,0,0,1,0,0,0,1,0,0,0,0,0,0,0,0,0,0,0,0,0,0,0,0,0,0,0,0,0,0,0,0,0,0,0,0,0,0,0,0,0,0,0,0,0,0,0,0,0,0,0,0,0,0,0,0,0,0
1-Ethenyl-4-Ethylbenzene,CCC1=CC=C(C=C1)C=C,3454/7/7,Biofuel,3.6864224300831445,1.1085544217687076,3.6864224300831445,1.1085544217687076,0.5800727622927881,132.20599999999996,120.10999999999997,132.093900384,52,0,-0.026235935123457448,-0.09847004747400068,0.09847004747400068,0.026235935123457448,1.3,1.9,2.3,13.918502849243366,10.11048009018111,1.85958497967368,-1.9485837087021296,2.045157419806699,-1.7755402290923563,5.465523614406223,1.1393708383926375,2.895351845489354,205.984848999515,7.397341225498538,6.300964908321225,6.300964908321225,4.863703305156274,3.578950801884416,3.578950801884416,2.299259159622402,2.299259159622402,1.6236697471111878,1.6236697471111878,0.8894223997871525,0.8894223997871525,-1.04,237.587417309747,7.071607142857144,3.2100399595076996,1.471945587562872,62.20156854489913,0.0,0.0,0.0,0.0,0.0,0.0,0.0,0.0,0.0,0.0,43.84416126396944,17.54772460632,0.0,0.0,0.0,6.076020106833881,0.0,0.0,0.0,13.344558822616634,0.0,41.97130694083893,0.0,0.0,0.0,0.0,0.0,0.0,0.0,6.4208216229260096,0.0,18.050640183084614,30.84440395744494,0.0,6.076020106833881,0.0,0.0,0.0,0.0,0.0,0.0,0.0,6.4208216229260096,11.126902983393991,0.0,6.076020106833881,37.76814115713556,0.0,0.0,0.0,0.0,0.0,2.5720370370370373,0.0,8.450092592592593,2.969109977324263,5.84209372637944,0.0,0.2,10,0,0,0,0,0,1,0,1,0,0,0,2,0,0,0,1,2.8920000000000012,45.91100000000003,0,0,0,0,0,0,0,0,0,0,0,0,0,0,0,0,0,0,0,0,0,0,0,0,0,0,0,0,0,0,1,0,0,0,1,0,0,0,0,0,0,0,0,0,0,0,0,0,0,0,0,0,0,0,0,0,0,0,0,0,0,0,0,0,0,0,0,0,0,0,0,0,0,0,0,0,0,0,0,0,0,0,0,0,0
1-Methyl-4-(Trans-1-n-Propenyl)Benzene,CC=CC1=CC=C(C=C1)C,2077-30-7,Not biofuel,2.1203703703703702,1.2713888888888891,2.1203703703703702,1.2713888888888891,0.5506313021706385,132.20599999999996,120.10999999999997,132.093900384,52,0,-0.025975094248870904,-0.08706594965239078,0.08706594965239078,0.025975094248870904,1.1,1.7,2.2,13.88784655919121,10.14102976118195,1.827637620697996,-1.9193664318420898,2.0350447730390653,-1.7145827233174078,5.484463182537521,1.461499599029413,2.89129509464075,216.2985556220406,7.397341225498538,6.464101615137755,6.464101615137755,4.825698502695489,3.520725942163691,3.520725942163691,2.4106836025229597,2.4106836025229597,1.4364670255861685,1.4364670255861685,0.8700141132135776,0.8700141132135776,-1.04,210.07561699601456,7.071607142857144,3.2100399595076996,1.7283806668829214,62.20156854489914,0.0,0.0,0.0,0.0,0.0,0.0,0.0,0.0,0.0,0.0,41.9809599792112,19.410925891078243,0.0,0.0,0.0,6.076020106833881,0.0,0.0,0.0,13.847474399381248,0.0,41.468391364074314,0.0,0.0,0.0,0.0,0.0,0.0,0.0,0.0,6.923737199690624,18.050640183084614,30.34148838068032,0.0,6.076020106833881,0.0,0.0,0.0,0.0,0.0,0.0,0.0,0.0,11.126902983393991,0.0,12.999757306524504,37.265225580370945,0.0,0.0,0.0,0.0,0.0,2.584586167800454,0.0,8.481481481481481,4.142962962962963,4.124302721088435,0.0,0.2,10,0,0,0,0,0,1,0,1,0,0,0,1,0,0,0,1,3.0281200000000013,45.88700000000003,0,0,0,0,0,0,0,0,0,0,0,0,0,0,0,0,0,0,0,0,0,0,0,0,0,0,1,0,0,0,1,0,0,0,1,0,0,0,0,0,0,0,0,0,0,0,0,0,0,0,0,0,0,0,0,0,0,0,0,0,0,0,0,0,0,0,0,0,0,0,0,0,0,0,0,0,0,0,0,0,0,0,0,0,0
1-Methyl-2-allylbenzene,CC1=CC=CC=C1CC=C,1587-04-8,Biofuel,3.6970748299319727,0.9788425925925925,3.6970748299319727,0.9788425925925925,0.542627430195996,132.206,120.10999999999997,132.093900384,52,0,-0.009750750258965843,-0.10274859826620888,0.10274859826620888,0.009750750258965843,1.4,2.1,2.7,13.960244642375566,10.068260244380772,1.9038437123875642,-1.9885210037306287,2.06517673799867,-1.8341299682294783,5.2642192046181595,1.2181314688398102,2.908645651991643,223.23484899951504,7.397341225498538,6.300964908321225,6.300964908321225,4.842535255101096,3.4974002407106264,3.4974002407106264,2.419283902338023,2.419283902338023,1.6255061030265505,1.6255061030265505,0.9946176623229723,0.9946176623229723,-1.04,213.81162450161497,7.071607142857144,3.2100399595076996,1.471945587562872,62.20156854489913,0.0,0.0,0.0,0.0,0.0,0.0,0.0,0.0,0.0,6.578935683598497,30.34148838068032,24.471461806010623,0.0,0.0,0.0,0.0,0.0,0.0,0.0,13.344558822616634,0.0,48.04732704767281,0.0,0.0,0.0,0.0,0.0,0.0,0.0,6.4208216229260096,6.923737199690624,11.126902983393991,36.92042406427882,0.0,0.0,0.0,0.0,0.0,0.0,0.0,0.0,0.0,6.4208216229260096,11.126902983393991,0.0,6.076020106833881,37.76814115713556,0.0,0.0,0.0,0.0,0.0,2.72212962962963,0.0,8.378573318216175,2.911712962962963,5.820917422524565,0.0,0.2,10,0,0,0,0,0,1,0,1,0,0,0,2,0,0,0,1,2.7235200000000006,45.08000000000003,0,0,0,0,0,0,0,0,0,0,0,0,0,0,0,0,0,0,0,0,0,0,0,0,0,0,1,0,0,0,1,0,0,0,1,0,0,0,0,0,0,0,0,0,0,0,0,0,0,0,0,0,0,0,0,0,0,0,0,0,0,0,0,0,0,0,0,0,0,0,0,0,0,0,0,0,0,0,0,0,0,0,0,0,0
1-Methyl-4-allylbenzene,CC1=CC=C(C=C1)CC=C,3333-13-9,Not biofuel,3.678391439909297,0.9725,3.678391439909297,0.9725,0.542627430195996,132.206,120.10999999999997,132.093900384,52,0,-0.010012988955764949,-0.10274876837003426,0.10274876837003426,0.010012988955764949,1.3,1.9,2.4,13.917466955456723,10.111433454210635,1.8580779898624724,-1.9483417944711208,2.027693600100902,-1.7868846169275128,5.2206866779673025,1.2624515176224949,2.7828495900077543,205.984848999515,7.397341225498538,6.300964908321225,6.300964908321225,4.825698502695489,3.4914171765669186,3.4914171765669186,2.478397839480234,2.478397839480234,1.5006422675481885,1.5006422675481885,0.8908284278600324,0.8908284278600324,-1.04,210.07561699601456,7.071607142857144,3.2100399595076996,1.7283806668829214,62.20156854489913,0.0,0.0,0.0,0.0,0.0,0.0,0.0,0.0,0.0,6.578935683598497,35.90493987237732,18.90801031431363,0.0,0.0,0.0,0.0,0.0,0.0,0.0,13.344558822616634,0.0,48.04732704767281,0.0,0.0,0.0,0.0,0.0,0.0,0.0,6.4208216229260096,6.923737199690624,11.126902983393991,36.92042406427882,0.0,0.0,0.0,0.0,0.0,0.0,0.0,0.0,0.0,6.4208216229260096,11.126902983393991,0.0,6.076020106833881,37.76814115713556,0.0,0.0,0.0,0.0,0.0,2.646678004535148,0.0,8.519537037037036,2.8937962962962964,5.773321995464853,0.0,0.2,10,0,0,0,0,0,1,0,1,0,0,0,2,0,0,0,1,2.7235200000000006,45.08000000000003,0,0,0,0,0,0,0,0,0,0,0,0,0,0,0,0,0,0,0,0,0,0,0,0,0,0,1,0,0,0,1,0,0,0,1,0,0,0,0,0,0,0,0,0,0,0,0,0,0,0,0,0,0,0,0,0,0,0,0,0,0,0,0,0,0,0,0,0,0,0,0,0,0,0,0,0,0,0,0,0,0,0,0,0,0
1-Phenyl-2-methylpropene,CC(=CC1=CC=CC=C1)C,768-49-0,Biofuel,2.1666666666666665,1.2800925925925928,2.1666666666666665,1.2800925925925928,0.5504221313316392,132.20599999999996,120.10999999999997,132.093900384,52,0,-0.0257326781691738,-0.07584285401946718,0.07584285401946718,0.0257326781691738,1.1,1.7,2.2,13.877363846321932,10.151744460668034,1.8157647970265762,-1.910201104610254,2.036277653374615,-1.691214100346585,5.507146407215084,1.4198621094466801,2.8695669674284954,215.05344312420405,7.397341225498538,6.464101615137755,6.464101615137755,4.787693700234703,3.4880338717125854,3.4880338717125854,2.6323714390099924,2.6323714390099924,1.254914292673328,1.254914292673328,0.8825972969971186,0.8825972969971186,-1.04,195.6254620163014,7.071607142857144,3.2100399595076996,2.0581671905802126,62.20156854489914,0.0,0.0,0.0,0.0,0.0,0.0,0.0,0.0,0.0,0.0,41.9809599792112,19.410925891078243,0.0,0.0,0.0,6.076020106833881,0.0,0.0,0.0,13.847474399381248,0.0,41.468391364074314,0.0,0.0,0.0,0.0,0.0,0.0,0.0,0.0,0.0,19.410925891078243,35.90493987237732,0.0,6.076020106833881,0.0,0.0,0.0,0.0,0.0,0.0,0.0,0.0,11.136556021766264,0.0,6.06636706846161,44.18896278006157,0.0,0.0,0.0,0.0,0.0,2.619166666666667,0.0,10.339166666666666,2.1666666666666665,4.208333333333333,0.0,0.2,10,0,0,0,0,0,1,0,1,0,0,0,1,0,0,0,1,3.1098000000000017,45.76700000000003,0,0,0,0,0,0,0,0,0,0,0,0,0,0,0,0,0,0,0,0,0,0,0,0,0,0,1,0,0,0,0,0,0,0,1,0,0,0,0,0,0,0,0,0,0,0,0,0,0,0,0,0,0,0,0,0,0,0,0,0,0,0,0,0,0,0,0,0,0,0,0,0,0,0,0,0,0,0,0,0,0,0,0,0,0
2-Phenyl-1-Butene,CCC(=C)C1=CC=CC=C1,2039-93-2,Not biofuel,3.943425925925926,1.031759259259259,3.943425925925926,1.031759259259259,0.5796493861764421,132.20599999999996,120.10999999999997,132.093900384,52,0,-0.02305488503012639,-0.09524480950134785,0.09524480950134785,0.02305488503012639,1.3,1.9,2.4,13.963265298983474,10.065110240081644,1.9084392390871858,-1.9899708634980602,2.1316573884593804,-1.7691316455615878,5.6205773971333635,1.2449204751200371,2.8526279288191434,208.73973650167846,7.397341225498538,6.300964908321225,6.300964908321225,4.842535255101096,3.5748971648960546,3.5748971648960546,2.323132184970987,2.323132184970987,1.60881405410914,1.60881405410914,0.8779792581801213,0.8779792581801213,-1.04,237.587417309747,7.071607142857144,3.2100399595076996,1.471945587562872,62.20156854489914,0.0,0.0,0.0,0.0,0.0,0.0,0.0,0.0,0.0,0.0,43.83450822559717,17.557377644692274,0.0,0.0,0.0,5.573104530069267,0.0,0.0,0.0,13.344558822616634,0.0,42.47422251760354,0.0,0.0,0.0,0.0,0.0,0.0,0.0,0.0,0.0,18.90801031431363,36.91077102590655,0.0,5.573104530069267,0.0,0.0,0.0,0.0,0.0,0.0,0.0,6.4208216229260096,11.136556021766264,0.0,18.19910120538483,25.63540702021234,0.0,0.0,0.0,0.0,0.0,2.463518518518519,0.0,10.27425925925926,1.031759259259259,6.063796296296296,0.0,0.2,10,0,0,0,0,0,1,0,1,0,0,0,2,0,0,0,1,3.1098000000000017,45.76700000000003,0,0,0,0,0,0,0,0,0,0,0,0,0,0,0,0,0,0,0,0,0,0,0,0,0,0,1,0,0,0,0,0,0,0,1,0,0,0,0,0,0,0,0,0,0,0,0,0,0,0,0,0,0,0,0,0,0,0,0,0,0,0,0,0,0,0,0,0,0,0,0,0,0,0,0,0,0,0,0,0,0,0,0,0,0
"1,2,3,4-Tetrahydronaphthalene",C1CCC2=CC=CC=C2C1,119-64-2,Not biofuel,2.258425925925926,1.3017592592592593,2.258425925925926,1.3017592592592593,0.5086297206140044,132.20599999999996,120.10999999999997,132.093900384,52,0,-0.027602666714009613,-0.06197440256795898,0.06197440256795898,0.027602666714009613,0.8,1.3,1.8,14.108498318975963,9.920457715284005,2.0543001063209307,-2.133853191351855,2.191966859421298,-2.0031930752971885,5.282254731517717,0.6854657156513605,2.414292094177304,200.23484899951498,6.811554787871634,6.137828201504693,6.137828201504693,4.9663264951887856,4.034457050376173,4.034457050376173,2.9758171096315813,2.9758171096315813,2.26061613165652,2.26061613165652,1.6761768643159767,1.6761768643159767,-0.78,348.57046183703704,5.964482443005351,2.4517901863265905,0.9420016699918123,61.88534042355416,0.0,0.0,0.0,0.0,0.0,0.0,0.0,0.0,0.0,0.0,24.26546827384644,36.81018947509803,0.0,0.0,0.0,0.0,0.0,0.0,0.0,25.683286491704038,0.0,35.392371257240434,0.0,0.0,0.0,0.0,0.0,0.0,0.0,12.841643245852019,0.0,23.96854622924601,24.26546827384644,0.0,0.0,0.0,0.0,0.0,0.0,0.0,0.0,0.0,0.0,25.683286491704038,11.126902983393991,0.0,24.26546827384644,0.0,0.0,0.0,0.0,0.0,3.155092592592593,0.0,8.802870370370371,5.37537037037037,0.0,0.0,0.4,10,0,0,1,0,1,1,0,1,0,0,0,0,0,0,0,2,2.5654000000000003,43.084000000000024,0,0,0,0,0,0,0,0,0,0,0,0,0,0,0,0,0,0,0,0,0,0,0,0,0,0,0,0,0,0,2,0,0,0,1,0,1,0,0,0,0,0,0,0,0,0,0,0,0,0,0,0,0,0,0,0,0,0,0,0,0,0,0,0,0,0,0,0,0,0,0,0,0,0,0,0,0,0,0,0,0,0,0,0,0
Naphthalene ,C1=CC=C2C=CC=CC2=C1,91-20-3,Biofuel,2.1203703703703702,1.3101851851851853,2.1203703703703702,1.3101851851851853,0.5114311994891171,128.17399999999995,120.10999999999997,128.062600256,48,0,-0.018404250672442266,-0.06162971144687501,0.06162971144687501,0.018404250672442266,0.5,0.8,1.1,13.897200748817012,10.132094340785901,1.8457978667862491,-1.919798598723747,2.1057162842241914,-1.6654553018517613,5.8148423611800535,1.7511038765669886,2.8880516016579914,271.01518240905483,6.811554787871634,5.618802153517007,5.618802153517007,4.9663264951887856,3.404700538379253,3.404700538379253,2.3471506281091274,2.3471506281091274,1.6586892478083903,1.6586892478083903,1.132905824745182,1.132905824745182,-1.2999999999999998,348.57046183703704,5.482229779997874,2.143052886105772,0.7805335436910606,60.11306765123217,0.0,0.0,0.0,0.0,0.0,0.0,0.0,0.0,0.0,0.0,48.53093654769288,10.772448428929591,0.0,0.0,0.0,10.772448428929591,0.0,0.0,0.0,0.0,0.0,48.53093654769288,0.0,0.0,0.0,0.0,0.0,0.0,0.0,0.0,0.0,0.0,48.53093654769288,0.0,10.772448428929591,0.0,0.0,0.0,0.0,0.0,0.0,0.0,0.0,10.772448428929591,0.0,0.0,48.53093654769288,0.0,0.0,0.0,0.0,2.6203703703703707,0.0,0.0,16.712962962962962,0.0,0.0,0.0,0.0,10,0,0,0,0,0,2,0,2,0,0,0,0,0,0,0,2,2.839800000000001,43.94800000000003,0,0,0,0,0,0,0,0,0,0,0,0,0,0,0,0,0,0,0,0,0,0,0,0,0,0,0,0,0,0,0,0,0,0,2,0,1,0,0,0,0,0,0,0,0,0,0,0,0,0,0,0,0,0,0,0,0,0,0,0,0,0,0,0,0,0,0,0,0,0,0,0,0,0,0,0,0,0,0,0,0,0,0,0,0
2-Phenylpentane,CCCC(C)C1=CC=CC=C1,2719-52-0,Not biofuel,2.290509259259259,0.7233333333333332,2.290509259259259,0.7233333333333332,0.6141533219985217,148.249,132.12099999999998,148.125200512,60,0,-0.019048742704689203,-0.06536102748558051,0.06536102748558051,0.019048742704689203,1.1818181818181819,1.8181818181818181,2.3636363636363638,14.059911588592238,9.968783769024059,2.007064307349384,-2.0843081511156423,2.1863422821072533,-1.9051980546423672,5.1783438035514875,0.6647926130629519,2.610675164103469,188.45310074746274,8.104448006685086,7.378315177510851,7.378315177510851,5.342535255101096,4.3920640779578095,4.3920640779578095,3.10040630740838,3.10040630740838,2.0902959216277304,2.0902959216277304,1.3812511405755634,1.3812511405755634,-0.78,380.17580046477946,8.31784735812133,4.171883231856767,2.376873799505857,69.25611369148,0.0,0.0,0.0,0.0,0.0,0.0,0.0,0.0,0.0,0.0,50.60013136461531,17.9021791607844,0.0,0.0,0.0,0.0,0.0,0.0,0.0,32.60702369139466,0.0,35.89528683400505,0.0,0.0,0.0,0.0,0.0,0.0,0.0,0.0,0.0,38.17047518309165,30.33183534230805,0.0,0.0,0.0,0.0,0.0,0.0,0.0,0.0,0.0,5.917906046161393,18.405094737549014,0.0,0.0,44.179309741689295,0.0,0.0,0.0,0.0,0.0,1.466990740740741,0.7233333333333332,10.714092970521543,2.569518140589569,4.526064814814815,0.0,0.45454545454545453,11,0,0,0,0,0,1,0,1,0,0,0,3,0,0,0,1,3.590200000000002,49.76500000000004,0,0,0,0,0,0,0,0,0,0,0,0,0,0,0,0,0,0,0,0,0,0,0,0,0,0,0,0,0,0,0,0,0,0,1,0,0,0,0,0,0,0,0,0,0,0,0,0,0,0,0,0,0,0,0,0,0,0,0,0,0,0,0,0,0,0,0,0,0,0,0,0,0,0,0,0,0,0,0,0,0,0,0,0,0
tert-Amylbenzene,CCC(C)(C)C1=CC=CC=C1,2049-95-8,Not biofuel,2.2800925925925926,0.33458333333333323,2.2800925925925926,0.33458333333333323,0.6028568272437527,148.24899999999997,132.12099999999998,148.125200512,60,0,-0.010616603612534012,-0.06455276870047072,0.06455276870047072,0.010616603612534012,1.0909090909090908,1.6363636363636365,2.090909090909091,14.204426859334761,9.82371146852347,2.1582265219341616,-2.2227562168321224,2.2507514334393117,-2.1419805036423964,5.2235036258373535,0.5061129829022858,2.9284445313943723,208.73973650167846,8.319990956308914,7.593858127134679,7.593858127134679,5.16583188730236,4.221343774302781,4.221343774302781,3.603462270860897,3.603462270860897,2.439146959253381,2.439146959253381,1.093461461315697,1.093461461315697,-0.78,321.7661601013862,8.31784735812133,3.080884117573751,1.8268530577554927,69.25611369148,0.0,0.0,0.0,0.0,0.0,0.0,0.0,0.0,0.0,0.0,51.10304694137992,17.399263584019785,0.0,0.0,0.0,0.0,0.0,0.0,0.0,32.60702369139466,0.0,35.89528683400505,0.0,0.0,0.0,0.0,0.0,0.0,0.0,5.41499046939678,0.0,32.75548471369488,30.33183534230805,0.0,0.0,0.0,0.0,0.0,0.0,0.0,0.0,5.41499046939678,0.0,11.984273114623004,0.0,0.0,51.10304694137992,0.0,0.0,0.0,0.0,0.0,1.7674537037037037,0.0,10.66837962962963,1.1914814814814814,6.789351851851852,0.0,0.45454545454545453,11,0,0,0,0,0,1,0,1,0,0,0,2,0,0,0,1,3.374200000000002,49.75900000000004,0,0,0,0,0,0,0,0,0,0,0,0,0,0,0,0,0,0,0,0,0,0,0,0,0,0,0,0,0,0,0,0,0,0,1,0,0,0,0,0,0,0,0,0,0,0,0,0,0,0,0,0,0,0,0,0,0,0,0,0,0,0,0,0,0,0,0,0,0,0,0,0,0,0,0,0,0,0,0,0,0,0,0,0,0
n-Decylbenzene,CCCCCCCCCCC1=CC=CC=C1,104-72-3,Not biofuel,2.2776386865199094,1.2597222222222222,2.2776386865199094,1.2597222222222222,0.48874847304017466,218.38400000000001,192.17599999999996,218.203450832,90,0,-0.027887227939307323,-0.06538238322279266,0.06538238322279266,0.027887227939307323,0.6875,1.25,1.875,13.990470121902504,10.042943323144165,1.9296738481557707,-2.017990838085387,2.104490796372826,-1.8534246911741272,5.138952186706733,0.5753307796614997,1.8867858752137914,237.4750399341736,11.476845205801295,10.75071237662706,10.75071237662706,7.931851652578137,6.971343774302779,6.971343774302779,4.710472293806403,4.710472293806403,3.1618298825622118,3.1618298825622118,2.1076848595574726,2.1076848595574726,-0.78,5191.514912958029,13.285703022339028,9.446279835979087,6.657444777633443,101.08082426346309,0.0,0.0,0.0,0.0,0.0,0.0,0.0,0.0,0.0,0.0,82.20132390248077,18.405094737549014,0.0,0.0,0.0,0.0,0.0,0.0,0.0,64.71113180602472,0.0,35.89528683400505,0.0,0.0,0.0,0.0,0.0,0.0,0.0,6.4208216229260096,0.0,63.853761674795706,30.33183534230805,0.0,0.0,0.0,0.0,0.0,0.0,0.0,0.0,0.0,0.0,63.3508460980311,0.0,0.0,37.255572541998674,0.0,0.0,0.0,0.0,0.0,1.493965726850377,0.0,10.847113138896876,12.547949114399506,2.2776386865199094,0.0,0.625,16,0,0,0,0,0,1,0,1,0,0,0,9,0,0,0,1,5.369800000000005,72.75600000000006,0,0,0,0,0,0,0,0,0,0,0,0,0,0,0,0,0,0,0,0,0,0,0,0,0,0,0,0,0,0,1,0,0,0,1,0,0,0,0,0,0,0,0,0,0,0,0,0,0,0,0,0,0,0,0,0,0,0,0,0,0,0,0,0,0,0,0,0,0,0,0,0,0,0,0,0,0,0,0,0,0,0,0,6,0
Methanol,CO,67-56-1,Biofuel,7.0,1.0,7.0,1.0,0.38528440447384316,32.042,28.009999999999998,32.026214748,14,0,0.031940683717728124,-0.3996302435573072,0.3996302435573072,0.031940683717728124,1.5,1.5,1.5,16.235703028195374,11.774296971804631,0.8391720167738221,-1.2068615766134012,0.7545197820005356,-1.2473197820005355,3.1778074852252667,0.39899251477473313,1.0,2.0,2.0,1.4472135954999579,1.4472135954999579,1.0,0.4472135954999579,0.4472135954999579,0.0,0.0,0.0,0.0,0.0,0.0,-0.04,2.0,1.96,0.9600000000000016,-27.040000000000028,13.533484780025564,5.106527394840706,0.0,0.0,0.0,0.0,0.0,0.0,0.0,0.0,0.0,0.0,0.0,7.109797541277533,0.0,5.106527394840706,0.0,0.0,0.0,0.0,0.0,7.109797541277533,0.0,0.0,0.0,0.0,0.0,0.0,0.0,12.216324936118239,0.0,0.0,0.0,0.0,0.0,0.0,0.0,20.23,0.0,0.0,0.0,0.0,0.0,7.109797541277533,0.0,0.0,0.0,0.0,5.106527394840706,0.0,0.0,0.0,7.0,0.0,0.0,0.0,0.0,0.0,1.0,1.0,2,1,1,0,0,0,0,0,0,1,1,1,0,0,0,0,0,-0.3915,8.1428,0,1,1,0,0,0,0,0,0,0,0,0,0,0,0,0,0,0,0,0,0,0,0,0,0,0,0,0,0,0,0,0,0,0,0,0,0,0,0,0,0,0,0,0,0,0,0,0,0,0,0,0,0,0,0,0,0,0,0,0,0,0,0,0,0,0,0,0,0,0,0,0,0,0,0,0,0,0,0,0,0,0,0,0,0
Ethanol,CCO,64-17-5,Biofuel,7.569444444444445,0.25,7.569444444444445,0.25,0.40680796565539457,46.069,40.021,46.041864812,20,0,0.04022058174908642,-0.3966637147812598,0.3966637147812598,0.04022058174908642,2.0,2.0,2.0,16.248991329327914,10.908168035086371,1.3402935186707783,-1.52235869276019,1.2962426382141046,-1.5683635470355741,3.835802335589486,0.3184056131739115,1.6329931618554523,2.7548875021634682,2.7071067811865475,2.1543203766865053,2.1543203766865053,1.4142135623730951,1.0233345472033855,1.0233345472033855,0.3162277660168379,0.3162277660168379,0.0,0.0,0.0,0.0,-0.04,2.7548875021634682,2.9600000000000004,1.96,1.9600000000000033,19.89842689442217,5.106527394840706,0.0,0.0,0.0,0.0,0.0,0.0,0.0,0.0,0.0,0.0,6.923737199690624,6.606881964512918,0.0,5.106527394840706,0.0,0.0,0.0,0.0,6.923737199690624,6.606881964512918,0.0,0.0,0.0,0.0,0.0,0.0,0.0,11.713409359353623,0.0,0.0,6.923737199690624,0.0,0.0,0.0,0.0,20.23,0.0,0.0,0.0,6.606881964512918,0.0,0.0,0.0,6.923737199690624,0.0,0.0,5.106527394840706,0.0,0.0,0.0,7.569444444444445,0.0,0.0,0.0,0.0,1.9305555555555556,0.0,1.0,3,1,1,0,0,0,0,0,0,1,1,1,0,0,0,0,0,-0.0014000000000000123,12.759800000000002,0,1,1,0,0,0,0,0,0,0,0,0,0,0,0,0,0,0,0,0,0,0,0,0,0,0,0,0,0,0,0,0,0,0,0,0,0,0,0,0,0,0,0,0,0,0,0,0,0,0,0,0,0,0,0,0,0,0,0,0,0,0,0,0,0,0,0,0,0,0,0,0,0,0,0,0,0,0,0,0,0,0,0,0,0
1-Propanol,CCCO,71-23-8,Biofuel,7.875,0.3194444444444444,7.875,0.3194444444444444,0.46378398302396845,60.096,52.032000000000004,60.057514876,26,0,0.04278927992053378,-0.39638735063233616,0.39638735063233616,0.04278927992053378,1.75,2.0,2.0,16.24985029953303,10.547573166539827,1.5677116084812683,-1.6891847809432488,1.6080928326075683,-1.6908528015472257,4.09636113465441,0.29476856785792466,1.9747448713915894,5.245112497836532,3.414213562373095,2.861427157873053,2.861427157873053,1.914213562373095,1.5233345472033855,1.5233345472033855,0.7236067977499788,0.7236067977499788,0.2236067977499789,0.2236067977499789,0.0,0.0,-0.04,6.854752972273345,3.9600000000000004,2.9600000000000004,1.96,26.26336900881878,5.106527394840706,0.0,0.0,0.0,0.0,0.0,0.0,0.0,0.0,0.0,6.923737199690624,6.4208216229260096,6.606881964512918,0.0,5.106527394840706,0.0,0.0,0.0,0.0,13.344558822616634,6.606881964512918,0.0,0.0,0.0,0.0,0.0,0.0,0.0,11.713409359353623,0.0,0.0,13.344558822616634,0.0,0.0,0.0,0.0,20.23,0.0,0.0,0.0,0.0,6.606881964512918,6.4208216229260096,0.0,0.0,6.923737199690624,0.0,5.106527394840706,0.0,0.0,0.0,7.875,0.0,0.0,0.0,0.875,2.25,0.0,1.0,4,1,1,0,0,0,0,0,0,1,1,1,1,0,0,0,0,0.3887,17.376800000000003,0,1,1,0,0,0,0,0,0,0,0,0,0,0,0,0,0,0,0,0,0,0,0,0,0,0,0,0,0,0,0,0,0,0,0,0,0,0,0,0,0,0,0,0,0,0,0,0,0,0,0,0,0,0,0,0,0,0,0,0,0,0,0,0,0,0,0,0,0,0,0,0,0,0,0,0,0,0,0,0,0,0,0,0,0
2-Propanol,CC(C)O,67-63-0,Biofuel,8.055555555555555,-0.16666666666666674,8.055555555555555,0.16666666666666674,0.42840479403162834,60.096000000000004,52.032000000000004,60.057514876,26,0,0.04834761180869219,-0.3937069016405105,0.3937069016405105,0.04834761180869219,1.5,1.5,1.5,16.26364309024246,10.503601865317728,1.6882269952162394,-1.7983014802258805,1.64578110289585,-1.848436775374454,4.204004313602449,0.21562482738807573,2.3237900077244498,8.0,3.5773502691896257,3.0245638646895836,3.0245638646895836,1.7320508075688772,1.412899428126413,1.412899428126413,1.0937480486839481,1.0937480486839481,0.0,0.0,0.0,0.0,-0.04,3.2451124978365313,3.9600000000000004,1.297837837837838,1128.9599999999998,26.263369008818774,5.106527394840706,0.0,0.0,0.0,0.0,0.0,0.0,0.0,0.0,0.0,0.0,13.847474399381248,6.103966387748303,0.0,5.106527394840706,0.0,0.0,0.0,0.0,19.95144078712955,0.0,0.0,0.0,0.0,0.0,0.0,0.0,0.0,11.210493782589008,0.0,0.0,13.847474399381248,0.0,0.0,0.0,0.0,20.23,0.0,0.0,0.0,6.103966387748303,0.0,0.0,0.0,13.847474399381248,0.0,0.0,5.106527394840706,0.0,0.0,0.0,8.055555555555555,0.0,0.0,0.0,-0.16666666666666674,3.4444444444444446,0.0,1.0,4,1,1,0,0,0,0,0,0,1,1,1,0,0,0,0,0,0.38710000000000006,17.354800000000004,0,1,1,0,0,0,0,0,0,0,0,0,0,0,0,0,0,0,0,0,0,0,0,0,0,0,0,0,0,0,0,0,0,0,0,0,0,0,0,0,0,0,0,0,0,0,0,0,0,0,0,0,0,0,0,0,0,0,0,0,0,0,0,0,0,0,0,0,0,0,0,0,0,0,0,0,0,0,0,0,0,0,0,0,0
2-Methyl-1-propanol,CC(C)CO,78-83-1,Biofuel,8.143518518518519,0.3055555555555556,8.143518518518519,0.3055555555555556,0.4834802442445536,74.12299999999999,64.04299999999999,74.07316494,32,0,0.045348803787554154,-0.39610984383746906,0.39610984383746906,0.045348803787554154,1.6,1.8,1.8,16.250822345185263,10.248648690795427,1.81069746698569,-1.895920975847972,1.8300960747109434,-1.9021634047053195,4.318960271531586,0.2479626892715294,2.5395388613593903,17.609640474436812,4.284457050376173,3.731670645876131,3.731670645876131,2.270055610029662,1.8791765948599526,1.8791765948599526,1.5764210359524071,1.5764210359524071,0.3651483716701107,0.3651483716701107,0.0,0.0,-0.04,9.65148445440323,4.960000000000001,2.212525252525253,3.9600000000000004,32.62831112321538,5.106527394840706,0.0,0.0,0.0,0.0,0.0,0.0,0.0,0.0,0.0,13.847474399381248,5.917906046161393,6.606881964512918,0.0,5.106527394840706,0.0,0.0,0.0,5.917906046161393,13.847474399381248,6.606881964512918,0.0,0.0,0.0,0.0,0.0,0.0,0.0,11.713409359353623,0.0,5.917906046161393,13.847474399381248,0.0,0.0,0.0,0.0,20.23,0.0,0.0,0.0,0.0,12.52478801067431,0.0,0.0,0.0,13.847474399381248,0.0,5.106527394840706,0.0,0.0,0.0,8.143518518518519,0.0,0.43981481481481466,0.0,0.0,4.25,0.0,1.0,5,1,1,0,0,0,0,0,0,1,1,1,1,0,0,0,0,0.6347,21.923799999999996,0,1,1,0,0,0,0,0,0,0,0,0,0,0,0,0,0,0,0,0,0,0,0,0,0,0,0,0,0,0,0,0,0,0,0,0,0,0,0,0,0,0,0,0,0,0,0,0,0,0,0,0,0,0,0,0,0,0,0,0,0,0,0,0,0,0,0,0,0,0,0,0,0,0,0,0,0,0,0,0,0,0,0,0,0
2-Methyl-2-propanol,CC(C)(C)O,75-65-0,Biofuel,8.520833333333332,-0.5,8.520833333333332,0.5,0.4498276567484776,74.12299999999999,64.04299999999999,74.07316494,32,0,0.05632585341065862,-0.3907600879079809,0.3907600879079809,0.05632585341065862,1.2,1.2,1.2,16.27984148257892,10.191955772566992,1.974011306289054,-2.041982881014427,1.9294032058885513,-2.0955514074936135,4.504159461784884,0.10158908055418193,3.0237157840738176,19.11941547876375,4.5,3.947213595499958,3.947213595499958,2.0,1.723606797749979,1.723606797749979,2.170820393249937,2.170820393249937,0.0,0.0,0.0,0.0,-0.04,3.6096404744368114,4.960000000000001,0.9767560019818928,9507.96,32.62831112321538,5.106527394840706,0.0,0.0,0.0,0.0,0.0,0.0,0.0,0.0,0.0,0.0,20.771211599071872,0.0,5.601050810983688,5.106527394840706,0.0,0.0,0.0,0.0,26.37226241005556,0.0,0.0,0.0,0.0,0.0,0.0,0.0,0.0,10.707578205824394,0.0,0.0,20.771211599071872,0.0,0.0,0.0,0.0,20.23,5.601050810983688,0.0,0.0,0.0,0.0,0.0,0.0,20.771211599071872,0.0,0.0,5.106527394840706,0.0,0.0,0.0,8.520833333333332,-0.5,0.0,0.0,0.0,5.229166666666667,0.0,1.0,5,1,1,0,0,0,0,0,0,1,1,1,0,0,0,0,0,0.7771999999999999,21.971799999999995,0,1,0,0,0,0,0,0,0,0,0,0,0,0,0,0,0,0,0,0,0,0,0,0,0,0,0,0,0,0,0,0,0,0,0,0,0,0,0,0,0,0,0,0,0,0,0,0,0,0,0,0,0,0,0,0,0,0,0,0,0,0,0,0,0,0,0,0,0,0,0,0,0,0,0,0,0,0,0,0,0,0,0,0,0
1-Butanol,CCCCO,71-36-3,Biofuel,8.06625,0.34375,8.06625,0.34375,0.5128217987135145,74.12299999999999,64.04299999999999,74.07316494,32,0,0.043042283485206966,-0.39637675206921097,0.39637675206921097,0.043042283485206966,1.6,2.2,2.2,16.249913992725098,10.366423430594462,1.687587037465619,-1.7897007308893,1.7840580049254637,-1.7487729920784478,4.227732581407003,0.28678383848176386,2.19060968716425,11.119415478763749,4.121320343559642,3.5685339390596003,3.5685339390596003,2.414213562373095,2.0233345472033855,2.0233345472033855,1.0771601883432524,1.0771601883432524,0.5116672736016926,0.5116672736016926,0.15811388300841892,0.15811388300841892,-0.04,11.245112497836532,4.960000000000001,3.9600000000000004,3.9600000000000004,32.62831112321538,5.106527394840706,0.0,0.0,0.0,0.0,0.0,0.0,0.0,0.0,0.0,13.344558822616634,6.4208216229260096,6.606881964512918,0.0,5.106527394840706,0.0,0.0,0.0,0.0,19.765380445542643,6.606881964512918,0.0,0.0,0.0,0.0,0.0,0.0,0.0,11.713409359353623,0.0,0.0,19.765380445542643,0.0,0.0,0.0,0.0,20.23,0.0,0.0,0.0,0.0,6.606881964512918,12.841643245852019,0.0,0.0,0.0,6.923737199690624,5.106527394840706,0.0,0.0,0.0,8.06625,0.0,0.0,0.0,2.0381944444444446,2.3955555555555557,0.0,1.0,5,1,1,0,0,0,0,0,0,1,1,1,2,0,0,0,0,0.7787999999999999,21.993799999999997,0,1,1,0,0,0,0,0,0,0,0,0,0,0,0,0,0,0,0,0,0,0,0,0,0,0,0,0,0,0,0,0,0,0,0,0,0,0,0,0,0,0,0,0,0,0,0,0,0,0,0,0,0,0,0,0,0,0,0,0,0,0,0,0,0,0,0,0,0,0,0,0,0,0,0,0,0,0,0,0,0,0,0,0,0
2-Butanol,CCC(C)O,78-92-2,Biofuel,8.36111111111111,-0.11574074074074092,8.36111111111111,0.11574074074074092,0.4869274292842043,74.12299999999999,64.04299999999999,74.07316494,32,0,0.05090390435353903,-0.39343008722162376,0.39343008722162376,0.05090390435353903,1.8,2.0,2.0,16.26458483482449,10.326388173243137,1.8121320881201477,-1.900915745072431,1.8117510147633689,-1.926645189206828,4.338386966555718,0.19054420525614957,2.5395388613593908,17.609640474436812,4.284457050376173,3.731670645876131,3.731670645876131,2.270055610029662,1.9509042305871975,1.9509042305871975,1.2572696565099426,1.2572696565099426,0.5908224762989184,0.5908224762989184,0.0,0.0,-0.04,9.65148445440323,4.960000000000001,2.212525252525253,3.9600000000000004,32.62831112321538,5.106527394840706,0.0,0.0,0.0,0.0,0.0,0.0,0.0,0.0,0.0,6.923737199690624,13.344558822616634,0.0,6.103966387748303,5.106527394840706,0.0,0.0,0.0,0.0,26.37226241005556,0.0,0.0,0.0,0.0,0.0,0.0,0.0,0.0,11.210493782589008,0.0,0.0,20.268296022307258,0.0,0.0,0.0,0.0,20.23,0.0,0.0,0.0,6.103966387748303,0.0,6.4208216229260096,0.0,6.923737199690624,6.923737199690624,0.0,5.106527394840706,0.0,0.0,0.0,8.36111111111111,0.0,0.0,0.0,0.7453703703703702,3.726851851851852,0.0,1.0,5,1,1,0,0,0,0,0,0,1,1,1,1,0,0,0,0,0.7771999999999999,21.971799999999995,0,1,1,0,0,0,0,0,0,0,0,0,0,0,0,0,0,0,0,0,0,0,0,0,0,0,0,0,0,0,0,0,0,0,0,0,0,0,0,0,0,0,0,0,0,0,0,0,0,0,0,0,0,0,0,0,0,0,0,0,0,0,0,0,0,0,0,0,0,0,0,0,0,0,0,0,0,0,0,0,0,0,0,0,0
"2,2-Dimethyl-1-propanol",CC(C)(C)CO,75-84-3,Not biofuel,8.402777777777779,0.09722222222222232,8.402777777777779,0.09722222222222232,0.4685173382418855,88.14999999999999,76.05399999999999,88.088815004,38,0,0.04789883650898876,-0.3958312170553949,0.3958312170553949,0.04789883650898876,1.3333333333333333,1.5,1.5,16.251931126302694,9.990177424325848,2.045413935612687,-2.1096377077895188,2.0852845253316588,-2.090477918177234,4.553198577717571,0.1765848929076774,3.1684898726705697,33.69332843436965,5.207106781186548,4.654320376686506,4.654320376686506,2.5606601717798214,2.1697811566101115,2.1697811566101115,2.7187740547882404,2.7187740547882404,0.47434164902525683,0.47434164902525683,0.0,0.0,-0.04,12.16479703638053,5.959999999999999,1.6056599286563615,3.9600000000000004,38.99325323761199,5.106527394840706,0.0,0.0,0.0,0.0,0.0,0.0,0.0,0.0,0.0,20.771211599071872,5.41499046939678,6.606881964512918,0.0,5.106527394840706,0.0,0.0,0.0,5.41499046939678,20.771211599071872,6.606881964512918,0.0,0.0,0.0,0.0,0.0,0.0,0.0,11.713409359353623,0.0,5.41499046939678,20.771211599071872,0.0,0.0,0.0,0.0,20.23,0.0,0.0,0.0,12.021872433909698,0.0,0.0,0.0,0.0,20.771211599071872,0.0,5.106527394840706,0.0,0.0,0.0,8.402777777777779,0.09722222222222232,0.0,0.0,0.0,6.25,0.0,1.0,6,1,1,0,0,0,0,0,0,1,1,1,0,0,0,0,0,1.0248,26.54079999999999,0,1,1,0,0,0,0,0,0,0,0,0,0,0,0,0,0,0,0,0,0,0,0,0,0,0,0,0,0,0,0,0,0,0,0,0,0,0,0,0,0,0,0,0,0,0,0,0,0,0,0,0,0,0,0,0,0,0,0,0,0,0,0,0,0,0,0,0,0,0,0,0,0,0,0,0,0,0,0,0,0,0,0,0,0
2-Methyl-1-butanol,CCC(C)CO,137-32-6,Biofuel,8.33476851851852,0.32986111111111116,8.33476851851852,0.32986111111111116,0.5340885234757722,88.14999999999999,76.05399999999999,88.088815004,38,0,0.04560232938954998,-0.39609919499473895,0.39609919499473895,0.04560232938954998,1.6666666666666667,2.1666666666666665,2.1666666666666665,16.250894133525957,10.141028380249486,1.8969546877700822,-1.9754334773400004,1.9476811565180023,-1.9564200952410196,4.410641437131018,0.23408347889167966,2.7541847860376616,23.11941547876375,4.99156383156272,4.4387774270626785,4.4387774270626785,2.808060412490447,2.4171813973207374,2.4171813973207374,1.6959941918214572,1.6959941918214572,1.0085970557673118,1.0085970557673118,0.12909944487358055,0.12909944487358055,-0.04,19.800269059780252,5.959999999999999,3.1616129032258065,2.212525252525253,38.99325323761199,5.106527394840706,0.0,0.0,0.0,0.0,0.0,0.0,0.0,0.0,0.0,20.268296022307258,5.917906046161393,6.606881964512918,0.0,5.106527394840706,0.0,0.0,0.0,5.917906046161393,20.268296022307258,6.606881964512918,0.0,0.0,0.0,0.0,0.0,0.0,0.0,11.713409359353623,0.0,5.917906046161393,20.268296022307258,0.0,0.0,0.0,0.0,20.23,0.0,0.0,0.0,0.0,12.52478801067431,6.4208216229260096,0.0,0.0,6.923737199690624,6.923737199690624,5.106527394840706,0.0,0.0,0.0,8.33476851851852,0.0,0.4907407407407405,0.0,1.0798611111111112,4.4279629629629635,0.0,1.0,6,1,1,0,0,0,0,0,0,1,1,1,2,0,0,0,0,1.0248,26.54079999999999,0,1,1,0,0,0,0,0,0,0,0,0,0,0,0,0,0,0,0,0,0,0,0,0,0,0,0,0,0,0,0,0,0,0,0,0,0,0,0,0,0,0,0,0,0,0,0,0,0,0,0,0,0,0,0,0,0,0,0,0,0,0,0,0,0,0,0,0,0,0,0,0,0,0,0,0,0,0,0,0,0,0,0,0,0
3-Methyl-1-butanol,CC(C)CCO,123-51-3,Biofuel,8.236666666666666,0.3310185185185186,8.236666666666666,0.3310185185185186,0.5340885234757722,88.14999999999999,76.05399999999999,88.088815004,38,0,0.04329631139781931,-0.3963660786745106,0.3963660786745106,0.04329631139781931,1.5,2.0,2.0,16.249986255992376,10.150333339038989,1.8615329791001507,-1.9493033987694035,1.943364357071091,-1.8916422079273936,4.382367207740192,0.2676502026721925,2.6272148478988635,25.11941547876375,4.99156383156272,4.4387774270626785,4.4387774270626785,2.770055610029662,2.3791765948599526,2.3791765948599526,1.9061287824621436,1.9061287824621436,0.7064497140632062,0.7064497140632062,0.2581988897471611,0.2581988897471611,-0.04,14.834466856136647,5.959999999999999,3.1616129032258065,3.9600000000000004,38.99325323761199,5.106527394840706,0.0,0.0,0.0,0.0,0.0,0.0,0.0,0.0,0.0,13.847474399381248,12.338727669087403,6.606881964512918,0.0,5.106527394840706,0.0,0.0,0.0,5.917906046161393,20.268296022307258,6.606881964512918,0.0,0.0,0.0,0.0,0.0,0.0,0.0,11.713409359353623,0.0,5.917906046161393,20.268296022307258,0.0,0.0,0.0,0.0,20.23,0.0,0.0,0.0,0.0,12.52478801067431,6.4208216229260096,0.0,0.0,0.0,13.847474399381248,5.106527394840706,0.0,0.0,0.0,8.236666666666666,0.0,0.6481481481481479,0.0,0.9305555555555556,4.517962962962963,0.0,1.0,6,1,1,0,0,0,0,0,0,1,1,1,2,0,0,0,0,1.0248,26.54079999999999,0,1,1,0,0,0,0,0,0,0,0,0,0,0,0,0,0,0,0,0,0,0,0,0,0,0,0,0,0,0,0,0,0,0,0,0,0,0,0,0,0,0,0,0,0,0,0,0,0,0,0,0,0,0,0,0,0,0,0,0,0,0,0,0,0,0,0,0,0,0,0,0,0,0,0,0,0,0,0,0,0,0,0,0,0
2-Methyl-2-butanol,CCC(C)(C)O,75-85-4,Biofuel,8.82638888888889,-0.45833333333333326,8.82638888888889,0.45833333333333326,0.5097634659284825,88.14999999999998,76.05399999999999,88.088815004,38,0,0.05886986149053354,-0.3904828518322725,0.3904828518322725,0.05886986149053354,1.5,1.6666666666666667,1.6666666666666667,16.280875925424958,10.089568530700586,2.0523477770427223,-2.110586250862595,2.0299440446666175,-2.149925586387973,4.585334900404654,0.07646981732380431,3.168489872670569,33.69332843436965,5.207106781186548,4.654320376686506,4.654320376686506,2.5606601717798214,2.2842669695298,2.2842669695298,2.1659876502881983,2.1659876502881983,0.8652206641949665,0.8652206641949665,0.0,0.0,-0.04,12.16479703638053,5.959999999999999,1.6056599286563615,3.9600000000000004,38.99325323761199,5.106527394840706,0.0,0.0,0.0,0.0,0.0,0.0,0.0,0.0,0.0,6.923737199690624,20.268296022307258,0.0,5.601050810983688,5.106527394840706,0.0,0.0,0.0,0.0,32.79308403298157,0.0,0.0,0.0,0.0,0.0,0.0,0.0,0.0,10.707578205824394,0.0,0.0,27.19203322199788,0.0,0.0,0.0,0.0,20.23,5.601050810983688,0.0,0.0,0.0,0.0,6.4208216229260096,0.0,13.847474399381248,6.923737199690624,0.0,5.106527394840706,0.0,0.0,0.0,8.82638888888889,-0.45833333333333326,0.0,0.0,0.8263888888888888,5.555555555555555,0.0,1.0,6,1,1,0,0,0,0,0,0,1,1,1,1,0,0,0,0,1.1673,26.58879999999999,0,1,0,0,0,0,0,0,0,0,0,0,0,0,0,0,0,0,0,0,0,0,0,0,0,0,0,0,0,0,0,0,0,0,0,0,0,0,0,0,0,0,0,0,0,0,0,0,0,0,0,0,0,0,0,0,0,0,0,0,0,0,0,0,0,0,0,0,0,0,0,0,0,0,0,0,0,0,0,0,0,0,0,0,0
3-Methyl-2-butanol,CC(C)C(C)O,598-75-4,Biofuel,8.62962962962963,-0.14814814814814836,8.62962962962963,0.14814814814814836,0.5071274449100523,88.14999999999999,76.05399999999999,88.088815004,38,0,0.0534509591006451,-0.39315213323115145,0.39315213323115145,0.0534509591006451,1.1666666666666667,1.3333333333333333,1.3333333333333333,16.265649671253353,10.118740041766562,1.9716703109154545,-2.0406175499412718,1.9609786288272544,-2.07114819565909,4.480698418241756,0.14429792201860733,2.9934972434784735,24.919684538543997,5.1547005383792515,4.60191413387921,4.60191413387921,2.6427344100918364,2.323583030649372,2.323583030649372,1.9846203574367733,1.9846203574367733,0.9648090636666389,0.9648090636666389,0.0,0.0,-0.04,13.609640474436812,5.959999999999999,2.189674338993739,2.212525252525253,38.99325323761199,5.106527394840706,0.0,0.0,0.0,0.0,0.0,0.0,0.0,0.0,0.0,13.847474399381248,12.841643245852017,0.0,6.103966387748303,5.106527394840706,0.0,0.0,0.0,5.917906046161393,26.875177986820173,0.0,0.0,0.0,0.0,0.0,0.0,0.0,0.0,11.210493782589008,0.0,5.917906046161393,20.771211599071872,0.0,0.0,0.0,0.0,20.23,0.0,0.0,0.0,6.103966387748303,5.917906046161393,0.0,0.0,6.923737199690624,13.847474399381248,0.0,5.106527394840706,0.0,0.0,0.0,8.62962962962963,0.0,0.4074074074074072,0.0,-0.14814814814814836,5.777777777777778,0.0,1.0,6,1,1,0,0,0,0,0,0,1,1,1,1,0,0,0,0,1.0231999999999999,26.518799999999988,0,1,1,0,0,0,0,0,0,0,0,0,0,0,0,0,0,0,0,0,0,0,0,0,0,0,0,0,0,0,0,0,0,0,0,0,0,0,0,0,0,0,0,0,0,0,0,0,0,0,0,0,0,0,0,0,0,0,0,0,0,0,0,0,0,0,0,0,0,0,0,0,0,0,0,0,0,0,0,0,0,0,0,0,0
1-Pentanol,CCCCCO,71-41-0,Biofuel,8.19736111111111,0.355,8.19736111111111,0.355,0.513281356352027,88.14999999999999,76.05399999999999,88.088815004,38,0,0.04305223345357219,-0.3963765707960063,0.3963765707960063,0.04305223345357219,1.3333333333333333,2.0,2.1666666666666665,16.249920993384958,10.263374251449198,1.7585175569461067,-1.854824490829793,1.8886357691457698,-1.7805579678492776,4.304159999369914,0.2838073227136418,2.3390923149762908,15.900134529890124,4.82842712474619,4.275640720246148,4.275640720246148,2.914213562373095,2.5233345472033855,2.5233345472033855,1.4307135789365262,1.4307135789365262,0.7616672736016925,0.7616672736016925,0.36180339887498936,0.36180339887498936,-0.04,20.986300857070454,5.959999999999999,4.960000000000001,3.9600000000000004,38.99325323761199,5.106527394840706,0.0,0.0,0.0,0.0,0.0,0.0,0.0,0.0,0.0,19.765380445542643,6.4208216229260096,6.606881964512918,0.0,5.106527394840706,0.0,0.0,0.0,0.0,26.186202068468653,6.606881964512918,0.0,0.0,0.0,0.0,0.0,0.0,0.0,11.713409359353623,0.0,0.0,26.186202068468653,0.0,0.0,0.0,0.0,20.23,0.0,0.0,0.0,0.0,6.606881964512918,12.841643245852019,6.4208216229260096,0.0,0.0,6.923737199690624,5.106527394840706,0.0,0.0,0.0,8.19736111111111,0.0,0.0,0.0,3.3269444444444445,2.475694444444444,0.0,1.0,6,1,1,0,0,0,0,0,0,1,1,1,3,0,0,0,0,1.1689,26.61079999999999,0,1,1,0,0,0,0,0,0,0,0,0,0,0,0,0,0,0,0,0,0,0,0,0,0,0,0,0,0,0,0,0,0,0,0,0,0,0,0,0,0,0,0,0,0,0,0,0,0,0,0,0,0,0,0,0,0,0,0,0,0,0,0,0,0,0,0,0,0,0,0,0,0,0,0,0,0,0,0,0,0,0,0,1,0
2-Pentanol,CCCC(C)O,6032-29-7,Biofuel,8.55236111111111,-0.10185185185185208,8.55236111111111,0.10185185185185208,0.536831757483578,88.14999999999999,76.05399999999999,88.088815004,38,0,0.051156559616146235,-0.39341945247761856,0.39341945247761856,0.051156559616146235,1.6666666666666667,2.1666666666666665,2.1666666666666665,16.264654235538682,10.232511656792356,1.868347564105359,-1.9505745111914885,1.9068288615649058,-1.9545411179135384,4.400152443362449,0.18332736846132083,2.6272148478988635,25.11941547876375,4.99156383156272,4.4387774270626785,4.4387774270626785,2.770055610029662,2.4509042305871973,2.4509042305871973,1.6376965006408923,1.6376965006408923,0.7064497140632062,0.7064497140632062,0.4177745794683934,0.4177745794683934,-0.04,14.834466856136647,5.959999999999999,3.1616129032258065,3.9600000000000004,38.99325323761199,5.106527394840706,0.0,0.0,0.0,0.0,0.0,0.0,0.0,0.0,0.0,13.344558822616634,13.344558822616634,0.0,6.103966387748303,5.106527394840706,0.0,0.0,0.0,0.0,32.79308403298157,0.0,0.0,0.0,0.0,0.0,0.0,0.0,0.0,11.210493782589008,0.0,0.0,26.689117645233267,0.0,0.0,0.0,0.0,20.23,0.0,0.0,0.0,6.103966387748303,0.0,12.841643245852019,0.0,0.0,6.923737199690624,6.923737199690624,5.106527394840706,0.0,0.0,0.0,8.55236111111111,0.0,0.0,0.0,1.9097222222222223,3.87125,0.0,1.0,6,1,1,0,0,0,0,0,0,1,1,1,2,0,0,0,0,1.1673,26.58879999999999,0,1,1,0,0,0,0,0,0,0,0,0,0,0,0,0,0,0,0,0,0,0,0,0,0,0,0,0,0,0,0,0,0,0,0,0,0,0,0,0,0,0,0,0,0,0,0,0,0,0,0,0,0,0,0,0,0,0,0,0,0,0,0,0,0,0,0,0,0,0,0,0,0,0,0,0,0,0,0,0,0,0,0,0,0
3-Pentanol,CCC(O)CC,584-02-1,Biofuel,8.666666666666668,-0.0648148148148151,8.666666666666668,0.0648148148148151,0.5368317574835781,88.15,76.054,88.088815004,38,0,0.053459279988046865,-0.39315304062176465,0.39315304062176465,0.053459279988046865,1.3333333333333333,1.6666666666666667,1.6666666666666667,16.265531977745443,10.21918518011678,1.9012792558323743,-1.9778314724069923,1.9147559154423983,-1.9908291230983497,4.431569486173675,0.16601582405001344,2.7541847860376616,23.11941547876375,4.99156383156272,4.4387774270626785,4.4387774270626785,2.808060412490447,2.488909033047982,2.488909033047982,1.4703200871926496,1.4703200871926496,0.9424986408597364,0.9424986408597364,0.28867513459481287,0.28867513459481287,-0.04,19.800269059780252,5.959999999999999,3.1616129032258065,2.212525252525253,38.99325323761199,5.106527394840706,0.0,0.0,0.0,0.0,0.0,0.0,0.0,0.0,0.0,13.847474399381248,12.841643245852019,0.0,6.103966387748303,5.106527394840706,0.0,0.0,0.0,0.0,32.79308403298157,0.0,0.0,0.0,0.0,0.0,0.0,0.0,0.0,11.210493782589008,0.0,0.0,26.689117645233267,0.0,0.0,0.0,0.0,20.23,0.0,0.0,0.0,6.103966387748303,0.0,12.841643245852019,0.0,0.0,13.847474399381248,0.0,5.106527394840706,0.0,0.0,0.0,8.666666666666668,0.0,0.0,0.0,1.7060185185185184,3.960648148148148,0.0,1.0,6,1,1,0,0,0,0,0,0,1,1,1,2,0,0,0,0,1.1673,26.58879999999999,0,1,1,0,0,0,0,0,0,0,0,0,0,0,0,0,0,0,0,0,0,0,0,0,0,0,0,0,0,0,0,0,0,0,0,0,0,0,0,0,0,0,0,0,0,0,0,0,0,0,0,0,0,0,0,0,0,0,0,0,0,0,0,0,0,0,0,0,0,0,0,0,0,0,0,0,0,0,0,0,0,0,0,0,0
3-Methyl-2-buten-1-ol,CC(=CCO)C, 556-82-1,Biofuel,8.160277777777779,0.1689814814814814,8.160277777777779,0.1689814814814814,0.4708091985799219,86.134,76.05399999999999,86.07316494,36,0,0.0614331862267162,-0.3922975529048368,0.3922975529048368,0.0614331862267162,1.6666666666666667,2.1666666666666665,2.1666666666666665,16.249484662136332,10.330670628864988,1.676980195131436,-1.7961700291150333,1.8300685067198588,-1.7127390386244135,4.91445093732584,0.3415828389150233,3.1374298786373527,50.95878455585175,4.99156383156272,4.231670645876131,4.231670645876131,2.770055610029662,2.0131511910755138,2.0131511910755138,1.4640486002566127,1.4640486002566127,0.4995353833813907,0.4995353833813907,0.18257418583505536,0.18257418583505536,-0.3,14.834466856136647,5.699999999999999,2.9127659574468083,3.7,38.30365020542774,5.106527394840706,0.0,0.0,0.0,0.0,0.0,0.0,0.0,0.0,0.0,11.64912463690315,13.847474399381248,0.0,6.606881964512918,5.106527394840706,0.0,0.0,0.0,0.0,13.847474399381248,6.606881964512918,11.64912463690315,0.0,0.0,0.0,0.0,0.0,0.0,11.713409359353623,0.0,0.0,13.847474399381248,11.64912463690315,0.0,0.0,0.0,20.23,0.0,0.0,0.0,6.606881964512918,0.0,5.573104530069267,0.0,6.076020106833881,13.847474399381248,0.0,5.106527394840706,0.0,0.0,0.0,8.160277777777779,1.164351851851852,0.0,0.0,1.7638888888888888,4.0781481481481485,0.0,0.6,6,1,1,0,0,0,0,0,0,1,1,1,1,0,0,0,0,0.9449000000000001,26.51679999999999,0,1,1,0,0,0,0,0,0,0,0,0,0,0,0,0,0,0,0,0,0,0,0,0,0,0,1,0,0,0,0,0,0,0,0,0,0,0,0,0,0,0,0,0,0,0,0,0,0,0,0,0,0,0,0,0,0,0,0,0,0,0,0,0,0,0,0,0,0,0,0,0,0,0,0,0,0,0,0,0,0,0,0,0,0
2-Methyl-3-buten-2-ol ,CC(C)(C=C)O,115-18-4,Biofuel,8.708333333333332,-0.6944444444444444,8.708333333333332,0.6944444444444444,0.4707782437790138,86.134,76.05399999999999,86.07316494,36,0,0.07685250841759078,-0.3863939105116286,0.3863939105116286,0.07685250841759078,1.6666666666666667,1.8333333333333333,1.8333333333333333,16.280352224851185,10.144990089717657,2.0161497257609913,-2.067873440405148,1.977596157536294,-2.1192904894656492,4.859057195856324,0.13332847371986398,3.4459912135188397,49.44900955152481,5.207106781186548,4.2316706458761315,4.2316706458761315,2.5606601717798214,1.9205302228086547,1.9205302228086547,1.8577874547950957,1.8577874547950957,0.4995353833813907,0.4995353833813907,0.0,0.0,-0.3,12.16479703638053,5.699999999999999,1.43334818445088,3.7,38.30365020542773,5.106527394840706,0.0,0.0,0.0,0.0,0.0,0.0,0.0,0.0,6.578935683598497,6.076020106833881,13.847474399381248,0.0,5.601050810983688,5.106527394840706,0.0,0.0,0.0,0.0,19.448525210364934,0.0,12.654955790432378,0.0,0.0,0.0,0.0,0.0,0.0,10.707578205824394,0.0,0.0,13.847474399381248,12.654955790432378,0.0,0.0,0.0,20.23,5.601050810983688,0.0,0.0,0.0,0.0,0.0,6.076020106833881,13.847474399381248,0.0,6.578935683598497,5.106527394840706,0.0,0.0,0.0,8.708333333333332,-0.6944444444444444,0.0,0.0,1.4930555555555556,6.743055555555555,0.0,0.6,6,1,1,0,0,0,0,0,0,1,1,1,1,0,0,0,0,0.9433,26.494799999999987,0,1,0,0,0,0,0,0,0,0,0,0,0,0,0,0,0,0,0,0,0,0,0,0,0,0,0,0,0,0,0,0,0,0,0,0,0,0,0,0,0,0,0,0,0,0,0,0,0,0,0,0,0,0,0,0,0,0,0,0,0,0,0,0,0,0,0,0,0,0,0,0,0,0,0,0,0,0,0,0,0,0,0,0,0
"2,3-Dimethyl-1-butanol",CC(C)C(C)CO,19550-30-2,Not biofuel,8.505185185185185,0.31712962962962976,8.505185185185185,0.31712962962962976,0.5563716538155499,102.17699999999999,88.06499999999998,102.104465068,44,0,0.04585687663847082,-0.39608847106479134,0.39608847106479134,0.04585687663847082,1.2857142857142858,1.7142857142857142,1.7142857142857142,16.250975617707656,9.99691574593638,2.01966234309316,-2.0923375683912018,2.0597884802477457,-2.0706518757723895,4.519420283648297,0.2029491208923515,3.1442082073698243,41.444678358882754,5.861807319565799,5.309020915065757,5.309020915065757,3.1807392125526213,2.7898601973829122,2.7898601973829122,2.4038750058840606,2.4038750058840606,1.4260546286317,1.4260546286317,0.210818510677892,0.210818510677892,-0.04,27.977093296928835,6.96,3.026851631655436,2.6311409395973158,45.35819535200859,5.106527394840706,0.0,0.0,0.0,0.0,0.0,0.0,0.0,0.0,0.0,20.771211599071872,11.835812092322787,6.606881964512918,0.0,5.106527394840706,0.0,0.0,0.0,11.835812092322787,20.771211599071872,6.606881964512918,0.0,0.0,0.0,0.0,0.0,0.0,0.0,11.713409359353623,0.0,11.835812092322787,20.771211599071872,0.0,0.0,0.0,0.0,20.23,0.0,0.0,0.0,0.0,18.442694056835705,0.0,0.0,0.0,6.923737199690624,13.847474399381248,5.106527394840706,0.0,0.0,0.0,8.505185185185185,0.0,1.0740740740740735,0.0,0.0,6.587407407407408,0.0,1.0,7,1,1,0,0,0,0,0,0,1,1,1,2,0,0,0,0,1.2708,31.087799999999984,0,1,1,0,0,0,0,0,0,0,0,0,0,0,0,0,0,0,0,0,0,0,0,0,0,0,0,0,0,0,0,0,0,0,0,0,0,0,0,0,0,0,0,0,0,0,0,0,0,0,0,0,0,0,0,0,0,0,0,0,0,0,0,0,0,0,0,0,0,0,0,0,0,0,0,0,0,0,0,0,0,0,0,0,0
"2,3-Dimethyl-2-butanol",CC(C)C(C)(C)O,594-60-5,Not biofuel,9.094907407407408,-0.5,9.094907407407408,0.3541666666666665,0.5304631196739005,102.17699999999998,88.06499999999998,102.104465068,44,0,0.06140456929705538,-0.39020447939148034,0.39020447939148034,0.06140456929705538,1.2857142857142858,1.4285714285714286,1.4285714285714286,16.28204448445371,9.9541541183132,2.1573558706125304,-2.2053340034184186,2.124672843580356,-2.2519967264207947,4.674721919213511,0.03269149994595844,3.541196965079901,49.69058447171098,6.077350269189626,5.5245638646895845,5.5245638646895845,2.9433756729740645,2.6669824707240437,2.6669824707240437,2.8083638479424162,2.8083638479424162,1.4128994281264127,1.4128994281264127,0.0,0.0,-0.04,17.086166327180322,6.96,1.8263903061224485,2.6311409395973158,45.358195352008586,5.106527394840706,0.0,0.0,0.0,0.0,0.0,0.0,0.0,0.0,0.0,13.847474399381248,19.76538044554264,0.0,5.601050810983688,5.106527394840706,0.0,0.0,0.0,5.917906046161393,33.29599960974618,0.0,0.0,0.0,0.0,0.0,0.0,0.0,0.0,10.707578205824394,0.0,5.917906046161393,27.694948798762496,0.0,0.0,0.0,0.0,20.23,5.601050810983688,0.0,0.0,0.0,5.917906046161393,0.0,0.0,0.0,27.694948798762496,0.0,5.106527394840706,0.0,0.0,0.0,9.094907407407408,-0.5,0.3541666666666665,0.0,0.0,7.6342592592592595,0.0,1.0,7,1,1,0,0,0,0,0,0,1,1,1,1,0,0,0,0,1.4133,31.135799999999982,0,1,0,0,0,0,0,0,0,0,0,0,0,0,0,0,0,0,0,0,0,0,0,0,0,0,0,0,0,0,0,0,0,0,0,0,0,0,0,0,0,0,0,0,0,0,0,0,0,0,0,0,0,0,0,0,0,0,0,0,0,0,0,0,0,0,0,0,0,0,0,0,0,0,0,0,0,0,0,0,0,0,0,0,0
"2,2-Dimethyl-1-butanol",CCC(C)(C)CO,1185-33-7,Biofuel,8.594027777777779,0.13888888888888884,8.594027777777779,0.13888888888888884,0.5586541703076433,102.17699999999998,88.06499999999998,102.104465068,44,0,0.048152855759497626,-0.39582051920065514,0.39582051920065514,0.048152855759497626,1.4285714285714286,1.8571428571428572,1.8571428571428572,16.2520127187479,9.919244572942706,2.1083310495636467,-2.1692464953308814,2.1633780762413686,-2.1360594881351624,4.617993280005849,0.15549386326177536,3.3604351426960575,42.14170945007629,5.914213562373096,5.361427157873054,5.361427157873054,3.121320343559643,2.730441328389933,2.730441328389933,2.6758808359747874,2.6758808359747874,1.3851379460783748,1.3851379460783748,0.11180339887498945,0.11180339887498945,-0.04,26.838740541269832,6.96,2.3141072195146584,2.6311409395973158,45.35819535200859,5.106527394840706,0.0,0.0,0.0,0.0,0.0,0.0,0.0,0.0,0.0,20.771211599071872,11.83581209232279,6.606881964512918,0.0,5.106527394840706,0.0,0.0,0.0,5.41499046939678,27.19203322199788,6.606881964512918,0.0,0.0,0.0,0.0,0.0,0.0,0.0,11.713409359353623,0.0,5.41499046939678,27.19203322199788,0.0,0.0,0.0,0.0,20.23,0.0,0.0,0.0,5.41499046939678,6.606881964512918,6.4208216229260096,0.0,0.0,13.847474399381248,6.923737199690624,5.106527394840706,0.0,0.0,0.0,8.594027777777779,0.13888888888888884,0.0,0.0,1.0451388888888888,6.4719444444444445,0.0,1.0,7,1,1,0,0,0,0,0,0,1,1,1,2,0,0,0,0,1.4149,31.15779999999998,0,1,1,0,0,0,0,0,0,0,0,0,0,0,0,0,0,0,0,0,0,0,0,0,0,0,0,0,0,0,0,0,0,0,0,0,0,0,0,0,0,0,0,0,0,0,0,0,0,0,0,0,0,0,0,0,0,0,0,0,0,0,0,0,0,0,0,0,0,0,0,0,0,0,0,0,0,0,0,0,0,0,0,0,0
"3,3-Dimethyl-1-butanol",CC(C)(C)CCO,624-95-3,Not biofuel,8.401875,0.3003472222222222,8.401875,0.3003472222222222,0.5304855425214606,102.17699999999999,88.06499999999998,102.104465068,44,0,0.04355134221923976,-0.39635533077009405,0.39635533077009405,0.04355134221923976,1.2857142857142858,1.7142857142857142,1.7142857142857142,16.250068942391938,9.930478895638851,2.063664128158882,-2.141843952562178,2.1595322875080094,-2.058807415206878,4.579992994789458,0.22488364446717146,3.154490065368808,42.63193444574935,5.914213562373096,5.361427157873054,5.361427157873054,3.0606601717798214,2.6697811566101115,2.6697811566101115,3.0342669695298006,3.0342669695298006,0.8618033988749894,0.8618033988749894,0.33541019662496835,0.33541019662496835,-0.04,18.14170945007629,6.96,2.3141072195146584,5.960000000000001,45.35819535200859,5.106527394840706,0.0,0.0,0.0,0.0,0.0,0.0,0.0,0.0,0.0,20.771211599071872,11.83581209232279,6.606881964512918,0.0,5.106527394840706,0.0,0.0,0.0,5.41499046939678,27.19203322199788,6.606881964512918,0.0,0.0,0.0,0.0,0.0,0.0,0.0,11.713409359353623,0.0,5.41499046939678,27.19203322199788,0.0,0.0,0.0,0.0,20.23,0.0,0.0,0.0,0.0,12.021872433909698,6.4208216229260096,0.0,0.0,0.0,20.771211599071872,5.106527394840706,0.0,0.0,0.0,8.401875,0.3003472222222222,0.0,0.0,0.8958333333333334,6.651944444444445,0.0,1.0,7,1,1,0,0,0,0,0,0,1,1,1,1,0,0,0,0,1.4149,31.15779999999998,0,1,1,0,0,0,0,0,0,0,0,0,0,0,0,0,0,0,0,0,0,0,0,0,0,0,0,0,0,0,0,0,0,0,0,0,0,0,0,0,0,0,0,0,0,0,0,0,0,0,0,0,0,0,0,0,0,0,0,0,0,0,0,0,0,0,0,0,0,0,0,0,0,0,0,0,0,0,0,0,0,0,0,0,0
2-Methyl-1-pentanol,CCCC(C)CO,105-30-6,Biofuel,8.46587962962963,0.34111111111111114,8.46587962962963,0.34111111111111114,0.5709677520374143,102.17699999999999,88.06499999999998,102.104465068,44,0,0.045612317373567704,-0.3960990127001897,0.3960990127001897,0.045612317373567704,1.5714285714285714,2.142857142857143,2.2857142857142856,16.250901858547774,10.091421139237207,1.9348471173774344,-2.0123102749780535,2.008435666588604,-1.9764977315891463,4.453091892891446,0.22938905472285706,2.8318199660707846,35.161259458730164,5.698670612749268,5.145884208249226,5.145884208249226,3.308060412490447,2.9171813973207374,2.9171813973207374,2.076421035952407,2.076421035952407,1.0931480451301931,1.0931480451301931,0.584086372744272,0.584086372744272,-0.04,31.916635235956914,6.96,4.127785234899329,3.799034859521332,45.35819535200859,5.106527394840706,0.0,0.0,0.0,0.0,0.0,0.0,0.0,0.0,0.0,20.268296022307258,12.338727669087403,6.606881964512918,0.0,5.106527394840706,0.0,0.0,0.0,5.917906046161393,26.689117645233267,6.606881964512918,0.0,0.0,0.0,0.0,0.0,0.0,0.0,11.713409359353623,0.0,5.917906046161393,26.689117645233267,0.0,0.0,0.0,0.0,20.23,0.0,0.0,0.0,0.0,12.52478801067431,6.4208216229260096,6.4208216229260096,0.0,0.0,13.847474399381248,5.106527394840706,0.0,0.0,0.0,8.46587962962963,0.0,0.5046296296296293,0.0,2.331574074074074,4.53125,0.0,1.0,7,1,1,0,0,0,0,0,0,1,1,1,3,0,0,0,0,1.4149,31.15779999999998,0,1,1,0,0,0,0,0,0,0,0,0,0,0,0,0,0,0,0,0,0,0,0,0,0,0,0,0,0,0,0,0,0,0,0,0,0,0,0,0,0,0,0,0,0,0,0,0,0,0,0,0,0,0,0,0,0,0,0,0,0,0,0,0,0,0,0,0,0,0,0,0,0,0,0,0,0,0,0,0,0,0,0,0,0
2-Methyl-2-pentanol,CCCC(C)(C)O,590-36-3,Biofuel,9.01763888888889,-0.4496527777777777,9.01763888888889,0.4496527777777777,0.5606097975915726,102.17699999999998,88.06499999999998,102.104465068,44,0,0.059122169204336245,-0.39047218162630054,0.39047218162630054,0.059122169204336245,1.4285714285714286,1.8571428571428572,1.8571428571428572,16.280951640821996,10.045966297011411,2.0796967012331096,-2.13586619462796,2.076711196181587,-2.1647770019838606,4.614146328907503,0.07028189502499672,3.154490065368808,42.63193444574935,5.914213562373095,5.361427157873053,5.361427157873053,3.060660171779821,2.7842669695298,2.7842669695298,2.5624342596949248,2.5624342596949248,0.8618033988749892,0.8618033988749892,0.6118033988749894,0.6118033988749894,-0.04,18.14170945007629,6.96,2.3141072195146584,5.960000000000001,45.3581953520086,5.106527394840706,0.0,0.0,0.0,0.0,0.0,0.0,0.0,0.0,0.0,13.344558822616634,20.268296022307258,0.0,5.601050810983688,5.106527394840706,0.0,0.0,0.0,0.0,39.21390565590758,0.0,0.0,0.0,0.0,0.0,0.0,0.0,0.0,10.707578205824394,0.0,0.0,33.61285484492389,0.0,0.0,0.0,0.0,20.23,5.601050810983688,0.0,0.0,0.0,0.0,12.841643245852019,0.0,0.0,13.847474399381248,6.923737199690624,5.106527394840706,0.0,0.0,0.0,9.01763888888889,-0.4496527777777777,0.0,0.0,1.9548611111111112,5.727152777777778,0.0,1.0,7,1,1,0,0,0,0,0,0,1,1,1,2,0,0,0,0,1.5574,31.205799999999982,0,1,0,0,0,0,0,0,0,0,0,0,0,0,0,0,0,0,0,0,0,0,0,0,0,0,0,0,0,0,0,0,0,0,0,0,0,0,0,0,0,0,0,0,0,0,0,0,0,0,0,0,0,0,0,0,0,0,0,0,0,0,0,0,0,0,0,0,0,0,0,0,0,0,0,0,0,0,0,0,0,0,0,0,0
3-Methyl-2-pentanol,CCC(C)C(C)O,565-60-6,Biofuel,8.82087962962963,-0.13425925925925952,8.82087962962963,0.13425925925925952,0.5586305568134091,102.17699999999998,88.06499999999998,102.104465068,44,0,0.0537041322872977,-0.39314144820815017,0.39314144820815017,0.0537041322872977,1.4285714285714286,1.8571428571428572,1.8571428571428572,16.265727818694955,10.044327759230224,2.0257468114719286,-2.0907744369073367,2.041102116319244,-2.103758133729673,4.537379748347412,0.13278428203151613,3.1442082073698243,41.444678358882754,5.8618073195657985,5.309020915065757,5.309020915065757,3.1807392125526213,2.8615878331101565,2.8615878331101565,2.126135596237056,2.126135596237056,1.4674665984271602,1.4674665984271602,0.34111151573446186,0.34111151573446186,-0.04,27.977093296928835,6.96,3.026851631655436,2.6311409395973158,45.3581953520086,5.106527394840706,0.0,0.0,0.0,0.0,0.0,0.0,0.0,0.0,0.0,20.268296022307258,12.841643245852017,0.0,6.103966387748303,5.106527394840706,0.0,0.0,0.0,5.917906046161393,33.29599960974619,0.0,0.0,0.0,0.0,0.0,0.0,0.0,0.0,11.210493782589008,0.0,5.917906046161393,27.19203322199788,0.0,0.0,0.0,0.0,20.23,0.0,0.0,0.0,6.103966387748303,5.917906046161393,6.4208216229260096,0.0,0.0,13.847474399381248,6.923737199690624,5.106527394840706,0.0,0.0,0.0,8.82087962962963,0.0,0.45833333333333315,0.0,0.9328703703703702,5.954583333333334,0.0,1.0,7,1,1,0,0,0,0,0,0,1,1,1,2,0,0,0,0,1.4133,31.135799999999982,0,1,1,0,0,0,0,0,0,0,0,0,0,0,0,0,0,0,0,0,0,0,0,0,0,0,0,0,0,0,0,0,0,0,0,0,0,0,0,0,0,0,0,0,0,0,0,0,0,0,0,0,0,0,0,0,0,0,0,0,0,0,0,0,0,0,0,0,0,0,0,0,0,0,0,0,0,0,0,0,0,0,0,0,0
4-Methyl-2-pentanol,CC(C)CC(C)O,108-11-2,Biofuel,8.722777777777779,-0.12500000000000022,8.722777777777779,0.12500000000000022,0.5586305568134091,102.17699999999998,88.06499999999998,102.104465068,44,0,0.05141023570958835,-0.3934087426759659,0.3934087426759659,0.05141023570958835,1.2857142857142858,1.7142857142857142,1.7142857142857142,16.264732896841902,10.083840629172238,1.9673238788995375,-2.0428129208425596,2.014155024669296,-2.0270565418063704,4.488279837178704,0.16766364918037938,2.9532231745612925,33.44467835888275,5.8618073195657985,5.309020915065757,5.309020915065757,3.125897657686229,2.8067462782437644,2.8067462782437644,2.478570476558947,2.478570476558947,0.8125160365254936,0.8125160365254936,0.6822230314689237,0.6822230314689237,-0.04,19.093583929800843,6.96,3.026851631655436,5.960000000000001,45.3581953520086,5.106527394840706,0.0,0.0,0.0,0.0,0.0,0.0,0.0,0.0,0.0,13.847474399381248,19.262464868778025,0.0,6.103966387748303,5.106527394840706,0.0,0.0,0.0,5.917906046161393,33.29599960974619,0.0,0.0,0.0,0.0,0.0,0.0,0.0,0.0,11.210493782589008,0.0,5.917906046161393,27.19203322199788,0.0,0.0,0.0,0.0,20.23,0.0,0.0,0.0,6.103966387748303,5.917906046161393,6.4208216229260096,0.0,0.0,6.923737199690624,13.847474399381248,5.106527394840706,0.0,0.0,0.0,8.722777777777779,0.0,0.6249999999999998,0.0,0.7916666666666665,6.027222222222222,0.0,1.0,7,1,1,0,0,0,0,0,0,1,1,1,2,0,0,0,0,1.4133,31.135799999999982,0,1,1,0,0,0,0,0,0,0,0,0,0,0,0,0,0,0,0,0,0,0,0,0,0,0,0,0,0,0,0,0,0,0,0,0,0,0,0,0,0,0,0,0,0,0,0,0,0,0,0,0,0,0,0,0,0,0,0,0,0,0,0,0,0,0,0,0,0,0,0,0,0,0,0,0,0,0,0,0,0,0,0,0,0
2-Methyl-3-pentanol,CCC(O)C(C)C,565-67-3,Biofuel,8.935185185185185,-0.09722222222222254,8.935185185185185,0.09722222222222254,0.5586305568134092,102.17699999999999,88.065,102.104465068,44,0,0.0560054148753896,-0.392874853983553,0.392874853983553,0.0560054148753896,1.4285714285714286,1.8571428571428572,1.8571428571428572,16.26660285786293,10.063213642190215,2.0276684307100075,-2.0902836545051686,2.02344758325797,-2.114570875438696,4.541191492551953,0.12131658019820021,3.1442082073698243,41.444678358882754,5.8618073195657985,5.309020915065757,5.309020915065757,3.1807392125526213,2.861587833110157,2.861587833110157,2.219612871050713,2.219612871050713,1.187823364021575,1.187823364021575,0.47140452079103173,0.47140452079103173,-0.04,27.977093296928835,6.96,3.026851631655436,2.6311409395973158,45.35819535200859,5.106527394840706,0.0,0.0,0.0,0.0,0.0,0.0,0.0,0.0,0.0,20.771211599071872,12.338727669087403,0.0,6.103966387748303,5.106527394840706,0.0,0.0,0.0,5.917906046161393,33.29599960974618,0.0,0.0,0.0,0.0,0.0,0.0,0.0,0.0,11.210493782589008,0.0,5.917906046161393,27.19203322199788,0.0,0.0,0.0,0.0,20.23,0.0,0.0,0.0,6.103966387748303,5.917906046161393,6.4208216229260096,0.0,0.0,20.771211599071872,0.0,5.106527394840706,0.0,0.0,0.0,8.935185185185185,0.0,0.42129629629629606,0.0,0.7754629629629627,6.034722222222223,0.0,1.0,7,1,1,0,0,0,0,0,0,1,1,1,2,0,0,0,0,1.4133,31.135799999999982,0,1,1,0,0,0,0,0,0,0,0,0,0,0,0,0,0,0,0,0,0,0,0,0,0,0,0,0,0,0,0,0,0,0,0,0,0,0,0,0,0,0,0,0,0,0,0,0,0,0,0,0,0,0,0,0,0,0,0,0,0,0,0,0,0,0,0,0,0,0,0,0,0,0,0,0,0,0,0,0,0,0,0,0,0
3-Methyl-3-pentanol,CCC(C)(O)CC,77-74-7,Not biofuel,9.131944444444445,-0.4166666666666665,9.131944444444445,0.4166666666666665,0.5606097975915726,102.17699999999998,88.06499999999998,102.104465068,44,0,0.06141295148533153,-0.3902053852586639,0.3902053852586639,0.06141295148533153,1.2857142857142858,1.5714285714285714,1.5714285714285714,16.281916315240537,10.011953327044699,2.1171196627897637,-2.167858821564834,2.106455512296916,-2.1978305581045676,4.6514639060656195,0.052109618116603855,3.3604351426960575,42.14170945007629,5.914213562373096,5.361427157873052,5.361427157873052,3.121320343559643,2.8449271413096215,2.8449271413096215,2.2040481261399116,2.2040481261399116,1.5233345472033855,1.5233345472033855,0.24999999999999994,0.24999999999999994,-0.04,26.838740541269832,6.96,2.3141072195146584,2.6311409395973158,45.35819535200859,5.106527394840706,0.0,0.0,0.0,0.0,0.0,0.0,0.0,0.0,0.0,13.847474399381248,19.765380445542643,0.0,5.601050810983688,5.106527394840706,0.0,0.0,0.0,0.0,39.21390565590758,0.0,0.0,0.0,0.0,0.0,0.0,0.0,0.0,10.707578205824394,0.0,0.0,33.61285484492389,0.0,0.0,0.0,0.0,20.23,5.601050810983688,0.0,0.0,0.0,0.0,12.841643245852019,0.0,0.0,20.771211599071872,0.0,5.106527394840706,0.0,0.0,0.0,9.131944444444445,-0.4166666666666665,0.0,0.0,1.7013888888888888,5.833333333333333,0.0,1.0,7,1,1,0,0,0,0,0,0,1,1,1,2,0,0,0,0,1.5574,31.205799999999982,0,1,0,0,0,0,0,0,0,0,0,0,0,0,0,0,0,0,0,0,0,0,0,0,0,0,0,0,0,0,0,0,0,0,0,0,0,0,0,0,0,0,0,0,0,0,0,0,0,0,0,0,0,0,0,0,0,0,0,0,0,0,0,0,0,0,0,0,0,0,0,0,0,0,0,0,0,0,0,0,0,0,0,0,0
2-Hexanol,CCCCC(C)O,626-93-7,Biofuel,8.683472222222221,-0.0972685185185187,8.683472222222221,0.0972685185185187,0.5729664843005482,102.17699999999998,88.06499999999998,102.104465068,44,0,0.051166509252298105,-0.3934192704931501,0.3934192704931501,0.051166509252298105,1.5714285714285714,2.142857142857143,2.2857142857142856,16.26466185213077,10.176110061834999,1.8981700405138908,-1.9787743146858008,1.9670076870483268,-1.966047137577246,4.433654679279867,0.18104162389176365,2.678257743164726,33.16125945873016,5.698670612749268,5.145884208249226,5.145884208249226,3.270055610029662,2.9509042305871973,2.9509042305871973,1.9912498912341658,1.9912498912341658,0.9754521152935987,0.9754521152935987,0.49953538338139064,0.49953538338139064,-0.04,29.01955000865388,6.96,4.127785234899329,5.960000000000001,45.3581953520086,5.106527394840706,0.0,0.0,0.0,0.0,0.0,0.0,0.0,0.0,0.0,19.765380445542643,13.344558822616634,0.0,6.103966387748303,5.106527394840706,0.0,0.0,0.0,0.0,39.21390565590758,0.0,0.0,0.0,0.0,0.0,0.0,0.0,0.0,11.210493782589008,0.0,0.0,33.10993926815928,0.0,0.0,0.0,0.0,20.23,0.0,0.0,0.0,6.103966387748303,0.0,12.841643245852019,6.4208216229260096,0.0,6.923737199690624,6.923737199690624,5.106527394840706,0.0,0.0,0.0,8.683472222222221,0.0,0.0,0.0,3.193472222222222,3.9563888888888887,0.0,1.0,7,1,1,0,0,0,0,0,0,1,1,1,3,0,0,0,0,1.5574,31.205799999999982,0,1,1,0,0,0,0,0,0,0,0,0,0,0,0,0,0,0,0,0,0,0,0,0,0,0,0,0,0,0,0,0,0,0,0,0,0,0,0,0,0,0,0,0,0,0,0,0,0,0,0,0,0,0,0,0,0,0,0,0,0,0,0,0,0,0,0,0,0,0,0,0,0,0,0,0,0,0,0,0,0,0,0,0,0
3-Hexanol,CCCC(O)CC,623-37-0,Not biofuel,8.857916666666666,-0.05092592592592626,8.857916666666666,0.05092592592592626,0.5729664843005482,102.17699999999999,88.06499999999998,102.104465068,44,0,0.053711905178556944,-0.3931423955826943,0.3931423955826943,0.053711905178556944,1.4285714285714286,2.0,2.142857142857143,16.26560187333993,10.160206113667568,1.9401852346392476,-2.0131598947405807,1.9755386579348329,-2.0124579642756633,4.473297294280572,0.15918140204601294,2.8318199660707846,35.161259458730164,5.698670612749268,5.145884208249226,5.145884208249226,3.308060412490447,2.988909033047982,2.988909033047982,1.8507469313235994,1.8507469313235994,1.0931480451301931,1.0931480451301931,0.5373477353374435,0.5373477353374435,-0.04,31.916635235956914,6.96,4.127785234899329,3.799034859521332,45.35819535200859,5.106527394840706,0.0,0.0,0.0,0.0,0.0,0.0,0.0,0.0,0.0,20.268296022307258,12.841643245852019,0.0,6.103966387748303,5.106527394840706,0.0,0.0,0.0,0.0,39.21390565590758,0.0,0.0,0.0,0.0,0.0,0.0,0.0,0.0,11.210493782589008,0.0,0.0,33.10993926815928,0.0,0.0,0.0,0.0,20.23,0.0,0.0,0.0,6.103966387748303,0.0,19.26246486877803,0.0,0.0,6.923737199690624,6.923737199690624,5.106527394840706,0.0,0.0,0.0,8.857916666666666,0.0,0.0,0.0,2.89287037037037,4.082546296296297,0.0,1.0,7,1,1,0,0,0,0,0,0,1,1,1,3,0,0,0,0,1.5574,31.205799999999982,0,1,1,0,0,0,0,0,0,0,0,0,0,0,0,0,0,0,0,0,0,0,0,0,0,0,0,0,0,0,0,0,0,0,0,0,0,0,0,0,0,0,0,0,0,0,0,0,0,0,0,0,0,0,0,0,0,0,0,0,0,0,0,0,0,0,0,0,0,0,0,0,0,0,0,0,0,0,0,0,0,0,0,0,0
"2,2-Dimethylpentanol",CCCC(C)(C)CO,2370/12/9,Not biofuel,8.725138888888889,0.14756944444444442,8.725138888888889,0.14756944444444442,0.595840675627883,116.20399999999998,100.07599999999998,116.120115132,50,0,0.04816288099372805,-0.3958203358972684,0.3958203358972684,0.04816288099372805,1.375,1.875,2.0,16.25202131142625,9.894387545113556,2.1293950712283634,-2.1900057330770206,2.1943680798194403,-2.1491160659100537,4.640962663907084,0.14934062109460944,3.373381552563661,57.4071655715584,6.621320343559643,6.0685339390596,6.0685339390596,3.6213203435596424,3.230441328389933,3.230441328389933,3.0723274453815144,3.0723274453815144,1.354807860188464,1.354807860188464,0.7558336368008463,0.7558336368008463,-0.04,41.8157298068742,7.96,3.079539221938775,3.026851631655436,51.723137466405205,5.106527394840706,0.0,0.0,0.0,0.0,0.0,0.0,0.0,0.0,0.0,27.19203322199788,11.83581209232279,6.606881964512918,0.0,5.106527394840706,0.0,0.0,0.0,5.41499046939678,33.61285484492389,6.606881964512918,0.0,0.0,0.0,0.0,0.0,0.0,0.0,11.713409359353623,0.0,5.41499046939678,33.61285484492389,0.0,0.0,0.0,0.0,20.23,0.0,0.0,0.0,5.41499046939678,6.606881964512918,12.841643245852019,0.0,0.0,0.0,20.771211599071872,5.106527394840706,0.0,0.0,0.0,8.725138888888889,0.14756944444444442,0.0,0.0,2.274861111111111,6.6024305555555545,0.0,1.0,8,1,1,0,0,0,0,0,0,1,1,1,3,0,0,0,0,1.8050000000000002,35.77479999999999,0,1,1,0,0,0,0,0,0,0,0,0,0,0,0,0,0,0,0,0,0,0,0,0,0,0,0,0,0,0,0,0,0,0,0,0,0,0,0,0,0,0,0,0,0,0,0,0,0,0,0,0,0,0,0,0,0,0,0,0,0,0,0,0,0,0,0,0,0,0,0,0,0,0,0,0,0,0,0,0,0,0,0,0,0
"3,3-Dimethylpentanol",CCC(C)(C)CCO,19264-94-9,Not biofuel,8.53298611111111,0.32027777777777766,8.53298611111111,0.32027777777777766,0.595840675627883,116.20399999999998,100.07599999999998,116.120115132,50,0,0.043561386913919344,-0.396355147472219,0.396355147472219,0.043561386913919344,1.375,1.875,2.0,16.250077593694623,9.870443076199706,2.1205037341082185,-2.196433793389097,2.224366295644087,-2.104173865945989,4.637327909488818,0.20699218509976217,3.3733815525636603,57.4071655715584,6.621320343559644,6.068533939059602,6.068533939059602,3.621320343559643,3.230441328389933,3.230441328389933,2.9913737507163476,2.9913737507163476,1.7456868753581736,1.7456868753581736,0.47944043455082525,0.47944043455082525,-0.04,41.8157298068742,7.96,3.079539221938775,3.026851631655436,51.723137466405205,5.106527394840706,0.0,0.0,0.0,0.0,0.0,0.0,0.0,0.0,0.0,27.19203322199788,11.83581209232279,6.606881964512918,0.0,5.106527394840706,0.0,0.0,0.0,5.41499046939678,33.61285484492389,6.606881964512918,0.0,0.0,0.0,0.0,0.0,0.0,0.0,11.713409359353623,0.0,5.41499046939678,33.61285484492389,0.0,0.0,0.0,0.0,20.23,0.0,0.0,0.0,0.0,12.021872433909698,12.841643245852019,0.0,0.0,0.0,20.771211599071872,5.106527394840706,0.0,0.0,0.0,8.53298611111111,0.34201388888888895,0.0,0.0,2.066527777777778,6.808472222222221,0.0,1.0,8,1,1,0,0,0,0,0,0,1,1,1,3,0,0,0,0,1.8050000000000002,35.77479999999999,0,1,1,0,0,0,0,0,0,0,0,0,0,0,0,0,0,0,0,0,0,0,0,0,0,0,0,0,0,0,0,0,0,0,0,0,0,0,0,0,0,0,0,0,0,0,0,0,0,0,0,0,0,0,0,0,0,0,0,0,0,0,0,0,0,0,0,0,0,0,0,0,0,0,0,0,0,0,0,0,0,0,0,0,0
"4,4-Dimethylpentanol",CC(C)(C)CCCO,3121-79-7,Not biofuel,8.429583333333333,0.33062499999999995,8.429583333333333,0.33062499999999995,0.5829906804555022,116.204,100.07599999999998,116.120115132,50,0,0.0430723432454141,-0.3963762037044756,0.3963762037044756,0.0430723432454141,1.25,1.75,1.875,16.249938030926856,9.908391719079821,2.0708018725364856,-2.156141379115078,2.189881850088671,-2.0448021397513605,4.591730876304441,0.25146863981472134,3.111766194388426,51.897390567231454,6.621320343559644,6.068533939059602,6.068533939059602,3.5606601717798214,3.1697811566101115,3.1697811566101115,3.387820360123074,3.387820360123074,1.0848905783050558,1.0848905783050558,0.60938702739412,0.60938702739412,-0.04,36.61600302409073,7.96,3.079539221938775,5.959999999999999,51.723137466405205,5.106527394840706,0.0,0.0,0.0,0.0,0.0,0.0,0.0,0.0,0.0,20.771211599071872,18.2566337152488,6.606881964512918,0.0,5.106527394840706,0.0,0.0,0.0,5.41499046939678,33.61285484492389,6.606881964512918,0.0,0.0,0.0,0.0,0.0,0.0,0.0,11.713409359353623,0.0,5.41499046939678,33.61285484492389,0.0,0.0,0.0,0.0,20.23,0.0,0.0,0.0,0.0,12.021872433909698,12.841643245852019,0.0,0.0,0.0,20.771211599071872,5.106527394840706,0.0,0.0,0.0,8.429583333333333,0.39159722222222215,0.0,0.0,2.048611111111111,6.880208333333334,0.0,1.0,8,1,1,0,0,0,0,0,0,1,1,1,2,0,0,0,0,1.8050000000000002,35.77479999999999,0,1,1,0,0,0,0,0,0,0,0,0,0,0,0,0,0,0,0,0,0,0,0,0,0,0,0,0,0,0,0,0,0,0,0,0,0,0,0,0,0,0,0,0,0,0,0,0,0,0,0,0,0,0,0,0,0,0,0,0,0,0,0,0,0,0,0,0,0,0,0,0,0,0,0,0,0,0,0,0,0,0,0,0,0
"2,3,3-Trimethylbutanol",CC(CO)C(C)(C)C,36794-64-6,Not biofuel,8.67039351851852,0.2586805555555556,8.67039351851852,0.2586805555555556,0.5521105528691783,116.204,100.076,116.120115132,50,0,0.046112424013096974,-0.3960776723722867,0.3960776723722867,0.046112424013096974,1.375,1.75,1.75,16.251068902500144,9.827659276575917,2.174561227063495,-2.2417726031514875,2.2341633765987803,-2.1965441666437386,4.673557738271285,0.1457762006765987,3.623281003705976,61.27730243901708,6.784457050376173,6.231670645876131,6.231670645876131,3.4813804754348494,3.0905014602651395,3.0905014602651395,3.4496471599101017,3.4496471599101017,1.7522591182328164,1.7522591182328164,0.27386127875258304,0.27386127875258304,-0.04,35.64737584844357,7.96,2.492201093530749,2.3141072195146584,51.723137466405205,5.106527394840706,0.0,0.0,0.0,0.0,0.0,0.0,0.0,0.0,0.0,27.694948798762496,11.332896515558172,6.606881964512918,0.0,5.106527394840706,0.0,0.0,0.0,11.332896515558172,27.694948798762496,6.606881964512918,0.0,0.0,0.0,0.0,0.0,0.0,0.0,11.713409359353623,0.0,11.332896515558172,27.694948798762496,0.0,0.0,0.0,0.0,20.23,0.0,0.0,0.0,5.41499046939678,12.52478801067431,0.0,0.0,0.0,0.0,27.694948798762496,5.106527394840706,0.0,0.0,0.0,8.67039351851852,0.2586805555555556,0.40509259259259245,0.0,0.0,8.749166666666667,0.0,1.0,8,1,1,0,0,0,0,0,0,1,1,1,1,0,0,0,0,1.6609,35.70479999999999,0,1,1,0,0,0,0,0,0,0,0,0,0,0,0,0,0,0,0,0,0,0,0,0,0,0,0,0,0,0,0,0,0,0,0,0,0,0,0,0,0,0,0,0,0,0,0,0,0,0,0,0,0,0,0,0,0,0,0,0,0,0,0,0,0,0,0,0,0,0,0,0,0,0,0,0,0,0,0,0,0,0,0,0,0
2-Methyl-2-hexanol,CCCCC(C)(C)O,625-23-0,Not biofuel,9.14875,-0.4484027777777777,9.14875,0.4484027777777777,0.5971696682305409,116.20399999999998,100.07599999999998,116.120115132,50,0,0.05913211846330341,-0.3904719989420869,0.3904719989420869,0.05913211846330341,1.375,1.875,2.0,16.28095993737626,10.024087370268735,2.0906888470458123,-2.1467778087271108,2.1021754400255164,-2.1693472830076423,4.626062860221546,0.06860001016699858,3.1117661943884265,51.897390567231454,6.621320343559642,6.0685339390596,6.0685339390596,3.5606601717798214,3.2842669695298,3.2842669695298,2.9159876502881983,2.9159876502881983,1.1421334847648998,1.1421334847648998,0.60938702739412,0.60938702739412,-0.04,36.61600302409073,7.96,3.079539221938775,5.959999999999999,51.7231374664052,5.106527394840706,0.0,0.0,0.0,0.0,0.0,0.0,0.0,0.0,0.0,19.765380445542643,20.268296022307258,0.0,5.601050810983688,5.106527394840706,0.0,0.0,0.0,0.0,45.63472727883358,0.0,0.0,0.0,0.0,0.0,0.0,0.0,0.0,10.707578205824394,0.0,0.0,40.0336764678499,0.0,0.0,0.0,0.0,20.23,5.601050810983688,0.0,0.0,0.0,0.0,12.841643245852019,6.4208216229260096,0.0,13.847474399381248,6.923737199690624,5.106527394840706,0.0,0.0,0.0,9.14875,-0.4484027777777777,0.0,0.0,3.2192361111111114,5.830416666666666,0.0,1.0,8,1,1,0,0,0,0,0,0,1,1,1,3,0,0,0,0,1.9475000000000002,35.822799999999994,0,1,0,0,0,0,0,0,0,0,0,0,0,0,0,0,0,0,0,0,0,0,0,0,0,0,0,0,0,0,0,0,0,0,0,0,0,0,0,0,0,0,0,0,0,0,0,0,0,0,0,0,0,0,0,0,0,0,0,0,0,0,0,0,0,0,0,0,0,0,0,0,0,0,0,0,0,0,0,0,0,0,0,0,0
3-Methyl-3-hexanol,CCCC(C)(O)CC,597-96-6,Not biofuel,9.323194444444445,-0.40798611111111094,9.323194444444445,0.40798611111111094,0.5971696682305409,116.20399999999998,100.07599999999998,116.120115132,50,0,0.06166522893358491,-0.39019470481066787,0.39019470481066787,0.06166522893358491,1.375,1.875,2.0,16.281992568843464,9.980577020997416,2.138559471446421,-2.1878217149152412,2.1402769884713586,-2.210339825890332,4.673739834222605,0.04627415493361514,3.373381552563661,57.4071655715584,6.621320343559643,6.0685339390596,6.0685339390596,3.6213203435596424,3.3449271413096215,3.3449271413096215,2.6004947355466377,2.6004947355466377,1.5502473677733188,1.5502473677733188,0.7153567894682631,0.7153567894682631,-0.04,41.8157298068742,7.96,3.079539221938775,3.026851631655436,51.723137466405205,5.106527394840706,0.0,0.0,0.0,0.0,0.0,0.0,0.0,0.0,0.0,20.268296022307258,19.765380445542643,0.0,5.601050810983688,5.106527394840706,0.0,0.0,0.0,0.0,45.634727278833594,0.0,0.0,0.0,0.0,0.0,0.0,0.0,0.0,10.707578205824394,0.0,0.0,40.0336764678499,0.0,0.0,0.0,0.0,20.23,5.601050810983688,5.106527394840706,0.0,0.0,0.0,19.26246486877803,0.0,0.0,13.847474399381248,6.923737199690624,0.0,0.0,0.0,0.0,9.323194444444445,-0.40798611111111094,0.0,0.0,2.8523611111111107,5.982430555555556,0.0,1.0,8,1,1,0,0,0,0,0,0,1,1,1,3,0,0,0,0,1.9475,35.822799999999994,0,1,0,0,0,0,0,0,0,0,0,0,0,0,0,0,0,0,0,0,0,0,0,0,0,0,0,0,0,0,0,0,0,0,0,0,0,0,0,0,0,0,0,0,0,0,0,0,0,0,0,0,0,0,0,0,0,0,0,0,0,0,0,0,0,0,0,0,0,0,0,0,0,0,0,0,0,0,0,0,0,0,0,0,0
"3,7-Dimethyl-1,6-Octadien-3-ol",CC(=CCCC(C)(C=C)O)C,78-70-6,Biofuel,9.488774565381709,-0.7024305555555554,9.488774565381709,0.7024305555555554,0.6171290071333285,154.25300000000001,136.10899999999998,154.135765196,64,0,0.07995432750166309,-0.38609150256085306,0.38609150256085306,0.07995432750166309,1.5454545454545454,2.090909090909091,2.4545454545454546,16.281474094639236,9.998868584361619,2.122344545644947,-2.161091713208651,2.130619004143483,-2.1874882813632155,4.973788312637889,0.10330402273842655,3.705911539178391,150.25571236699292,8.905777393935816,7.723234477438853,7.723234477438853,4.9771623912162095,3.9710070384606047,3.9710070384606047,3.381446490300299,3.381446490300299,1.6428131966779373,1.6428131966779373,0.7551266139270119,0.7551266139270119,-0.56,169.85318124863062,10.44,4.345263593221741,5.863728813559322,69.43875774522651,5.106527394840706,0.0,0.0,0.0,0.0,0.0,0.0,0.0,0.0,6.578935683598497,17.72514474373703,33.61285484492389,0.0,5.601050810983688,5.106527394840706,0.0,0.0,0.0,0.0,39.21390565590758,0.0,24.304080427335528,0.0,0.0,0.0,0.0,0.0,0.0,10.707578205824394,0.0,0.0,33.61285484492389,24.304080427335528,0.0,0.0,0.0,20.23,5.601050810983688,5.106527394840706,0.0,0.0,0.0,12.841643245852019,5.573104530069267,12.999757306524504,0.0,26.502430189813627,0.0,0.0,0.0,0.0,9.488774565381709,0.5937381897203329,0.0,0.0,5.381782407407408,9.452371504157217,0.0,0.6,11,1,1,0,0,0,0,0,0,1,1,1,4,0,0,0,0,2.6698000000000013,49.485800000000026,0,1,0,0,0,0,0,0,0,0,0,0,0,0,0,0,0,0,0,0,0,0,0,0,0,0,2,0,0,0,0,0,0,0,0,0,0,0,0,0,0,0,0,0,0,0,0,0,0,0,0,0,0,0,0,0,0,0,0,0,0,0,0,0,0,0,0,0,0,0,0,0,0,0,0,0,0,0,0,0,0,0,0,0,0
Tetrahydro-2-furanmethanol,C1CC(OC1)CO,97-99-4,Biofuel,8.441018518518518,0.15277777777777746,8.441018518518518,0.15277777777777746,0.510634486072128,102.133,92.053,102.06807956,42,0,0.08061179343490381,-0.39367837065173167,0.39367837065173167,0.08061179343490381,1.7142857142857142,2.5714285714285716,2.857142857142857,16.501241310067325,10.249917306864385,2.1202137500899805,-2.0005390027644987,2.0925489548655083,-2.085982298964086,4.6092295962263625,0.05911419739365557,2.1399633186493645,48.041843979966416,5.112884175122364,4.261239279899637,4.261239279899637,3.4318516525781364,2.6571017419348926,2.6571017419348926,1.8176019908498864,1.8176019908498864,1.227625422675875,1.227625422675875,0.7883292878844071,0.7883292878844071,-0.08,66.31310982742876,5.0645086705202305,2.28455463728191,1.1433103420539323,43.10096731358964,9.843390348640755,0.0,0.0,0.0,0.0,0.0,0.0,0.0,0.0,0.0,0.0,12.841643245852019,6.606881964512918,12.71084835226122,9.843390348640755,0.0,0.0,0.0,0.0,18.94560963360032,13.213763929025836,0.0,0.0,0.0,0.0,0.0,0.0,0.0,24.424257711614842,4.736862953800049,0.0,12.841643245852019,0.0,0.0,0.0,0.0,29.46,0.0,0.0,0.0,12.71084835226122,0.0,19.448525210364938,0.0,0.0,0.0,0.0,9.843390348640755,5.052083333333334,0.0,0.0,8.441018518518518,0.0,0.0,0.0,2.3072685185185184,1.032962962962963,0.0,1.0,7,1,2,0,1,1,0,0,0,2,1,2,1,0,1,1,1,0.1577,26.05979999999999,0,1,1,0,0,0,0,0,0,0,0,0,0,0,0,0,0,0,0,0,0,0,0,0,0,0,0,0,0,0,0,0,0,0,0,0,0,0,0,0,0,1,0,0,0,0,0,0,0,0,0,0,0,0,0,0,0,0,0,0,0,0,0,0,0,0,0,0,0,0,0,0,0,0,0,0,0,0,0,0,0,0,0,0,0
2-Ethoxy-1-propanol,CCOC(C)CO,19089-47-5,Not biofuel,8.34087962962963,0.004629629629629317,8.34087962962963,0.004629629629629317,0.5613868084500069,104.149,92.05299999999998,104.083729624,44,0,0.07770379047555517,-0.3936898048517757,0.3936898048517757,0.07770379047555517,1.7142857142857142,2.2857142857142856,2.4285714285714284,16.494512570764464,10.43729736160079,1.9280542153938183,-2.0439647303899675,1.8428917601729613,-2.1133561251249384,4.403594303922898,0.0324927759228275,2.8318199660707846,37.06139398862029,5.698670612749268,4.847025717526542,4.847025717526542,3.308060412490447,2.533310501847203,2.533310501847203,1.4485332046225805,1.4485332046225805,0.7082942486161398,0.7082942486161398,0.33722242453389767,0.33722242453389767,-0.08,31.916635235956914,6.92,4.088918918918919,3.758059356203318,44.10679846711887,9.843390348640755,0.0,0.0,0.0,0.0,0.0,0.0,0.0,0.0,0.0,0.0,13.847474399381248,6.606881964512918,12.71084835226122,9.843390348640755,0.0,0.0,0.0,0.0,19.95144078712955,13.213763929025836,0.0,0.0,0.0,0.0,0.0,0.0,0.0,24.424257711614842,4.736862953800049,0.0,13.847474399381248,0.0,0.0,0.0,0.0,29.46,0.0,0.0,0.0,12.71084835226122,6.606881964512918,0.0,0.0,0.0,13.847474399381248,0.0,9.843390348640755,4.940972222222222,0.0,0.0,8.34087962962963,0.0,0.0,0.0,0.004629629629629317,4.5468518518518515,0.0,1.0,7,1,2,0,0,0,0,0,0,2,1,2,3,0,0,0,0,0.4037,28.173799999999986,0,1,1,0,0,0,0,0,0,0,0,0,0,0,0,0,0,0,0,0,0,0,0,0,0,0,0,0,0,0,0,0,0,0,0,0,0,0,0,0,0,1,0,0,0,0,0,0,0,0,0,0,0,0,0,0,0,0,0,0,0,0,0,0,0,0,0,0,0,0,0,0,0,0,0,0,0,0,0,0,0,0,0,0,0
"2,3-Dihydroxy-2-methylbutane",CC(O)C(C)(C)O,5396-58-7,Not biofuel,8.844907407407408,-0.9444444444444446,8.844907407407408,0.6458333333333339,0.4964129674890688,104.14899999999999,92.05299999999998,104.083729624,44,0,0.08463510720209345,-0.39044641145625925,0.39044641145625925,0.08463510720209345,1.4285714285714286,1.5714285714285714,1.5714285714285714,16.337571301104685,10.04836118205581,2.178909694611122,-2.1917891662313775,2.048802562355672,-2.323200761712906,4.700419547774593,-0.037517647465568245,3.541196965079901,51.5907190016011,6.077350269189626,4.971777460189542,4.971777460189542,2.9433756729740645,2.347831091281579,2.347831091281579,2.329636778778719,2.329636778778719,1.0223836307293301,1.0223836307293301,0.0,0.0,-0.08,17.086166327180322,6.92,1.8010352108427676,2.595675675675676,43.787486989808,10.213054789681411,0.0,0.0,0.0,0.0,0.0,0.0,0.0,0.0,0.0,0.0,20.771211599071872,0.0,11.70501719873199,10.213054789681411,0.0,0.0,0.0,0.0,32.47622879780386,0.0,0.0,0.0,0.0,0.0,0.0,0.0,0.0,21.918071988413402,0.0,0.0,20.771211599071872,0.0,0.0,0.0,0.0,40.46,11.70501719873199,0.0,0.0,0.0,0.0,0.0,0.0,20.771211599071872,0.0,0.0,10.213054789681411,0.0,0.0,0.0,17.483796296296298,-0.9444444444444446,0.0,0.0,-0.6458333333333339,4.689814814814815,0.0,1.0,7,2,2,0,0,0,0,0,0,2,2,2,1,0,0,0,0,0.1381,27.97859999999999,0,2,1,0,0,0,0,0,0,0,0,0,0,0,0,0,0,0,0,0,0,0,0,0,0,0,0,0,0,0,0,0,0,0,0,0,0,0,0,0,0,0,0,0,0,0,0,0,0,0,0,0,0,0,0,0,0,0,0,0,0,0,0,0,0,0,0,0,0,0,0,0,0,0,0,0,0,0,0,0,0,0,0,0,0
Cyclopentanol,OC1CCCC1,96-41-3,Biofuel,8.729166666666668,0.046296296296295836,8.729166666666668,0.046296296296295836,0.46448993193719695,86.134,76.05399999999999,86.07316494,36,0,0.053984801105416404,-0.3931313823625101,0.3931313823625101,0.053984801105416404,1.1666666666666667,1.6666666666666667,1.8333333333333333,16.266161020769562,10.320349977190233,2.0865640467248188,-1.9089118857945926,2.1589041381550165,-1.9426321489480105,4.625676707883458,0.1829267375211858,2.184105569636068,37.20310343869659,4.405777393935816,3.8529909894357735,3.8529909894357735,2.893846850117352,2.5746954706748872,2.5746954706748872,1.9382805566410968,1.9382805566410968,1.324695470674887,1.324695470674887,0.9042620223220874,0.9042620223220874,-0.04,33.548875021634686,4.127785234899329,1.6056599286563615,0.716242568370987,37.987422084082766,5.106527394840706,0.0,0.0,0.0,0.0,0.0,0.0,0.0,0.0,0.0,12.841643245852019,12.841643245852019,0.0,6.103966387748303,5.106527394840706,0.0,0.0,0.0,0.0,31.78725287945234,0.0,0.0,0.0,0.0,0.0,0.0,0.0,0.0,11.210493782589008,0.0,0.0,25.683286491704038,0.0,0.0,0.0,0.0,20.23,0.0,0.0,0.0,6.103966387748303,0.0,12.841643245852019,12.841643245852019,0.0,0.0,0.0,5.106527394840706,0.0,0.0,0.0,8.729166666666668,0.0,0.0,0.0,4.604166666666666,0.0,0.0,1.0,6,1,1,1,0,1,0,0,0,1,1,1,0,1,0,1,1,0.9213,24.474799999999988,0,1,1,0,0,0,0,0,0,0,0,0,0,0,0,0,0,0,0,0,0,0,0,0,0,0,0,0,0,0,0,0,0,0,0,0,0,0,0,0,0,0,0,0,0,0,0,0,0,0,0,0,0,0,0,0,0,0,0,0,0,0,0,0,0,0,0,0,0,0,0,0,0,0,0,0,0,0,0,0,0,0,0,0,0
2-Propanone,CC(C)=O,67-64-1,Biofuel,9.444444444444445,0.16666666666666674,9.444444444444445,0.16666666666666674,0.3982369618339747,58.080000000000005,52.032000000000004,58.041864812,24,0,0.12626794356014373,-0.30034390268719197,0.30034390268719197,0.12626794356014373,1.5,1.5,1.5,16.136528004376025,10.550822254593735,1.6191254887288427,-1.5578363654489205,1.5007222223890129,-1.6913205217908904,5.7170692462328105,-0.11449259533352324,2.8030394876740514,26.264662506490403,3.5773502691896257,2.908248290463863,2.908248290463863,1.7320508075688772,1.2041241452319316,1.2041241452319316,0.9082482904638631,0.9082482904638631,0.0,0.0,0.0,0.0,-0.33,3.2451124978365313,3.67,1.0445318352059925,6.883957759412302,25.63065735666653,4.794537184071822,5.783244946364939,0.0,0.0,0.0,0.0,0.0,0.0,0.0,0.0,0.0,13.847474399381248,0.0,0.0,4.794537184071822,5.783244946364939,0.0,0.0,0.0,13.847474399381248,0.0,0.0,0.0,0.0,0.0,0.0,0.0,0.0,5.783244946364939,4.794537184071822,0.0,13.847474399381248,0.0,0.0,0.0,0.0,17.07,0.0,4.794537184071822,0.0,5.783244946364939,0.0,0.0,13.847474399381248,0.0,0.0,0.0,0.0,0.0,0.0,9.444444444444445,0.0,0.0,0.16666666666666674,0.0,0.0,3.0555555555555554,0.0,0.6666666666666666,4,0,1,0,0,0,0,0,0,1,0,1,0,0,0,0,0,0.5952999999999999,16.355,0,0,0,0,0,0,0,0,0,0,1,1,0,0,0,0,0,0,0,0,0,0,0,0,0,0,0,0,0,0,0,0,0,0,0,0,0,0,0,0,0,0,0,0,0,0,0,0,0,0,0,1,1,0,0,0,0,0,0,0,0,0,0,0,0,0,0,0,0,0,0,0,0,0,0,0,0,0,0,0,0,0,0,0,0
2-Butanone,CCC(C)=O,78-93-3,Biofuel,9.8125,0.25462962962962976,9.8125,0.25462962962962976,0.4510508050249618,72.10699999999999,64.04299999999999,72.057514876,30,0,0.12906503252603763,-0.3000423849594125,0.3000423849594125,0.12906503252603763,1.8,2.0,2.0,16.137113777124785,10.360699909217814,1.7643619483781077,-1.7110451766420998,1.7108251507906327,-1.7970119342363384,5.744224710981029,-0.11619858873065733,2.847378923087672,38.912609383243264,4.284457050376173,3.6153550716504106,3.6153550716504106,2.270055610029662,1.7647843170117528,1.7647843170117528,1.0555684937158853,1.0555684937158853,0.49789095789068016,0.49789095789068016,0.0,0.0,-0.33,9.65148445440323,4.67,1.9424795640326975,3.67,31.995599471063137,4.794537184071822,5.783244946364939,0.0,0.0,0.0,0.0,0.0,0.0,0.0,0.0,6.923737199690624,6.923737199690624,6.4208216229260096,0.0,4.794537184071822,5.783244946364939,0.0,0.0,0.0,20.268296022307258,0.0,0.0,0.0,0.0,0.0,0.0,0.0,0.0,5.783244946364939,4.794537184071822,0.0,20.268296022307258,0.0,0.0,0.0,0.0,17.07,0.0,4.794537184071822,0.0,5.783244946364939,6.4208216229260096,0.0,0.0,6.923737199690624,6.923737199690624,0.0,0.0,0.0,0.0,9.8125,0.0,0.0,0.25462962962962976,0.0,0.6666666666666666,3.4328703703703702,0.0,0.75,5,0,1,0,0,0,0,0,0,1,0,1,1,0,0,0,0,0.9854,20.971999999999994,0,0,0,0,0,0,0,0,0,0,1,1,0,0,0,0,0,0,0,0,0,0,0,0,0,0,0,0,0,0,0,0,0,0,0,0,0,0,0,0,0,0,0,0,0,0,0,0,0,0,0,1,1,0,0,0,0,0,0,0,0,0,0,0,0,0,0,0,0,0,0,0,0,0,0,0,0,0,0,0,0,0,0,0,0
3-Buten-2-one,CC(=O)C=C,78-94-4,Biofuel,9.694444444444445,0.018518518518518823,9.694444444444445,0.018518518518518823,0.4161409450120134,70.09100000000001,64.04299999999999,70.041864812,28,0,0.151523696082162,-0.29520406932855386,0.29520406932855386,0.151523696082162,2.0,2.2,2.2,16.136817559055867,10.461639349344784,1.6917280715928795,-1.6248014482369044,1.60311599623217,-1.7375790647085592,5.859767305351991,-0.11215805199471085,3.204805417886435,54.668290500398435,4.284457050376173,3.1927053408400363,3.1927053408400363,2.270055610029662,1.4010475702906073,1.4010475702906073,0.8147745552564339,0.8147745552564339,0.2874574785652648,0.2874574785652648,0.0,0.0,-0.5900000000000001,9.65148445440323,4.41,1.7032551319648097,3.410000000000001,31.305996438878882,0.0,0.0,5.783244946364939,0.0,0.0,0.0,4.794537184071822,0.0,0.0,0.0,6.578935683598497,12.999757306524504,0.0,0.0,4.794537184071822,5.783244946364939,0.0,0.0,0.0,6.923737199690624,0.0,12.654955790432378,0.0,0.0,0.0,0.0,0.0,0.0,5.783244946364939,4.794537184071822,0.0,6.923737199690624,12.654955790432378,0.0,0.0,0.0,17.07,0.0,4.794537184071822,0.0,5.783244946364939,0.0,0.0,12.999757306524504,0.0,0.0,6.578935683598497,0.0,0.0,0.0,9.694444444444445,0.0,0.0,0.018518518518518823,0.0,1.2777777777777777,4.675925925925926,0.0,0.25,5,0,1,0,0,0,0,0,0,1,0,1,1,0,0,0,0,0.7614,20.877999999999993,0,0,0,0,0,0,0,0,0,0,1,1,0,0,0,0,0,0,0,0,0,0,0,0,0,0,1,0,0,0,0,0,0,0,0,0,0,0,0,0,0,0,0,0,0,0,0,0,0,0,0,1,0,0,0,0,0,0,0,0,0,0,0,0,0,0,0,0,0,0,0,0,0,0,0,0,0,0,0,0,0,0,0,0,0
3-Methyl 2-butanone,CC(C)C(C)=O,563-80-4,Biofuel,10.143518518518519,0.2129629629629628,10.143518518518519,0.2129629629629628,0.46877109268711886,86.13399999999999,76.05399999999999,86.07316494,36,0,0.13185346222684263,-0.2997396385899406,0.2997396385899406,0.13185346222684263,1.5,1.6666666666666667,1.6666666666666667,16.137782715502052,10.142123763404964,1.94495495581206,-1.903615814121913,1.8905623662584163,-1.9811154399301927,5.768269316038383,-0.11924112613934275,3.2575861612334887,54.95878455585175,5.1547005383792515,4.485598559653489,4.485598559653489,2.6427344100918364,2.147499818205996,2.147499818205996,1.7653509484037542,1.7653509484037542,0.8130525295851417,0.8130525295851417,0.0,0.0,-0.33,13.609640474436812,5.670000000000001,1.9565136909816512,1.9424795640326975,38.360541585459735,0.0,5.783244946364939,0.0,0.0,0.0,0.0,4.794537184071822,0.0,0.0,0.0,13.847474399381248,6.923737199690624,5.917906046161393,0.0,4.794537184071822,5.783244946364939,0.0,0.0,5.917906046161393,20.771211599071872,0.0,0.0,0.0,0.0,0.0,0.0,0.0,0.0,5.783244946364939,4.794537184071822,5.917906046161393,20.771211599071872,0.0,0.0,0.0,0.0,17.07,0.0,4.794537184071822,0.0,11.701150992526333,0.0,0.0,0.0,6.923737199690624,13.847474399381248,0.0,0.0,0.0,0.0,10.143518518518519,0.0,0.0,0.4722222222222223,0.0,0.0,5.3842592592592595,0.0,0.8,6,0,1,0,0,0,0,0,0,1,0,1,1,0,0,0,0,1.2314,25.518999999999988,0,0,0,0,0,0,0,0,0,0,1,1,0,0,0,0,0,0,0,0,0,0,0,0,0,0,0,0,0,0,0,0,0,0,0,0,0,0,0,0,0,0,0,0,0,0,0,0,0,0,0,1,1,0,0,0,0,0,0,0,0,0,0,0,0,0,0,0,0,0,0,0,0,0,0,0,0,0,0,0,0,0,0,0,0
2-Pentanone,CCCC(C)=O,107-87-9,Biofuel,10.04375,0.2893518518518521,10.04375,0.2893518518518521,0.4957688321065222,86.13399999999999,76.05399999999999,86.07316494,36,0,0.12932953227060026,-0.30003121331851546,0.30003121331851546,0.12932953227060026,1.6666666666666667,2.1666666666666665,2.1666666666666665,16.137161377899332,10.257037702897286,1.8325938374821737,-1.8015786707385293,1.8393110519916285,-1.8402587953823883,5.747426571459517,-0.11653045458848853,2.831257109931365,47.900134529890124,4.99156383156272,4.322461852836958,4.322461852836958,2.770055610029662,2.2647843170117525,2.2647843170117525,1.4520151031226116,1.4520151031226116,0.6020620726159657,0.6020620726159657,0.35206207261596567,0.35206207261596567,-0.33,14.834466856136647,5.670000000000001,2.884132762312634,3.67,38.36054158545974,4.794537184071822,5.783244946364939,0.0,0.0,0.0,0.0,0.0,0.0,0.0,0.0,6.923737199690624,13.344558822616634,6.4208216229260096,0.0,4.794537184071822,5.783244946364939,0.0,0.0,0.0,26.689117645233267,0.0,0.0,0.0,0.0,0.0,0.0,0.0,0.0,5.783244946364939,4.794537184071822,0.0,26.689117645233267,0.0,0.0,0.0,0.0,17.07,0.0,4.794537184071822,0.0,5.783244946364939,0.0,12.841643245852019,0.0,6.923737199690624,6.923737199690624,0.0,0.0,0.0,0.0,10.04375,0.0,0.0,0.2893518518518521,0.0,1.7175925925925926,3.615972222222222,0.0,0.8,6,0,1,0,0,0,0,0,0,1,0,1,2,0,0,0,0,1.3755,25.588999999999988,0,0,0,0,0,0,0,0,0,0,1,1,0,0,0,0,0,0,0,0,0,0,0,0,0,0,0,0,0,0,0,0,0,0,0,0,0,0,0,0,0,0,0,0,0,0,0,0,0,0,0,1,1,0,0,0,0,0,0,0,0,0,0,0,0,0,0,0,0,0,0,0,0,0,0,0,0,0,0,0,0,0,0,0,0
3-Pentanone,CCC(=O)CC,96-22-0,Biofuel,10.180555555555555,0.342592592592593,10.180555555555555,0.342592592592593,0.4957688321065222,86.134,76.054,86.07316494,36,0,0.13186152172966464,-0.2997406513908195,0.2997406513908195,0.13186152172966464,1.3333333333333333,1.6666666666666667,1.6666666666666667,16.13770405136894,10.250042925844223,1.8625884936488524,-1.8087766781044416,1.8249499239166267,-1.8767940623440593,5.770114341262289,-0.11794492463097392,2.9881608821342693,41.900134529890124,4.99156383156272,4.322461852836958,4.322461852836958,2.808060412490447,2.325444488791574,2.325444488791574,1.2457819157813603,1.2457819157813603,0.7886751345948128,0.7886751345948128,0.24999999999999994,0.24999999999999994,-0.33,19.800269059780252,5.670000000000001,2.884132762312634,1.9424795640326975,38.36054158545974,0.0,5.783244946364939,0.0,0.0,0.0,0.0,4.794537184071822,0.0,0.0,0.0,13.847474399381248,0.0,12.841643245852019,0.0,4.794537184071822,5.783244946364939,0.0,0.0,0.0,26.689117645233267,0.0,0.0,0.0,0.0,0.0,0.0,0.0,0.0,5.783244946364939,4.794537184071822,0.0,26.689117645233267,0.0,0.0,0.0,0.0,17.07,0.0,4.794537184071822,0.0,0.0,18.624888192216957,0.0,0.0,0.0,13.847474399381248,0.0,0.0,0.0,0.0,10.180555555555555,0.0,0.0,0.342592592592593,0.0,1.3819444444444442,3.761574074074074,0.0,0.8,6,0,1,0,0,0,0,0,0,1,0,1,2,0,0,0,0,1.3755,25.588999999999988,0,0,0,0,0,0,0,0,0,0,1,1,0,0,0,0,0,0,0,0,0,0,0,0,0,0,0,0,0,0,0,0,0,0,0,0,0,0,0,0,0,0,0,0,0,0,0,0,0,0,0,1,1,0,0,0,0,0,0,0,0,0,0,0,0,0,0,0,0,0,0,0,0,0,0,0,0,0,0,0,0,0,0,0,0
Cyclopropyl methyl ketone,CC(=O)C1CC1,765-43-5,Not biofuel,10.206018518518519,0.3703703703703709,10.206018518518519,0.3703703703703709,0.4626298374115389,84.11800000000001,76.05399999999999,84.057514876,34,0,0.13240547692262514,-0.299716795868436,0.299716795868436,0.13240547692262514,1.6666666666666667,2.1666666666666665,2.1666666666666665,16.13826180694673,10.304943727470873,2.248427270456426,-1.751888182863149,2.2853269020756333,-1.880175445469869,5.798885589266221,-0.11763132186994328,2.3076098467926744,72.00763013991067,4.568914100752346,3.899812122026584,3.899812122026584,2.8045304526403108,2.3092958607544705,2.3092958607544705,1.8849241042728042,1.8849241042728042,1.1522652263201554,1.1522652263201554,0.4898595981259042,0.4898595981259042,-0.33,41.277302439017085,3.84636684303351,1.0691983531903537,0.5880806897900375,37.35471043193051,0.0,5.783244946364939,0.0,0.0,0.0,0.0,4.794537184071822,0.0,0.0,0.0,0.0,19.765380445542643,5.917906046161393,0.0,4.794537184071822,5.783244946364939,0.0,0.0,5.917906046161393,19.765380445542643,0.0,0.0,0.0,0.0,0.0,0.0,0.0,0.0,5.783244946364939,4.794537184071822,5.917906046161393,19.765380445542643,0.0,0.0,0.0,0.0,17.07,0.0,4.794537184071822,0.0,0.0,11.701150992526333,12.841643245852019,0.0,6.923737199690624,0.0,0.0,0.0,0.0,0.0,10.206018518518519,0.0,0.0,0.8333333333333337,0.0,2.2962962962962963,1.6643518518518519,0.0,0.8,6,0,1,1,0,1,0,0,0,1,0,1,1,1,0,1,1,0.9854,23.40499999999999,0,0,0,0,0,0,0,0,0,0,1,1,0,0,0,0,0,0,0,0,0,0,0,0,0,0,0,0,0,0,0,0,0,0,0,0,0,0,0,0,0,0,0,0,0,0,0,0,0,0,0,1,1,0,0,0,0,0,0,0,0,0,0,0,0,0,0,0,0,0,0,0,0,0,0,0,0,0,0,0,0,0,0,0,0
2-Methyl 3-pentanone,CCC(=O)C(C)C,565-69-5,Biofuel,10.511574074074074,0.22685185185185164,10.511574074074074,0.22685185185185164,0.5150193170931499,100.16099999999999,88.065,100.088815004,42,0,0.13464934930726752,-0.2994376886755307,0.2994376886755307,0.13464934930726752,1.5714285714285714,2.0,2.0,16.13837811534196,10.087147944105924,2.002514536427378,-1.9553914876137377,1.9519348358809168,-2.028512911907476,5.792995716999868,-0.12105844552252293,3.3530759537985286,64.58027134782355,5.8618073195657985,5.192705340840036,5.192705340840036,3.1807392125526213,2.708159989985817,2.708159989985817,1.974566771699621,1.974566771699621,0.9924122633887169,0.9924122633887169,0.408248290463863,0.408248290463863,-0.33,27.977093296928835,6.670000000000001,2.779490232395047,2.3754673721340387,44.72548369985634,0.0,5.783244946364939,0.0,0.0,0.0,0.0,4.794537184071822,0.0,0.0,0.0,20.771211599071872,0.0,12.338727669087403,0.0,4.794537184071822,5.783244946364939,0.0,0.0,5.917906046161393,27.19203322199788,0.0,0.0,0.0,0.0,0.0,0.0,0.0,0.0,5.783244946364939,4.794537184071822,5.917906046161393,27.19203322199788,0.0,0.0,0.0,0.0,17.07,0.0,4.794537184071822,0.0,5.917906046161393,12.204066569290948,0.0,0.0,0.0,20.771211599071872,0.0,0.0,0.0,0.0,10.511574074074074,0.0,0.0,0.5740740740740742,0.0,0.6782407407407406,5.736111111111111,0.0,0.8333333333333334,7,0,1,0,0,0,0,0,0,1,0,1,2,0,0,0,0,1.6215,30.13599999999998,0,0,0,0,0,0,0,0,0,0,1,1,0,0,0,0,0,0,0,0,0,0,0,0,0,0,0,0,0,0,0,0,0,0,0,0,0,0,0,0,0,0,0,0,0,0,0,0,0,0,0,1,1,0,0,0,0,0,0,0,0,0,0,0,0,0,0,0,0,0,0,0,0,0,0,0,0,0,0,0,0,0,0,0,0
4-Methyl 2-pentanone,CC(C)CC(C)=O,108-10-1,Biofuel,10.254166666666666,0.2870370370370372,10.254166666666666,0.2870370370370372,0.5150193170931499,100.16099999999999,88.06499999999998,100.088815004,42,0,0.1295951211737158,-0.3000199627172533,0.3000199627172533,0.1295951211737158,1.5714285714285714,2.0,2.0,16.137215822963533,10.097599154108249,1.9480787956992212,-1.9512962259758184,1.9728827182579018,-1.949506612984999,5.750462716241886,-0.11716490653845879,3.126006652390634,64.58027134782355,5.8618073195657985,5.192705340840036,5.192705340840036,3.125897657686229,2.62062636466832,2.62062636466832,2.299986098471895,2.299986098471895,0.695705769029128,0.695705769029128,0.5749149571305296,0.5749149571305296,-0.33,19.093583929800843,6.670000000000001,2.779490232395047,5.669999999999999,44.72548369985635,4.794537184071822,5.783244946364939,0.0,0.0,0.0,0.0,0.0,0.0,0.0,0.0,13.847474399381248,12.841643245852017,6.4208216229260096,0.0,4.794537184071822,5.783244946364939,0.0,0.0,5.917906046161393,27.19203322199788,0.0,0.0,0.0,0.0,0.0,0.0,0.0,0.0,5.783244946364939,4.794537184071822,5.917906046161393,27.19203322199788,0.0,0.0,0.0,0.0,17.07,0.0,4.794537184071822,0.0,5.783244946364939,5.917906046161393,6.4208216229260096,0.0,6.923737199690624,13.847474399381248,0.0,0.0,0.0,0.0,10.254166666666666,0.0,0.0,0.8125,0.0,0.7222222222222222,5.711111111111111,0.0,0.8333333333333334,7,0,1,0,0,0,0,0,0,1,0,1,2,0,0,0,0,1.6215,30.13599999999998,0,0,0,0,0,0,0,0,0,0,1,1,0,0,0,0,0,0,0,0,0,0,0,0,0,0,0,0,0,0,0,0,0,0,0,0,0,0,0,0,0,0,0,0,0,0,0,0,0,0,0,1,1,0,0,0,0,0,0,0,0,0,0,0,0,0,0,0,0,0,0,0,0,0,0,0,0,0,0,0,0,0,0,0,0
3-Methyl 2-pentanone,CCC(C)C(C)=O,565-61-7,Biofuel,10.374768518518518,0.2638888888888886,10.374768518518518,0.2638888888888886,0.5150193170931499,100.16099999999999,88.06499999999998,100.088815004,42,0,0.13211849696289976,-0.29972841703689923,0.29972841703689923,0.13211849696289976,1.7142857142857142,2.142857142857143,2.142857142857143,16.13783676491688,10.062860446383414,2.0060547300585396,-1.9783999977733124,1.9885269944812476,-2.0250396373541637,5.771809625051745,-0.11979378196301764,3.3434170589539596,66.58027134782354,5.8618073195657985,5.192705340840036,5.192705340840036,3.1807392125526213,2.685504620666781,2.685504620666781,1.9199462707789727,1.9199462707789727,1.3063561790536302,1.3063561790536302,0.2874574785652648,0.2874574785652648,-0.33,27.977093296928835,6.670000000000001,2.779490232395047,2.3754673721340387,44.72548369985635,0.0,5.783244946364939,0.0,0.0,0.0,0.0,4.794537184071822,0.0,0.0,0.0,13.847474399381248,13.344558822616634,5.917906046161393,0.0,4.794537184071822,5.783244946364939,0.0,0.0,5.917906046161393,27.19203322199788,0.0,0.0,0.0,0.0,0.0,0.0,0.0,0.0,5.783244946364939,4.794537184071822,5.917906046161393,27.19203322199788,0.0,0.0,0.0,0.0,17.07,0.0,4.794537184071822,0.0,5.917906046161393,5.783244946364939,6.4208216229260096,0.0,6.923737199690624,13.847474399381248,0.0,0.0,0.0,0.0,10.374768518518518,0.0,0.0,0.5578703703703702,0.0,0.9675925925925926,5.599768518518519,0.0,0.8333333333333334,7,0,1,0,0,0,0,0,0,1,0,1,2,0,0,0,0,1.6215,30.13599999999998,0,0,0,0,0,0,0,0,0,0,1,1,0,0,0,0,0,0,0,0,0,0,0,0,0,0,0,0,0,0,0,0,0,0,0,0,0,0,0,0,0,0,0,0,0,0,0,0,0,0,0,1,1,0,0,0,0,0,0,0,0,0,0,0,0,0,0,0,0,0,0,0,0,0,0,0,0,0,0,0,0,0,0,0,0
"3,3-Dimethyl-2-butanone",CC(=O)C(C)(C)C,75-97-8,Not biofuel,10.465277777777779,-0.13888888888888884,10.465277777777779,0.13888888888888884,0.4517892989299219,100.16099999999999,88.06499999999998,100.088815004,42,0,0.13463290995980942,-0.29943568716997876,0.29943568716997876,0.13463290995980942,1.2857142857142858,1.4285714285714286,1.4285714285714286,16.138553753159492,9.922643062471908,2.1415766004618044,-2.1078439716276973,2.1210016087086565,-2.1492386431827475,5.803844802470328,-0.12352134058164473,3.7911184170869663,76.67103446305711,6.077350269189626,5.408248290463863,5.408248290463863,2.9433756729740645,2.4541241452319316,2.4541241452319316,2.8061862178478973,2.8061862178478973,1.0561862178478973,1.0561862178478973,0.0,0.0,-0.33,17.086166327180322,6.670000000000001,1.6450481914728035,2.3754673721340387,44.725483699856355,0.0,5.783244946364939,0.0,0.0,0.0,0.0,4.794537184071822,0.0,0.0,0.0,20.771211599071872,6.923737199690624,5.41499046939678,0.0,4.794537184071822,5.783244946364939,0.0,0.0,5.41499046939678,27.694948798762496,0.0,0.0,0.0,0.0,0.0,0.0,0.0,0.0,5.783244946364939,4.794537184071822,5.41499046939678,27.694948798762496,0.0,0.0,0.0,0.0,17.07,0.0,4.794537184071822,0.0,11.198235415761719,0.0,0.0,0.0,6.923737199690624,20.771211599071872,0.0,0.0,0.0,0.0,10.465277777777779,0.0,-0.13888888888888884,0.24305555555555602,0.0,0.0,7.347222222222222,0.0,0.8333333333333334,7,0,1,0,0,0,0,0,0,1,0,1,0,0,0,0,0,1.6215,30.13599999999998,0,0,0,0,0,0,0,0,0,0,1,1,0,0,0,0,0,0,0,0,0,0,0,0,0,0,0,0,0,0,0,0,0,0,0,0,0,0,0,0,0,0,0,0,0,0,0,0,0,0,0,1,1,0,0,0,0,0,0,0,0,0,0,0,0,0,0,0,0,0,0,0,0,0,0,0,0,0,0,0,0,0,0,0,0
2-Hexanone,CCCCC(C)=O,591-78-6,Biofuel,10.202638888888888,0.30726851851851866,10.202638888888888,0.30726851851851866,0.5278529243600644,100.16099999999999,88.06499999999998,100.088815004,42,0,0.1293397726031704,-0.30003102499487694,0.30003102499487694,0.1293397726031704,1.5714285714285714,2.142857142857143,2.2857142857142856,16.137167305452795,10.193938925165142,1.869658923824491,-1.8611399014949912,1.9211620106898817,-1.861067763114163,5.74784421237629,-0.116612302955951,2.8219389370591843,57.20035947603792,5.698670612749268,5.029568634023505,5.029568634023505,3.270055610029662,2.7647843170117525,2.7647843170117525,1.8055684937158853,1.8055684937158853,0.8823921585058763,0.8823921585058763,0.4257221742419769,0.4257221742419769,-0.33,29.01955000865388,6.670000000000001,3.84636684303351,5.669999999999999,44.72548369985635,4.794537184071822,5.783244946364939,0.0,0.0,0.0,0.0,0.0,0.0,0.0,0.0,13.344558822616634,13.344558822616634,6.4208216229260096,0.0,4.794537184071822,5.783244946364939,0.0,0.0,0.0,33.10993926815928,0.0,0.0,0.0,0.0,0.0,0.0,0.0,0.0,5.783244946364939,4.794537184071822,0.0,33.10993926815928,0.0,0.0,0.0,0.0,17.07,0.0,4.794537184071822,0.0,0.0,5.783244946364939,19.26246486877803,0.0,6.923737199690624,0.0,6.923737199690624,0.0,0.0,0.0,10.202638888888888,0.0,0.0,0.30726851851851866,0.0,2.935925925925926,3.720833333333333,0.0,0.8333333333333334,7,0,1,0,0,0,0,0,0,1,0,1,3,0,0,0,0,1.7656,30.20599999999998,0,0,0,0,0,0,0,0,0,0,1,1,0,0,0,0,0,0,0,0,0,0,0,0,0,0,0,0,0,0,0,0,0,0,0,0,0,0,0,0,0,0,0,0,0,0,0,0,0,0,0,1,1,0,0,0,0,0,0,0,0,0,0,0,0,0,0,0,0,0,0,0,0,0,0,0,0,0,0,0,0,0,0,0,0
3-Hexanone,CCCC(=O)CC,589-38-8,Biofuel,10.411805555555556,0.3773148148148151,10.411805555555556,0.3773148148148151,0.5278529243600644,100.16099999999999,88.06499999999998,100.088815004,42,0,0.13212600552878578,-0.29972947052577087,0.29972947052577087,0.13212600552878578,1.4285714285714286,2.0,2.142857142857143,16.13775208218127,10.185766966503977,1.9079179645612985,-1.8671904498954868,1.9040760276757154,-1.907808344360004,5.773123157473764,-0.11828476624552459,3.002590528674132,57.200359476037924,5.698670612749268,5.029568634023505,5.029568634023505,3.308060412490447,2.825444488791574,2.825444488791574,1.6422285251880864,1.6422285251880864,0.923176335210009,0.923176335210009,0.4556154632092394,0.4556154632092394,-0.33,31.916635235956914,6.670000000000001,3.84636684303351,3.5017200775830046,44.725483699856355,0.0,5.783244946364939,0.0,0.0,0.0,0.0,4.794537184071822,0.0,0.0,0.0,13.847474399381248,6.4208216229260096,12.841643245852019,0.0,4.794537184071822,5.783244946364939,0.0,0.0,0.0,33.10993926815928,0.0,0.0,0.0,0.0,0.0,0.0,0.0,0.0,5.783244946364939,4.794537184071822,0.0,33.10993926815928,0.0,0.0,0.0,0.0,17.07,0.0,4.794537184071822,0.0,0.0,12.204066569290948,12.841643245852019,0.0,0.0,13.847474399381248,0.0,0.0,0.0,0.0,10.411805555555556,0.0,0.0,0.3773148148148151,0.0,2.45537037037037,3.9221759259259255,0.0,0.8333333333333334,7,0,1,0,0,0,0,0,0,1,0,1,3,0,0,0,0,1.7656,30.20599999999998,0,0,0,0,0,0,0,0,0,0,1,1,0,0,0,0,0,0,0,0,0,0,0,0,0,0,0,0,0,0,0,0,0,0,0,0,0,0,0,0,0,0,0,0,0,0,0,0,0,0,0,1,1,0,0,0,0,0,0,0,0,0,0,0,0,0,0,0,0,0,0,0,0,0,0,0,0,0,0,0,0,0,0,0,0
"3,3-Dimethyl-2-pentanone",CCC(C)(C)C(C)=O,20669-04-9,Not biofuel,10.696527777777778,-0.09722222222222232,10.696527777777778,0.09722222222222232,0.536367304881274,114.18799999999997,100.07599999999998,114.104465068,48,0,0.13489845060003824,-0.29942441703289835,0.29942441703289835,0.13489845060003824,1.5,1.875,1.875,16.13861573231977,9.863386165040996,2.1923362596051286,-2.1655760832698863,2.1916192466247884,-2.1885302741785093,5.807874066661209,-0.12447498998713041,3.9084966379068447,92.55994821726517,6.784457050376174,6.115355071650411,6.115355071650411,3.5040358447538855,3.0147843170117525,3.0147843170117525,2.7936230849243553,2.7936230849243553,1.836953100660456,1.836953100660456,0.24894547894534008,0.24894547894534008,-0.33,38.3366927298978,7.669999999999999,2.2931845310981096,1.6450481914728035,51.09042581425296,0.0,5.783244946364939,0.0,0.0,0.0,0.0,4.794537184071822,0.0,0.0,0.0,20.771211599071872,13.344558822616634,5.41499046939678,0.0,4.794537184071822,5.783244946364939,0.0,0.0,5.41499046939678,34.11577042168851,0.0,0.0,0.0,0.0,0.0,0.0,0.0,0.0,5.783244946364939,4.794537184071822,5.41499046939678,34.11577042168851,0.0,0.0,0.0,0.0,17.07,0.0,4.794537184071822,0.0,11.198235415761719,0.0,6.4208216229260096,0.0,6.923737199690624,20.771211599071872,0.0,0.0,0.0,0.0,10.696527777777778,0.0,-0.09722222222222232,0.2777777777777779,0.0,0.9328703703703703,7.606712962962963,0.0,0.8571428571428571,8,0,1,0,0,0,0,0,0,1,0,1,2,0,0,0,0,2.0116,34.752999999999986,0,0,0,0,0,0,0,0,0,0,1,1,0,0,0,0,0,0,0,0,0,0,0,0,0,0,0,0,0,0,0,0,0,0,0,0,0,0,0,0,0,0,0,0,0,0,0,0,0,0,0,1,1,0,0,0,0,0,0,0,0,0,0,0,0,0,0,0,0,0,0,0,0,0,0,0,0,0,0,0,0,0,0,0,0
"4,4-Dimethyl-2-pentanone",CC(=O)CC(C)(C)C,590-50-1,Not biofuel,10.459375000000001,0.17245370370370372,10.459375000000001,0.17245370370370372,0.5093224320943074,114.18799999999999,100.07599999999998,114.104465068,48,0,0.12986177723254563,-0.30000863349108103,0.30000863349108103,0.12986177723254563,1.375,1.75,1.75,16.137278701937234,9.905130549877796,2.110799784786081,-2.1390607379026454,2.1731228426234104,-2.090224943093109,5.755310124991532,-0.11813650368481066,3.5512529243669313,87.05017321293822,6.784457050376173,6.115355071650411,6.115355071650411,3.4165022194363885,2.911230926418479,2.911230926418479,3.4394519701990696,3.4394519701990696,0.7792755648352507,0.7792755648352507,0.7468364368360204,0.7468364368360204,-0.33,23.005390496014627,7.669999999999999,2.2931845310981096,5.670000000000001,51.09042581425295,4.794537184071822,5.783244946364939,0.0,0.0,0.0,0.0,0.0,0.0,0.0,0.0,20.771211599071872,12.338727669087405,6.4208216229260096,0.0,4.794537184071822,5.783244946364939,0.0,0.0,5.41499046939678,34.11577042168851,0.0,0.0,0.0,0.0,0.0,0.0,0.0,0.0,5.783244946364939,4.794537184071822,5.41499046939678,34.11577042168851,0.0,0.0,0.0,0.0,17.07,0.0,4.794537184071822,0.0,11.198235415761719,6.4208216229260096,0.0,0.0,6.923737199690624,0.0,20.771211599071872,0.0,0.0,0.0,10.459375000000001,0.0,0.17245370370370372,0.27546296296296346,0.0,0.6874999999999999,7.821874999999999,0.0,0.8571428571428571,8,0,1,0,0,0,0,0,0,1,0,1,1,0,0,0,0,2.0116,34.752999999999986,0,0,0,0,0,0,0,0,0,0,1,1,0,0,0,0,0,0,0,0,0,0,0,0,0,0,0,0,0,0,0,0,0,0,0,0,0,0,0,0,0,0,0,0,0,0,0,0,0,0,0,1,1,0,0,0,0,0,0,0,0,0,0,0,0,0,0,0,0,0,0,0,0,0,0,0,0,0,0,0,0,0,0,0,0
"3,4-Dimethyl-2-pentanone",CC(C)C(C)C(C)=O,565-78-6,Not biofuel,10.585185185185185,0.23148148148148118,10.585185185185185,0.23148148148148118,0.535255688692322,114.18799999999999,100.07599999999998,114.104465068,48,0,0.1323846182409736,-0.2997171162720788,0.2997171162720788,0.1323846182409736,1.25,1.625,1.625,16.1378986223573,9.947507038625213,2.0981533767481566,-2.0907091634410073,2.0866218821248426,-2.119812224413779,5.775146861594281,-0.12087237089030554,3.6376825478398387,84.38761556290451,6.732050807568877,6.062948828843115,6.062948828843115,3.5534180126147956,3.0581834207289558,3.0581834207289558,2.6433424804756083,2.6433424804756083,1.6412343132032152,1.6412343132032152,0.4694160968212878,0.4694160968212878,-0.33,39.36806555425064,7.669999999999999,2.852684594293651,2.101967961325131,51.09042581425296,0.0,5.783244946364939,0.0,0.0,0.0,0.0,4.794537184071822,0.0,0.0,0.0,20.771211599071872,12.841643245852017,5.917906046161393,0.0,4.794537184071822,5.783244946364939,0.0,0.0,11.835812092322787,27.694948798762496,0.0,0.0,0.0,0.0,0.0,0.0,0.0,0.0,5.783244946364939,4.794537184071822,11.835812092322787,27.694948798762496,0.0,0.0,0.0,0.0,17.07,0.0,4.794537184071822,0.0,5.917906046161393,11.701150992526333,0.0,0.0,6.923737199690624,6.923737199690624,13.847474399381248,0.0,0.0,0.0,10.585185185185185,0.0,0.0,1.0162037037037035,0.0,0.0,7.731944444444444,0.0,0.8571428571428571,8,0,1,0,0,0,0,0,0,1,0,1,2,0,0,0,0,1.8675,34.682999999999986,0,0,0,0,0,0,0,0,0,0,1,1,0,0,0,0,0,0,0,0,0,0,0,0,0,0,0,0,0,0,0,0,0,0,0,0,0,0,0,0,0,0,0,0,0,0,0,0,0,0,0,1,1,0,0,0,0,0,0,0,0,0,0,0,0,0,0,0,0,0,0,0,0,0,0,0,0,0,0,0,0,0,0,0,0
"2,4-Dimethyl-3-pentanone",CC(C)C(=O)C(C)C,565-80-0,Not biofuel,10.842592592592592,0.2037037037037035,10.842592592592592,0.2037037037037035,0.535255688692322,114.18799999999997,100.07599999999998,114.104465068,48,0,0.13743657236969856,-0.29913450910399353,0.29913450910399353,0.13743657236969856,1.0,1.25,1.25,16.13905801458335,9.990897678643151,2.094259246159479,-2.0451939973822637,2.030268255837654,-2.128970846444057,5.8148204352311845,-0.12429639222425334,3.65123357893369,72.38761556290453,6.732050807568877,6.062948828843115,6.062948828843115,3.5534180126147956,3.0908754911800607,3.0908754911800607,2.7117700038206856,2.7117700038206856,1.1380711874576988,1.1380711874576988,0.6666666666666669,0.6666666666666669,-0.33,39.36806555425064,7.669999999999999,2.852684594293651,2.101967961325131,51.09042581425295,0.0,5.783244946364939,0.0,0.0,0.0,0.0,4.794537184071822,0.0,0.0,0.0,27.694948798762496,0.0,11.835812092322787,0.0,4.794537184071822,5.783244946364939,0.0,0.0,11.835812092322787,27.694948798762496,0.0,0.0,0.0,0.0,0.0,0.0,0.0,0.0,5.783244946364939,4.794537184071822,11.835812092322787,27.694948798762496,0.0,0.0,0.0,0.0,17.07,0.0,4.794537184071822,0.0,11.835812092322787,5.783244946364939,0.0,0.0,0.0,27.694948798762496,0.0,0.0,0.0,0.0,10.842592592592592,0.0,0.0,0.7592592592592593,0.0,0.0,7.731481481481482,0.0,0.8571428571428571,8,0,1,0,0,0,0,0,0,1,0,1,2,0,0,0,0,1.8675,34.682999999999986,0,0,0,0,0,0,0,0,0,0,1,1,0,0,0,0,0,0,0,0,0,0,0,0,0,0,0,0,0,0,0,0,0,0,0,0,0,0,0,0,0,0,0,0,0,0,0,0,0,0,0,1,1,0,0,0,0,0,0,0,0,0,0,0,0,0,0,0,0,0,0,0,0,0,0,0,0,0,0,0,0,0,0,0,0
3-Ethyl-2-pentanone,CCC(CC)C(C)=O,6137/3/7,Not biofuel,10.606018518518518,0.31481481481481466,10.606018518518518,0.31481481481481466,0.5481896504339717,114.18799999999999,100.07599999999998,114.104465068,48,0,0.13238375916357814,-0.2997171844178952,0.2997171844178952,0.13238375916357814,1.375,1.75,1.75,16.137891341109064,9.997576299419583,2.060345382528751,-2.0407952632840862,2.064797971523457,-2.065937790466954,5.775393365555966,-0.12039291131967175,3.5208600674451374,72.45601115561732,6.568914100752346,5.899812122026583,5.899812122026583,3.718744015013406,3.223509423127566,3.223509423127566,2.1240704160109045,2.1240704160109045,1.5605135167840185,1.5605135167840185,0.8635900917253426,0.8635900917253426,-0.33,47.19725257297226,7.669999999999999,3.645030979671556,2.101967961325131,51.09042581425296,0.0,5.783244946364939,0.0,0.0,0.0,0.0,4.794537184071822,0.0,0.0,0.0,13.847474399381248,19.765380445542643,5.917906046161393,0.0,4.794537184071822,5.783244946364939,0.0,0.0,5.917906046161393,33.61285484492389,0.0,0.0,0.0,0.0,0.0,0.0,0.0,0.0,5.783244946364939,4.794537184071822,5.917906046161393,33.61285484492389,0.0,0.0,0.0,0.0,17.07,0.0,4.794537184071822,0.0,0.0,11.701150992526333,12.841643245852019,0.0,6.923737199690624,0.0,13.847474399381248,0.0,0.0,0.0,10.606018518518518,0.0,0.0,0.6435185185185186,0.0,1.9837962962962963,5.766666666666667,0.0,0.8571428571428571,8,0,1,0,0,0,0,0,0,1,0,1,3,0,0,0,0,2.0116,34.752999999999986,0,0,0,0,0,0,0,0,0,0,1,1,0,0,0,0,0,0,0,0,0,0,0,0,0,0,0,0,0,0,0,0,0,0,0,0,0,0,0,0,0,0,0,0,0,0,0,0,0,0,0,1,1,0,0,0,0,0,0,0,0,0,0,0,0,0,0,0,0,0,0,0,0,0,0,0,0,0,0,0,0,0,0,0,0
3-Methyl-2-hexanone,CCCC(C)C(C)=O,2550-21-2,Biofuel,10.533657407407407,0.27777777777777746,10.533657407407407,0.27777777777777746,0.5481896504339717,114.18799999999999,100.07599999999998,114.104465068,48,0,0.13212877535324435,-0.2997282277068503,0.2997282277068503,0.13212877535324435,1.625,2.125,2.25,16.137843323027063,10.027828041696196,2.0304719547877594,-2.013503380373563,2.0389896212231147,-2.0401060576874226,5.772263503355074,-0.11992618210694862,3.3180871972839956,76.45601115561732,6.568914100752346,5.899812122026583,5.899812122026583,3.6807392125526213,3.185504620666781,3.185504620666781,2.300373114909923,2.300373114909923,1.4156715798448678,1.4156715798448678,0.6362758342885046,0.6362758342885046,-0.33,45.11498676384928,7.669999999999999,3.645030979671556,2.779490232395047,51.09042581425296,0.0,5.783244946364939,0.0,0.0,0.0,0.0,4.794537184071822,0.0,0.0,0.0,20.268296022307258,13.344558822616634,5.917906046161393,0.0,4.794537184071822,5.783244946364939,0.0,0.0,5.917906046161393,33.61285484492389,0.0,0.0,0.0,0.0,0.0,0.0,0.0,0.0,5.783244946364939,4.794537184071822,5.917906046161393,33.61285484492389,0.0,0.0,0.0,0.0,17.07,0.0,4.794537184071822,0.0,5.917906046161393,5.783244946364939,12.841643245852019,0.0,6.923737199690624,6.923737199690624,6.923737199690624,0.0,0.0,0.0,10.533657407407407,0.0,0.0,0.5896759259259259,0.0,2.148888888888889,5.727777777777778,0.0,0.8571428571428571,8,0,1,0,0,0,0,0,0,1,0,1,3,0,0,0,0,2.0116,34.752999999999986,0,0,0,0,0,0,0,0,0,0,1,1,0,0,0,0,0,0,0,0,0,0,0,0,0,0,0,0,0,0,0,0,0,0,0,0,0,0,0,0,0,0,0,0,0,0,0,0,0,0,0,1,1,0,0,0,0,0,0,0,0,0,0,0,0,0,0,0,0,0,0,0,0,0,0,0,0,0,0,0,0,0,0,0,0
4-Methyl-2-hexanone,CCC(C)CC(C)=O,105-42-0,Biofuel,10.413055555555555,0.304953703703704,10.413055555555555,0.304953703703704,0.5481896504339717,114.18799999999999,100.07599999999998,114.104465068,48,0,0.12960541072006304,-0.30001977333745805,0.30001977333745805,0.12960541072006304,1.625,2.125,2.25,16.137222406582836,10.033462780819404,1.9957024367151612,-2.0147901377471142,2.048373892347072,-1.9847173697266998,5.750959277547966,-0.11730582032735612,3.2364267831001374,76.45601115561732,6.568914100752346,5.899812122026583,5.899812122026583,3.663902460147014,3.158631167129105,3.158631167129105,2.419559254340945,2.419559254340945,1.3328426161532787,1.3328426161532787,0.6350581782589567,0.6350581782589567,-0.33,42.84459140699416,7.669999999999999,3.645030979671556,3.84636684303351,51.09042581425296,4.794537184071822,5.783244946364939,0.0,0.0,0.0,0.0,0.0,0.0,0.0,0.0,20.268296022307258,12.841643245852017,6.4208216229260096,0.0,4.794537184071822,5.783244946364939,0.0,0.0,5.917906046161393,33.61285484492389,0.0,0.0,0.0,0.0,0.0,0.0,0.0,0.0,5.783244946364939,4.794537184071822,5.917906046161393,33.61285484492389,0.0,0.0,0.0,0.0,17.07,0.0,4.794537184071822,0.0,0.0,11.701150992526333,12.841643245852019,0.0,6.923737199690624,0.0,13.847474399381248,0.0,0.0,0.0,10.413055555555555,0.0,0.0,0.8813425925925927,0.0,1.857222222222222,5.84837962962963,0.0,0.8571428571428571,8,0,1,0,0,0,0,0,0,1,0,1,3,0,0,0,0,2.0116,34.752999999999986,0,0,0,0,0,0,0,0,0,0,1,1,0,0,0,0,0,0,0,0,0,0,0,0,0,0,0,0,0,0,0,0,0,0,0,0,0,0,0,0,0,0,0,0,0,0,0,0,0,0,0,1,1,0,0,0,0,0,0,0,0,0,0,0,0,0,0,0,0,0,0,0,0,0,0,0,0,0,0,0,0,0,0,0,0
5-Methyl-2-hexanone,CC(C)CCC(C)=O,110-12-3,Biofuel,10.348194444444445,0.304351851851852,10.348194444444445,0.304351851851852,0.5481896504339717,114.18799999999999,100.07599999999998,114.104465068,48,0,0.1293500851723421,-0.300030835096211,0.300030835096211,0.1293500851723421,1.5,2.0,2.125,16.13717408641372,10.072573146710244,1.9494425026400124,-1.9807422676699575,2.0207325073369526,-1.9318498224042622,5.748251411574948,-0.11676666015857784,3.0500782919131915,74.45601115561732,6.568914100752346,5.899812122026583,5.899812122026583,3.625897657686229,3.12062636466832,3.12062636466832,2.6345370878347767,2.6345370878347767,1.0737499091029978,1.0737499091029978,0.49193826699109827,0.49193826699109827,-0.33,40.339203954130696,7.669999999999999,3.645030979671556,5.670000000000001,51.09042581425296,4.794537184071822,5.783244946364939,0.0,0.0,0.0,0.0,0.0,0.0,0.0,0.0,13.847474399381248,19.262464868778025,6.4208216229260096,0.0,4.794537184071822,5.783244946364939,0.0,0.0,5.917906046161393,33.61285484492389,0.0,0.0,0.0,0.0,0.0,0.0,0.0,0.0,5.783244946364939,4.794537184071822,5.917906046161393,33.61285484492389,0.0,0.0,0.0,0.0,17.07,0.0,4.794537184071822,0.0,0.0,11.701150992526333,12.841643245852019,0.0,6.923737199690624,0.0,13.847474399381248,0.0,0.0,0.0,10.348194444444445,0.0,0.0,0.97,0.0,1.784722222222222,5.897083333333333,0.0,0.8571428571428571,8,0,1,0,0,0,0,0,0,1,0,1,3,0,0,0,0,2.0116,34.752999999999986,0,0,0,0,0,0,0,0,0,0,1,1,0,0,0,0,0,0,0,0,0,0,0,0,0,0,0,0,0,0,0,0,0,0,0,0,0,0,0,0,0,0,0,0,0,0,0,0,0,0,0,1,1,0,0,0,0,0,0,0,0,0,0,0,0,0,0,0,0,0,0,0,0,0,0,0,0,0,0,0,0,0,0,0,0
2-Methyl-3-hexanone,CCCC(=O)C(C)C,7379/12/6,Not biofuel,10.742824074074074,0.23143518518518502,10.742824074074074,0.23143518518518502,0.5481896504339717,114.18799999999997,100.07599999999998,114.104465068,48,0,0.13491381725894588,-0.2994264985975084,0.2994264985975084,0.13491381725894588,1.5,2.0,2.125,16.138426636519092,10.058516076288464,2.0265775392005243,-1.9830863939499301,1.992868411436035,-2.044580023093353,5.795835360006595,-0.12141211642160417,3.329150037184473,74.45601115561732,6.568914100752346,5.899812122026583,5.899812122026583,3.6807392125526213,3.208159989985817,3.208159989985817,2.371013381106347,2.371013381106347,1.1403501907727511,1.1403501907727511,0.535074774508185,0.535074774508185,-0.33,45.11498676384928,7.669999999999999,3.645030979671556,2.779490232395047,51.09042581425295,0.0,5.783244946364939,0.0,0.0,0.0,0.0,4.794537184071822,0.0,0.0,0.0,20.771211599071872,6.4208216229260096,12.338727669087403,0.0,4.794537184071822,5.783244946364939,0.0,0.0,5.917906046161393,33.61285484492389,0.0,0.0,0.0,0.0,0.0,0.0,0.0,0.0,5.783244946364939,4.794537184071822,5.917906046161393,33.61285484492389,0.0,0.0,0.0,0.0,17.07,0.0,4.794537184071822,0.0,5.917906046161393,5.783244946364939,12.841643245852019,0.0,0.0,20.771211599071872,0.0,0.0,0.0,0.0,10.742824074074074,0.0,0.0,0.6133796296296299,0.0,1.7308333333333334,5.912962962962963,0.0,0.8571428571428571,8,0,1,0,0,0,0,0,0,1,0,1,3,0,0,0,0,2.0116,34.752999999999986,0,0,0,0,0,0,0,0,0,0,1,1,0,0,0,0,0,0,0,0,0,0,0,0,0,0,0,0,0,0,0,0,0,0,0,0,0,0,0,0,0,0,0,0,0,0,0,0,0,0,0,1,1,0,0,0,0,0,0,0,0,0,0,0,0,0,0,0,0,0,0,0,0,0,0,0,0,0,0,0,0,0,0,0,0
4-Methyl-3-hexanone,CCC(C)C(=O)CC,17042-16-9,Biofuel,10.742824074074074,0.27777777777777746,10.742824074074074,0.27777777777777746,0.5481896504339717,114.18799999999999,100.07599999999998,114.104465068,48,0,0.1349143679448854,-0.29942645786890587,0.29942645786890587,0.1349143679448854,1.5,2.0,2.125,16.138432646623084,10.023756647286646,2.0512431746266535,-2.0154211274510603,2.0281566529638106,-2.0648738503483783,5.796325946803224,-0.12162365492392885,3.459728671545819,76.45601115561732,6.568914100752346,5.899812122026583,5.899812122026583,3.718744015013406,3.2461647924466015,3.2461647924466015,2.1291620940748404,2.1291620940748404,1.5104803242855618,1.5104803242855618,0.5761326131600777,0.5761326131600777,-0.33,53.47276361405894,7.669999999999999,3.645030979671556,2.101967961325131,51.09042581425295,0.0,5.783244946364939,0.0,0.0,0.0,0.0,4.794537184071822,0.0,0.0,0.0,20.771211599071872,6.4208216229260096,12.338727669087403,0.0,4.794537184071822,5.783244946364939,0.0,0.0,5.917906046161393,33.61285484492389,0.0,0.0,0.0,0.0,0.0,0.0,0.0,0.0,5.783244946364939,4.794537184071822,5.917906046161393,33.61285484492389,0.0,0.0,0.0,0.0,17.07,0.0,4.794537184071822,0.0,5.917906046161393,12.204066569290948,6.4208216229260096,0.0,0.0,20.771211599071872,0.0,0.0,0.0,0.0,10.742824074074074,0.0,0.0,0.6597222222222223,0.0,1.6683333333333332,5.92912037037037,0.0,0.8571428571428571,8,0,1,0,0,0,0,0,0,1,0,1,3,0,0,0,0,2.0116,34.752999999999986,0,0,0,0,0,0,0,0,0,0,1,1,0,0,0,0,0,0,0,0,0,0,0,0,0,0,0,0,0,0,0,0,0,0,0,0,0,0,0,0,0,0,0,0,0,0,0,0,0,0,0,1,1,0,0,0,0,0,0,0,0,0,0,0,0,0,0,0,0,0,0,0,0,0,0,0,0,0,0,0,0,0,0,0,0
5-Methyl-3-hexanone,CCC(=O)CC(C)C,623-56-3,Biofuel,10.622222222222224,0.37500000000000044,10.622222222222224,0.37500000000000044,0.5481896504339717,114.18799999999999,100.076,114.104465068,48,0,0.13239157828058656,-0.2997182106383483,0.2997182106383483,0.13239157828058656,1.5,2.0,2.125,16.13780701683525,10.065421356882782,1.9923707151149597,-1.9813071269333506,2.0051527161466303,-1.990516626706356,5.775962723981289,-0.11893375156786486,3.2455794433140843,74.45601115561732,6.568914100752346,5.899812122026583,5.899812122026583,3.663902460147014,3.181286536448141,3.181286536448141,2.49019952053737,2.49019952053737,1.0302567583920093,1.0302567583920093,0.599679368558886,0.599679368558886,-0.33,42.84459140699416,7.669999999999999,3.645030979671556,3.84636684303351,51.09042581425295,0.0,5.783244946364939,0.0,0.0,0.0,0.0,4.794537184071822,0.0,0.0,0.0,20.771211599071872,5.917906046161393,12.841643245852019,0.0,4.794537184071822,5.783244946364939,0.0,0.0,5.917906046161393,33.61285484492389,0.0,0.0,0.0,0.0,0.0,0.0,0.0,0.0,5.783244946364939,4.794537184071822,5.917906046161393,33.61285484492389,0.0,0.0,0.0,0.0,17.07,0.0,4.794537184071822,0.0,0.0,18.121972615452343,6.4208216229260096,0.0,0.0,6.923737199690624,13.847474399381248,0.0,0.0,0.0,10.622222222222224,0.0,0.0,0.9050462962962966,0.0,1.4391666666666665,6.033564814814815,0.0,0.8571428571428571,8,0,1,0,0,0,0,0,0,1,0,1,3,0,0,0,0,2.0116,34.752999999999986,0,0,0,0,0,0,0,0,0,0,1,1,0,0,0,0,0,0,0,0,0,0,0,0,0,0,0,0,0,0,0,0,0,0,0,0,0,0,0,0,0,0,0,0,0,0,0,0,0,0,0,1,1,0,0,0,0,0,0,0,0,0,0,0,0,0,0,0,0,0,0,0,0,0,0,0,0,0,0,0,0,0,0,0,0
3-Heptanone,CCCCC(=O)CC,106-35-4,Biofuel,10.570694444444445,0.3952314814814819,10.570694444444445,0.3952314814814819,0.5469887036855585,114.18799999999999,100.07599999999998,114.104465068,48,0,0.13213624621267467,-0.29972928203016475,0.29972928203016475,0.13213624621267467,1.375,2.0,2.375,16.1377580872745,10.145014453474055,1.9315701256157385,-1.9064047886008675,1.9602736129765226,-1.9216190324501983,5.773511625584291,-0.11836803443041416,2.988598647973156,66.78707744334402,6.405777393935816,5.736675415210053,5.736675415210053,3.808060412490447,3.325444488791574,3.325444488791574,1.9957819157813603,1.9957819157813603,1.2035064210999196,1.2035064210999196,0.5507221742419769,0.5507221742419769,-0.33,56.62563225878344,7.669999999999999,4.8199250374812594,3.84636684303351,51.09042581425295,0.0,5.783244946364939,0.0,0.0,0.0,0.0,4.794537184071822,0.0,0.0,0.0,20.268296022307258,6.4208216229260096,12.841643245852019,0.0,4.794537184071822,5.783244946364939,0.0,0.0,0.0,39.53076089108528,0.0,0.0,0.0,0.0,0.0,0.0,0.0,0.0,5.783244946364939,4.794537184071822,0.0,39.53076089108528,0.0,0.0,0.0,0.0,17.07,0.0,4.794537184071822,0.0,0.0,12.204066569290948,19.26246486877803,0.0,0.0,6.923737199690624,6.923737199690624,0.0,0.0,0.0,10.570694444444445,0.0,0.0,0.3952314814814819,0.0,3.6859259259259254,4.014814814814815,0.0,0.8571428571428571,8,0,1,0,0,0,0,0,0,1,0,1,4,0,0,0,0,2.1557000000000004,34.822999999999986,0,0,0,0,0,0,0,0,0,0,1,1,0,0,0,0,0,0,0,0,0,0,0,0,0,0,0,0,0,0,0,0,0,0,0,0,0,0,0,0,0,0,0,0,0,0,0,0,0,0,0,1,1,0,0,0,0,0,0,0,0,0,0,0,0,0,0,0,0,0,0,0,0,0,0,0,0,0,0,0,0,0,0,0,0
"3,3,4-Trimethyl-2-pentanone",CC(C)C(C)(C)C(C)=O,5340-47-6,Not biofuel,10.906944444444445,-0.13888888888888884,10.906944444444445,0.13888888888888884,0.5571626710695984,128.21499999999997,112.08699999999997,128.120115132,54,0,0.13516507503496986,-0.29941306744215446,0.29941306744215446,0.13516507503496986,1.3333333333333333,1.6666666666666667,1.6666666666666667,16.138686713009875,9.780425415610194,2.2637309718937133,-2.2478395517019854,2.2579178021408786,-2.267862282327021,5.8116386432119524,-0.1263892920252648,4.19045552133026,111.73604288123637,7.654700538379252,6.985598559653489,6.985598559653489,3.886751345948129,3.397499818205996,3.397499818205996,3.4325745927141815,3.4325745927141815,2.350762950602282,2.350762950602282,0.40652626479257087,0.40652626479257087,-0.33,54.46500593882896,8.67,2.5055629570398175,1.8105885501681858,57.45536792864957,0.0,5.783244946364939,0.0,0.0,0.0,0.0,4.794537184071822,0.0,0.0,0.0,27.694948798762496,12.841643245852017,5.41499046939678,0.0,4.794537184071822,5.783244946364939,0.0,0.0,11.332896515558172,34.61868599845312,0.0,0.0,0.0,0.0,0.0,0.0,0.0,0.0,5.783244946364939,4.794537184071822,11.332896515558172,34.61868599845312,0.0,0.0,0.0,0.0,17.07,0.0,4.794537184071822,0.0,11.198235415761719,5.917906046161393,0.0,0.0,6.923737199690624,13.847474399381248,13.847474399381248,0.0,0.0,0.0,10.906944444444445,0.0,-0.13888888888888884,0.7152777777777779,0.0,0.0,9.766666666666666,0.0,0.875,9,0,1,0,0,0,0,0,0,1,0,1,2,0,0,0,0,2.2576,39.3,0,0,0,0,0,0,0,0,0,0,1,1,0,0,0,0,0,0,0,0,0,0,0,0,0,0,0,0,0,0,0,0,0,0,0,0,0,0,0,0,0,0,0,0,0,0,0,0,0,0,0,1,1,0,0,0,0,0,0,0,0,0,0,0,0,0,0,0,0,0,0,0,0,0,0,0,0,0,0,0,0,0,0,0,0
4-Heptanone,CCCC(=O)CCC,123-19-3,Biofuel,10.643055555555556,0.4120370370370374,10.643055555555556,0.4120370370370374,0.5469887036855585,114.18799999999999,100.07599999999998,114.104465068,48,0,0.13239048773034137,-0.2997182890076654,0.2997182890076654,0.13239048773034137,1.125,1.5,1.75,16.13780017662905,10.142095569961997,1.9432451374407358,-1.9078644987596927,1.9530988380555785,-1.9339473025779308,5.776106966082465,-0.11862587506324088,3.0551722039096187,58.78707744334402,6.405777393935816,5.736675415210053,5.736675415210053,3.808060412490447,3.325444488791574,3.325444488791574,2.0386751345948126,2.0386751345948126,1.057677535825205,1.057677535825205,0.6826775358252052,0.6826775358252052,-0.33,50.25226450504587,7.669999999999999,4.8199250374812594,3.84636684303351,51.09042581425295,0.0,5.783244946364939,0.0,0.0,0.0,0.0,4.794537184071822,0.0,0.0,0.0,13.847474399381248,12.841643245852019,12.841643245852019,0.0,4.794537184071822,5.783244946364939,0.0,0.0,0.0,39.53076089108528,0.0,0.0,0.0,0.0,0.0,0.0,0.0,0.0,5.783244946364939,4.794537184071822,0.0,39.53076089108528,0.0,0.0,0.0,0.0,17.07,0.0,4.794537184071822,0.0,0.0,5.783244946364939,25.683286491704038,0.0,0.0,13.847474399381248,0.0,0.0,0.0,0.0,10.643055555555556,0.0,0.0,0.4120370370370374,0.0,3.5410185185185186,4.070555555555556,0.0,0.8571428571428571,8,0,1,0,0,0,0,0,0,1,0,1,4,0,0,0,0,2.1557000000000004,34.822999999999986,0,0,0,0,0,0,0,0,0,0,1,1,0,0,0,0,0,0,0,0,0,0,0,0,0,0,0,0,0,0,0,0,0,0,0,0,0,0,0,0,0,0,0,0,0,0,0,0,0,0,0,1,1,0,0,0,0,0,0,0,0,0,0,0,0,0,0,0,0,0,0,0,0,0,0,0,0,0,0,0,0,0,0,0,0
"3,4,4-Trimethyl-2-pentanone",CC(C(C)=O)C(C)(C)C,5340-45-4,Not biofuel,10.790393518518519,0.13078703703703698,10.790393518518519,0.13078703703703698,0.5290692481044174,128.21499999999997,112.08699999999997,128.120115132,54,0,0.132651803976586,-0.2997057366337234,0.2997057366337234,0.132651803976586,1.3333333333333333,1.6666666666666667,1.6666666666666667,16.137970110314203,9.799277398765396,2.2255751120014025,-2.2373527101995623,2.248560965734551,-2.22899904875334,5.780459350688094,-0.12258838715154244,4.040215640745235,108.22626787690943,7.6547005383792515,6.985598559653489,6.985598559653489,3.8540592754970238,3.358824683611183,3.358824683611183,3.6983636502959736,3.6983636502959736,1.9088275028655146,1.9088275028655146,0.6097893971888564,0.6097893971888564,-0.33,50.070310617666195,8.67,2.5055629570398175,2.636990307874438,57.455367928649565,0.0,5.783244946364939,0.0,0.0,0.0,0.0,4.794537184071822,0.0,0.0,0.0,27.694948798762496,12.338727669087405,5.917906046161393,0.0,4.794537184071822,5.783244946364939,0.0,0.0,11.332896515558172,34.61868599845312,0.0,0.0,0.0,0.0,0.0,0.0,0.0,0.0,5.783244946364939,4.794537184071822,11.332896515558172,34.61868599845312,0.0,0.0,0.0,0.0,17.07,0.0,4.794537184071822,0.0,17.116141461923114,0.0,0.0,0.0,6.923737199690624,6.923737199690624,20.771211599071872,0.0,0.0,0.0,10.790393518518519,0.0,0.13078703703703698,0.45833333333333326,0.0,0.0,9.870486111111111,0.0,0.875,9,0,1,0,0,0,0,0,0,1,0,1,1,0,0,0,0,2.2576,39.3,0,0,0,0,0,0,0,0,0,0,1,1,0,0,0,0,0,0,0,0,0,0,0,0,0,0,0,0,0,0,0,0,0,0,0,0,0,0,0,0,0,0,0,0,0,0,0,0,0,0,0,1,1,0,0,0,0,0,0,0,0,0,0,0,0,0,0,0,0,0,0,0,0,0,0,0,0,0,0,0,0,0,0,0,0
"2,2,4-Trimethyl-3-pentanone",CC(C)C(=O)C(C)(C)C,5857-36-3,Not biofuel,11.164351851851851,-0.15856481481481488,11.164351851851851,0.15856481481481488,0.5290692481044174,128.21499999999997,112.08699999999997,128.120115132,54,0,0.14021480887352297,-0.2988301235072853,0.2988301235072853,0.14021480887352297,1.2222222222222223,1.5555555555555556,1.5555555555555556,16.139841640079226,9.846465533274058,2.226187639260884,-2.18071693254958,2.1854449131837357,-2.2415911408789304,5.847283429600962,-0.12883629641692568,4.055701378201075,106.22626787690943,7.6547005383792515,6.985598559653489,6.985598559653489,3.8540592754970238,3.397499818205996,3.397499818205996,3.768951308490382,3.768951308490382,1.2635763147304453,1.2635763147304453,0.8660254037844387,0.8660254037844387,-0.33,50.070310617666195,8.67,2.5055629570398175,2.636990307874438,57.45536792864955,0.0,5.783244946364939,0.0,0.0,0.0,0.0,4.794537184071822,0.0,0.0,0.0,34.61868599845312,0.0,11.332896515558172,0.0,4.794537184071822,5.783244946364939,0.0,0.0,11.332896515558172,34.61868599845312,0.0,0.0,0.0,0.0,0.0,0.0,0.0,0.0,5.783244946364939,4.794537184071822,11.332896515558172,34.61868599845312,0.0,0.0,0.0,0.0,17.07,0.0,4.794537184071822,0.0,11.332896515558172,5.783244946364939,0.0,0.0,0.0,34.61868599845312,0.0,0.0,0.0,0.0,11.164351851851851,0.0,-0.15856481481481488,0.5069444444444446,0.0,0.0,9.737268518518519,0.0,0.875,9,0,1,0,0,0,0,0,0,1,0,1,1,0,0,0,0,2.2576,39.3,0,0,0,0,0,0,0,0,0,0,1,1,0,0,0,0,0,0,0,0,0,0,0,0,0,0,0,0,0,0,0,0,0,0,0,0,0,0,0,0,0,0,0,0,0,0,0,0,0,0,0,1,1,0,0,0,0,0,0,0,0,0,0,0,0,0,0,0,0,0,0,0,0,0,0,0,0,0,0,0,0,0,0,0,0
"2,4-Dimethyl-3-hexanone",CCC(C)C(=O)C(C)C,18641-70-8,Not biofuel,11.073842592592593,0.20828703703703688,11.073842592592593,0.20828703703703688,0.5694433779033359,128.21499999999997,112.08699999999997,128.120115132,54,0,0.1377015750064873,-0.2991232690550142,0.2991232690550142,0.1377015750064873,1.3333333333333333,1.7777777777777777,1.8888888888888888,16.139113095180118,9.950940407018921,2.126662975718529,-2.0836878783688877,2.0817245471283115,-2.1525126889243995,5.817966902741278,-0.12488326878884458,3.7292088557923257,94.74075768464921,7.439157588755425,6.7700556100296625,6.7700556100296625,4.09142281507558,3.628880293640845,3.628880293640845,2.8663653261959046,2.8663653261959046,1.66711028982016,1.66711028982016,0.7702200572599406,0.7702200572599406,-0.33,75.58143215472592,8.67,3.649169897196951,2.636990307874438,57.455367928649565,0.0,5.783244946364939,0.0,0.0,0.0,0.0,4.794537184071822,0.0,0.0,0.0,27.694948798762496,6.4208216229260096,11.835812092322787,0.0,4.794537184071822,5.783244946364939,0.0,0.0,11.835812092322787,34.11577042168851,0.0,0.0,0.0,0.0,0.0,0.0,0.0,0.0,5.783244946364939,4.794537184071822,11.835812092322787,34.11577042168851,0.0,0.0,0.0,0.0,17.07,0.0,4.794537184071822,0.0,11.835812092322787,5.783244946364939,6.4208216229260096,0.0,0.0,27.694948798762496,0.0,0.0,0.0,0.0,11.073842592592593,0.0,0.0,0.8494907407407408,0.0,0.9692592592592593,7.9407407407407415,0.0,0.875,9,0,1,0,0,0,0,0,0,1,0,1,3,0,0,0,0,2.2576,39.3,0,0,0,0,0,0,0,0,0,0,1,1,0,0,0,0,0,0,0,0,0,0,0,0,0,0,0,0,0,0,0,0,0,0,0,0,0,0,0,0,0,0,0,0,0,0,0,0,0,0,0,1,1,0,0,0,0,0,0,0,0,0,0,0,0,0,0,0,0,0,0,0,0,0,0,0,0,0,0,0,0,0,0,0,0
"2,5-Dimethyl-3-hexanone",CC(C)CC(=O)C(C)C,1888-57-9,Not biofuel,10.95324074074074,0.21518518518518492,10.95324074074074,0.21518518518518492,0.5694433779033359,128.21499999999997,112.08699999999997,128.120115132,54,0,0.13517937395741958,-0.29941522943517385,0.29941522943517385,0.13517937395741958,1.2222222222222223,1.6666666666666667,1.7777777777777777,16.13848212938666,9.99475641939122,2.07410603773587,-2.0459454633027656,2.0550143298744716,-2.088603780183212,5.798504720347492,-0.1220862347196767,3.512827448281546,92.74075768464921,7.439157588755425,6.7700556100296625,6.7700556100296625,4.036581260209188,3.564002037642384,3.564002037642384,3.2189843764556314,3.2189843764556314,1.2533833048543332,1.2533833048543332,0.6380711874576984,0.6380711874576984,-0.33,60.47184355343589,8.67,3.649169897196951,4.191512385919165,57.455367928649565,0.0,5.783244946364939,0.0,0.0,0.0,0.0,4.794537184071822,0.0,0.0,0.0,27.694948798762496,5.917906046161393,12.338727669087403,0.0,4.794537184071822,5.783244946364939,0.0,0.0,11.835812092322787,34.11577042168851,0.0,0.0,0.0,0.0,0.0,0.0,0.0,0.0,5.783244946364939,4.794537184071822,11.835812092322787,34.11577042168851,0.0,0.0,0.0,0.0,17.07,0.0,4.794537184071822,0.0,5.917906046161393,11.701150992526333,6.4208216229260096,0.0,0.0,13.847474399381248,13.847474399381248,0.0,0.0,0.0,10.95324074074074,0.0,0.0,1.1086111111111112,0.0,0.7337962962962962,8.037685185185186,0.0,0.875,9,0,1,0,0,0,0,0,0,1,0,1,3,0,0,0,0,2.2576,39.3,0,0,0,0,0,0,0,0,0,0,1,1,0,0,0,0,0,0,0,0,0,0,0,0,0,0,0,0,0,0,0,0,0,0,0,0,0,0,0,0,0,0,0,0,0,0,0,0,0,0,0,1,1,0,0,0,0,0,0,0,0,0,0,0,0,0,0,0,0,0,0,0,0,0,0,0,0,0,0,0,0,0,0,0,0
"4,5-Dimethyl-3-hexanone",CCC(=O)C(C)C(C)C,6137-14-0,Not biofuel,10.95324074074074,0.24537037037037002,10.95324074074074,0.24537037037037002,0.5694433779033359,128.21499999999997,112.08699999999999,128.120115132,54,0,0.13518047291792756,-0.2994151477883793,0.2994151477883793,0.13518047291792756,1.3333333333333333,1.7777777777777777,1.8888888888888888,16.13849505289655,9.924684083517326,2.1283706226599852,-2.1120451535712204,2.1109776682012633,-2.1462362146131997,5.799451445878151,-0.12272538422704231,3.724115829068656,94.74075768464921,7.439157588755425,6.7700556100296625,6.7700556100296625,4.09142281507558,3.6188435925087763,3.6188435925087763,2.8525583037714752,2.8525583037714752,1.856329499900763,1.856329499900763,0.6937602993131597,0.6937602993131597,-0.33,75.58143215472592,8.67,3.649169897196951,2.636990307874438,57.45536792864955,0.0,5.783244946364939,0.0,0.0,0.0,0.0,4.794537184071822,0.0,0.0,0.0,27.694948798762496,5.917906046161393,12.338727669087403,0.0,4.794537184071822,5.783244946364939,0.0,0.0,11.835812092322787,34.11577042168851,0.0,0.0,0.0,0.0,0.0,0.0,0.0,0.0,5.783244946364939,4.794537184071822,11.835812092322787,34.11577042168851,0.0,0.0,0.0,0.0,17.07,0.0,4.794537184071822,0.0,5.917906046161393,18.121972615452343,0.0,0.0,0.0,13.847474399381248,13.847474399381248,0.0,0.0,0.0,10.95324074074074,0.0,0.0,1.1226388888888887,0.0,0.6799074074074072,8.077546296296298,0.0,0.875,9,0,1,0,0,0,0,0,0,1,0,1,3,0,0,0,0,2.2576,39.3,0,0,0,0,0,0,0,0,0,0,1,1,0,0,0,0,0,0,0,0,0,0,0,0,0,0,0,0,0,0,0,0,0,0,0,0,0,0,0,0,0,0,0,0,0,0,0,0,0,0,0,1,1,0,0,0,0,0,0,0,0,0,0,0,0,0,0,0,0,0,0,0,0,0,0,0,0,0,0,0,0,0,0,0,0
"2,6-Dimethyl-4-heptanone",CC(C)CC(=O)CC(C)C,108-83-8,Biofuel,11.06388888888889,0.40740740740740766,11.06388888888889,0.40740740740740766,0.5894293327569649,142.242,124.09799999999997,142.135765196,60,0,0.1329216283938693,-0.2996957672567549,0.2996957672567549,0.1329216283938693,1.0,1.3,1.5,16.137910274092086,9.997767406026048,2.057594131502555,-2.0461368185766555,2.070836903443856,-2.0521050553855953,5.781712963736205,-0.11993290837065909,3.4443870603345483,91.29589375350572,8.146264369941973,7.4771623912162095,7.4771623912162095,4.519744507803582,4.037128584104708,4.037128584104708,3.73461712529338,3.73461712529338,1.2718383821892054,1.2718383821892054,0.9940169358562925,0.9940169358562925,-0.33,88.34747999952293,9.67,4.480030663449536,5.8003780964797915,63.82031004304616,0.0,5.783244946364939,0.0,0.0,0.0,0.0,4.794537184071822,0.0,0.0,0.0,27.694948798762496,11.835812092322787,12.841643245852019,0.0,4.794537184071822,5.783244946364939,0.0,0.0,11.835812092322787,40.53659204461451,0.0,0.0,0.0,0.0,0.0,0.0,0.0,0.0,5.783244946364939,4.794537184071822,11.835812092322787,40.53659204461451,0.0,0.0,0.0,0.0,17.07,0.0,4.794537184071822,0.0,0.0,17.61905703868773,12.841643245852019,0.0,0.0,0.0,27.694948798762496,0.0,0.0,0.0,11.06388888888889,0.0,0.0,1.4467592592592595,0.0,1.4963888888888888,8.326296296296297,0.0,0.8888888888888888,10,0,1,0,0,0,0,0,0,1,0,1,4,0,0,0,0,2.6477000000000013,43.917000000000016,0,0,0,0,0,0,0,0,0,0,1,1,0,0,0,0,0,0,0,0,0,0,0,0,0,0,0,0,0,0,0,0,0,0,0,0,0,0,0,0,0,0,0,0,0,0,0,0,0,0,0,1,1,0,0,0,0,0,0,0,0,0,0,0,0,0,0,0,0,0,0,0,0,0,0,0,0,0,0,0,0,0,0,0,0
"2,3-Butanedione",CC(=O)C(=O)C,431-03-8,Biofuel,9.793981481481481,-0.37962962962962954,9.793981481481481,0.37962962962962954,0.42594168943823185,86.08999999999999,80.04199999999999,86.036779432,34,0,0.19451404848392276,-0.2912343143503756,0.2912343143503756,0.19451404848392276,1.0,1.1666666666666667,1.1666666666666667,16.171947357788,10.32925971641576,1.9380585369095744,-1.7292053644556504,1.6605943346327636,-2.0102907720185756,6.346873349323016,-0.1335370845047737,3.567703455043203,71.5488750216347,5.1547005383792515,3.8164965809277263,3.8164965809277263,2.6427344100918364,1.6582482904638631,1.6582482904638631,1.1123724356957947,1.1123724356957947,0.49579081189859825,0.49579081189859825,0.0,0.0,-0.66,13.609640474436812,5.34,1.6978532452412014,1.6394011976047902,36.1571215711069,0.0,0.0,11.566489892729878,0.0,0.0,0.0,9.589074368143644,0.0,0.0,0.0,0.0,0.0,13.847474399381248,0.0,9.589074368143644,11.566489892729878,0.0,0.0,0.0,13.847474399381248,0.0,0.0,0.0,0.0,0.0,0.0,0.0,0.0,11.566489892729878,9.589074368143644,0.0,13.847474399381248,0.0,0.0,0.0,0.0,34.14,0.0,9.589074368143644,0.0,11.566489892729878,0.0,0.0,13.847474399381248,0.0,0.0,0.0,0.0,0.0,0.0,19.587962962962962,0.0,0.0,-0.7592592592592591,0.0,0.0,2.5046296296296298,0.0,0.5,6,0,2,0,0,0,0,0,0,2,0,2,1,0,0,0,0,0.1644,21.36199999999999,0,0,0,0,0,0,0,0,0,0,2,2,0,0,0,0,0,0,0,0,0,0,0,0,0,0,0,0,0,0,0,0,0,0,0,0,0,0,0,0,0,0,0,0,0,0,0,0,0,0,0,2,2,0,0,0,0,0,0,0,0,0,0,0,0,0,0,0,0,0,0,0,0,0,0,0,0,0,0,0,0,0,0,0,0
dihydro-5-methyl-2(3H)-furanone (gamma-valerolactone),CC1CCC(=O)O1,108-29-2,Biofuel,10.23125,-0.04861111111111094,10.23125,0.04861111111111094,0.4189428687308838,100.11699999999999,92.05299999999998,100.052429496,40,0,0.3056876596821109,-0.46264003197434184,0.46264003197434184,0.3056876596821109,1.8571428571428572,2.5714285714285716,2.7142857142857144,16.54776222740221,10.263225331505746,2.170484770565788,-1.9517131628252842,2.108060679082464,-1.9834456516493986,5.7079666891375895,-0.14029754438163577,2.39706714269016,88.08094399727418,5.276020881938894,4.3080604124904465,4.3080604124904465,3.287693700234704,2.483102501106141,2.483102501106141,1.8391519502467628,1.8391519502467628,1.0876182966188024,1.0876182966188024,0.6633575045284709,0.6633575045284709,-0.53,46.670482779147534,4.624559505409582,1.5234757718400516,0.9180777352946504,42.4682556614374,4.736862953800049,0.0,0.0,0.0,0.0,5.969305287951849,4.794537184071822,0.0,0.0,0.0,0.0,13.344558822616634,6.4208216229260096,6.103966387748303,9.53140013787187,5.969305287951849,0.0,0.0,0.0,25.869346833290944,0.0,0.0,0.0,0.0,0.0,0.0,0.0,0.0,12.073271675700152,9.53140013787187,0.0,19.765380445542643,0.0,0.0,0.0,0.0,26.3,0.0,4.794537184071822,0.0,12.073271675700152,6.4208216229260096,6.4208216229260096,0.0,0.0,6.923737199690624,0.0,4.736862953800049,4.722222222222222,0.0,10.23125,0.0,0.0,-0.04861111111111094,0.0,1.6875,1.9076388888888889,0.0,0.8,7,0,2,0,1,1,0,0,0,2,0,2,0,0,1,1,1,0.7119,24.78799999999999,0,0,0,0,0,0,0,0,0,0,1,1,0,0,0,0,0,0,0,0,0,0,0,0,0,0,0,0,0,0,0,0,0,0,0,0,0,0,0,0,1,1,0,0,0,0,0,0,0,0,0,0,0,0,1,0,0,0,0,0,0,0,0,0,0,0,0,0,0,0,0,0,0,0,0,0,0,0,0,0,0,0,0,0,0
Cyclopentanone,O=C1CCCC1,120-92-3,Biofuel,10.243055555555555,0.45370370370370416,10.243055555555555,0.45370370370370416,0.4296801032840842,84.11800000000001,76.05399999999999,84.057514876,34,0,0.13241174098098987,-0.2997179056395969,0.2997179056395969,0.13241174098098987,1.1666666666666667,1.6666666666666667,1.8333333333333333,16.13811516867295,10.357493667553982,2.068709157016927,-1.7106114043194847,2.1093604682511384,-1.8130186227992735,5.794964874845805,-0.11686212346795634,2.3673518510178746,58.33869642763737,4.405777393935816,3.736675415210053,3.736675415210053,2.893846850117352,2.4112309264184786,2.4112309264184786,1.7457819157813603,1.7457819157813603,1.1612309264184788,1.1612309264184788,0.7693375672974063,0.7693375672974063,-0.33,33.548875021634686,3.84636684303351,1.4138304835588202,0.5880806897900375,37.35471043193051,0.0,5.783244946364939,0.0,0.0,0.0,0.0,4.794537184071822,0.0,0.0,0.0,0.0,12.841643245852019,12.841643245852019,0.0,4.794537184071822,5.783244946364939,0.0,0.0,0.0,25.683286491704038,0.0,0.0,0.0,0.0,0.0,0.0,0.0,0.0,5.783244946364939,4.794537184071822,0.0,25.683286491704038,0.0,0.0,0.0,0.0,17.07,0.0,4.794537184071822,0.0,0.0,5.783244946364939,25.683286491704038,0.0,0.0,0.0,0.0,0.0,0.0,0.0,10.243055555555555,0.0,0.0,0.45370370370370416,0.0,3.9699074074074074,0.0,0.0,0.8,6,0,1,1,0,1,0,0,0,1,0,1,0,1,0,1,1,1.1295,23.47499999999999,0,0,0,0,0,0,0,0,0,0,1,1,0,0,0,0,0,0,0,0,0,0,0,0,0,0,0,0,0,0,0,0,0,0,0,0,0,0,0,0,0,0,0,0,0,0,0,0,0,0,0,1,1,0,0,0,0,0,0,0,0,0,0,0,0,0,0,0,0,0,0,0,0,0,0,0,0,0,0,0,0,0,0,0,0
2-Methylcyclopentanone,CC1CCCC1=O,1120-72-5,Not biofuel,10.574074074074074,0.3749999999999998,10.574074074074074,0.3749999999999998,0.44697778808257754,98.145,88.06499999999998,98.07316494,40,0,0.13520030714820275,-0.2994148810425131,0.2994148810425131,0.13520030714820275,1.7142857142857142,2.4285714285714284,2.5714285714285716,16.138820742687912,10.133519440932636,2.1781025050742513,-1.906490284115182,2.18862868931,-1.98125006510642,5.818484093196984,-0.11968475471408131,2.4784387393909566,86.18080946738405,5.276020881938894,4.606918903213131,4.606918903213131,3.304530452640311,2.831951230073507,2.831951230073507,2.25958893820579,2.25958893820579,1.609959358394589,1.609959358394589,0.9898664243567488,0.9898664243567488,-0.33,49.54039820861129,4.8199250374812594,1.6450481914728035,0.8166994050833662,43.71965254632712,0.0,5.783244946364939,0.0,0.0,0.0,0.0,4.794537184071822,0.0,0.0,0.0,6.923737199690624,12.841643245852019,12.338727669087403,0.0,4.794537184071822,5.783244946364939,0.0,0.0,5.917906046161393,26.186202068468653,0.0,0.0,0.0,0.0,0.0,0.0,0.0,0.0,5.783244946364939,4.794537184071822,5.917906046161393,26.186202068468653,0.0,0.0,0.0,0.0,17.07,0.0,4.794537184071822,0.0,0.0,11.701150992526333,19.26246486877803,0.0,0.0,6.923737199690624,0.0,0.0,0.0,0.0,10.574074074074074,0.0,0.0,0.8333333333333333,0.0,3.083333333333333,2.009259259259259,0.0,0.8333333333333334,7,0,1,1,0,1,0,0,0,1,0,1,0,1,0,1,1,1.3755,28.021999999999984,0,0,0,0,0,0,0,0,0,0,1,1,0,0,0,0,0,0,0,0,0,0,0,0,0,0,0,0,0,0,0,0,0,0,0,0,0,0,0,0,0,0,0,0,0,0,0,0,0,0,0,1,1,0,0,0,0,0,0,0,0,0,0,0,0,0,0,0,0,0,0,0,0,0,0,0,0,0,0,0,0,0,0,0,0
3-Methylcyclopentanone,CC1CCC(=O)C1,1757-42-2,Biofuel,10.453472222222222,0.45138888888888906,10.453472222222222,0.45138888888888906,0.44697778808257754,98.145,88.06499999999998,98.07316494,40,0,0.1326876785942229,-0.29970645388553624,0.29970645388553624,0.1326876785942229,1.7142857142857142,2.4285714285714284,2.5714285714285716,16.13819888330969,10.148784429422198,2.160279196196589,-1.8955461140535033,2.193865184658956,-1.8643835440951892,5.799700807534651,-0.11706903406312757,2.39706714269016,86.18080946738405,5.276020881938894,4.606918903213131,4.606918903213131,3.287693700234704,2.805077776535831,2.805077776535831,2.386646129944096,2.386646129944096,1.492108228196831,1.492108228196831,1.0001699612057329,1.0001699612057329,-0.33,46.670482779147534,4.8199250374812594,1.6450481914728035,1.015960896062068,43.719652546327126,0.0,5.783244946364939,0.0,0.0,0.0,0.0,4.794537184071822,0.0,0.0,0.0,6.923737199690624,12.338727669087403,12.841643245852019,0.0,4.794537184071822,5.783244946364939,0.0,0.0,5.917906046161393,26.186202068468653,0.0,0.0,0.0,0.0,0.0,0.0,0.0,0.0,5.783244946364939,4.794537184071822,5.917906046161393,26.186202068468653,0.0,0.0,0.0,0.0,17.07,0.0,4.794537184071822,0.0,0.0,11.701150992526333,19.26246486877803,0.0,0.0,0.0,6.923737199690624,0.0,0.0,0.0,10.453472222222222,0.0,0.0,1.125,0.0,2.7916666666666665,2.129861111111111,0.0,0.8333333333333334,7,0,1,1,0,1,0,0,0,1,0,1,0,1,0,1,1,1.3755,28.021999999999984,0,0,0,0,0,0,0,0,0,0,1,1,0,0,0,0,0,0,0,0,0,0,0,0,0,0,0,0,0,0,0,0,0,0,0,0,0,0,0,0,0,0,0,0,0,0,0,0,0,0,0,1,1,0,0,0,0,0,0,0,0,0,0,0,0,0,0,0,0,0,0,0,0,0,0,0,0,0,0,0,0,0,0,0,0
Cyclohexanone,C1CCC(=O)CC1,108-94-1,Biofuel,10.463055555555556,0.4641203703703707,10.463055555555556,0.4641203703703707,0.448625540575247,98.145,88.06499999999998,98.07316494,40,0,0.13241132759858107,-0.2997179089731855,0.2997179089731855,0.13241132759858107,1.0,1.5714285714285714,1.8571428571428572,16.13789092737583,9.997576300258713,2.054314776810952,-2.0476118583191876,2.116969019379216,-2.0186618665215845,5.783227987090043,-0.11972648791267478,2.2495440947344703,68.24920506009684,5.112884175122364,4.443782196396601,4.443782196396601,3.393846850117352,2.9112309264184786,2.9112309264184786,2.099335306374634,2.099335306374634,1.4112309264184788,1.4112309264184788,0.9461142625940431,0.9461142625940431,-0.33,47.19725257297226,4.8199250374812594,2.101967961325131,1.298148750019123,43.719652546327126,0.0,5.783244946364939,0.0,0.0,0.0,0.0,4.794537184071822,0.0,0.0,0.0,6.4208216229260096,12.841643245852019,12.841643245852019,0.0,4.794537184071822,5.783244946364939,0.0,0.0,0.0,32.10410811463005,0.0,0.0,0.0,0.0,0.0,0.0,0.0,0.0,5.783244946364939,4.794537184071822,0.0,32.10410811463005,0.0,0.0,0.0,0.0,17.07,0.0,4.794537184071822,0.0,0.0,5.783244946364939,25.683286491704038,6.4208216229260096,0.0,0.0,0.0,0.0,0.0,0.0,10.463055555555556,0.0,0.0,0.4641203703703707,0.0,5.23949074074074,0.0,0.0,0.8333333333333334,7,0,1,1,0,1,0,0,0,1,0,1,0,1,0,1,1,1.5196,28.091999999999985,0,0,0,0,0,0,0,0,0,0,1,1,0,0,0,0,0,0,0,0,0,0,0,0,0,0,0,0,0,0,0,0,0,0,0,0,0,0,0,0,0,0,0,0,0,0,0,0,0,0,0,1,1,0,0,0,0,0,0,0,0,0,0,0,0,0,0,0,0,0,0,0,0,0,0,0,0,0,0,0,0,0,0,0,0
"2,2-Dimethylcyclopentanone",CC1(C)CCCC1=O,4541-32-6,Not biofuel,10.895833333333332,0.01388888888888884,10.895833333333332,0.01388888888888884,0.4664054785302647,112.172,100.07599999999998,112.088815004,46,0,0.13797986080101887,-0.2991106522490961,0.2991106522490961,0.13797986080101887,1.5,2.125,2.25,16.13963471275047,9.90995277143286,2.311889708210962,-2.11681531793983,2.3231712596079452,-2.1507401187635318,5.853232368805231,-0.12373028356403279,2.68178068633989,113.55523341385233,6.198670612749268,5.529568634023505,5.529568634023505,3.6278270848415755,3.1612309264184786,3.1612309264184786,3.1606132022864672,3.1606132022864672,1.9604617826831479,1.9604617826831479,1.168694948791552,1.168694948791552,-0.33,63.32225214810831,5.8003780964797915,1.5745274614891525,0.7703065491634217,50.08459466072374,0.0,5.783244946364939,0.0,0.0,0.0,0.0,4.794537184071822,0.0,0.0,0.0,13.847474399381248,12.841643245852019,11.83581209232279,0.0,4.794537184071822,5.783244946364939,0.0,0.0,5.41499046939678,33.10993926815928,0.0,0.0,0.0,0.0,0.0,0.0,0.0,0.0,5.783244946364939,4.794537184071822,5.41499046939678,33.10993926815928,0.0,0.0,0.0,0.0,17.07,0.0,4.794537184071822,0.0,5.41499046939678,5.783244946364939,19.26246486877803,0.0,0.0,13.847474399381248,0.0,0.0,0.0,0.0,10.895833333333332,0.0,0.01388888888888884,0.44212962962962976,0.0,3.0046296296296298,4.060185185185185,0.0,0.8571428571428571,8,0,1,1,0,1,0,0,0,1,0,1,0,1,0,1,1,1.7656,32.63899999999998,0,0,0,0,0,0,0,0,0,0,1,1,0,0,0,0,0,0,0,0,0,0,0,0,0,0,0,0,0,0,0,0,0,0,0,0,0,0,0,0,0,0,0,0,0,0,0,0,0,0,0,1,1,0,0,0,0,0,0,0,0,0,0,0,0,0,0,0,0,0,0,0,0,0,0,0,0,0,0,0,0,0,0,0,0
"3,3-Dimethylcyclopentanone",CC1(C)CCC(=O)C1,20500-49-6,Not biofuel,10.658680555555556,0.31655092592592593,10.658680555555556,0.31655092592592593,0.4664054785302647,112.172,100.07599999999998,112.088815004,46,0,0.13296475372111366,-0.29969492185987406,0.29969492185987406,0.13296475372111366,1.5,2.125,2.25,16.138295649898716,9.921328193676416,2.280216586198597,-2.1205333055819433,2.3340583270216415,-2.035818240647338,5.807175314522708,-0.1173922652183869,2.557782802520049,113.55523341385233,6.198670612749268,5.529568634023505,5.529568634023505,3.6009536313038994,3.1183377076050265,3.1183377076050265,3.379665392264545,3.379665392264545,1.756337637451216,1.756337637451216,1.1883413781549643,1.1883413781549643,-0.33,58.39035952556319,5.8003780964797915,1.5745274614891525,1.0861454348702535,50.08459466072374,0.0,5.783244946364939,0.0,0.0,0.0,0.0,4.794537184071822,0.0,0.0,0.0,13.847474399381248,11.83581209232279,12.841643245852019,0.0,4.794537184071822,5.783244946364939,0.0,0.0,5.41499046939678,33.10993926815928,0.0,0.0,0.0,0.0,0.0,0.0,0.0,0.0,5.783244946364939,4.794537184071822,5.41499046939678,33.10993926815928,0.0,0.0,0.0,0.0,17.07,0.0,4.794537184071822,0.0,0.0,11.198235415761719,19.26246486877803,0.0,0.0,0.0,13.847474399381248,0.0,0.0,0.0,10.658680555555556,0.0,0.31655092592592593,0.4398148148148151,0.0,2.7002314814814814,4.301388888888889,0.0,0.8571428571428571,8,0,1,1,0,1,0,0,0,1,0,1,0,1,0,1,1,1.7656,32.63899999999998,0,0,0,0,0,0,0,0,0,0,1,1,0,0,0,0,0,0,0,0,0,0,0,0,0,0,0,0,0,0,0,0,0,0,0,0,0,0,0,0,0,0,0,0,0,0,0,0,0,0,0,1,1,0,0,0,0,0,0,0,0,0,0,0,0,0,0,0,0,0,0,0,0,0,0,0,0,0,0,0,0,0,0,0,0
"2,5-Dimethylcyclopentanone",CC1CCC(C)C1=O,4041/9/2,Not biofuel,10.905092592592592,0.35185185185185164,10.905092592592592,0.35185185185185164,0.46509617192244895,112.17199999999998,100.07599999999998,112.088815004,46,0,0.13798827000557046,-0.2991116395123753,0.2991116395123753,0.13798827000557046,1.25,1.625,1.75,16.139534177873912,10.07543907401803,2.2604789703548858,-1.9616522878954403,2.2501656941934534,-2.0685521882849645,5.840949600748596,-0.12249353461232906,2.5662737096625023,94.95445336320968,6.146264369941973,5.4771623912162095,5.4771623912162095,3.7152140551632704,3.2526715337285355,3.2526715337285355,2.7818143368330235,2.7818143368330235,2.004096591242137,2.004096591242137,1.2702200572599405,1.2702200572599405,-0.33,75.40505219661968,5.8003780964797915,1.8834891070532962,0.7703065491634217,50.084594660723724,0.0,5.783244946364939,0.0,0.0,0.0,0.0,4.794537184071822,0.0,0.0,0.0,13.847474399381248,12.841643245852019,11.835812092322787,0.0,4.794537184071822,5.783244946364939,0.0,0.0,11.835812092322787,26.689117645233267,0.0,0.0,0.0,0.0,0.0,0.0,0.0,0.0,5.783244946364939,4.794537184071822,11.835812092322787,26.689117645233267,0.0,0.0,0.0,0.0,17.07,0.0,4.794537184071822,0.0,0.0,17.619057038687725,12.841643245852019,0.0,0.0,13.847474399381248,0.0,0.0,0.0,0.0,10.905092592592592,0.0,0.0,1.1666666666666665,0.0,2.2222222222222223,4.039351851851852,0.0,0.8571428571428571,8,0,1,1,0,1,0,0,0,1,0,1,0,1,0,1,1,1.6215,32.56899999999998,0,0,0,0,0,0,0,0,0,0,1,1,0,0,0,0,0,0,0,0,0,0,0,0,0,0,0,0,0,0,0,0,0,0,0,0,0,0,0,0,0,0,0,0,0,0,0,0,0,0,0,1,1,0,0,0,0,0,0,0,0,0,0,0,0,0,0,0,0,0,0,0,0,0,0,0,0,0,0,0,0,0,0,0,0
2-Methylcyclohexanone,CC1CCCCC1=O,583-60-8,Biofuel,10.794074074074075,0.36458333333333315,10.794074074074075,0.36458333333333315,0.4664054785302647,112.172,100.07599999999998,112.088815004,46,0,0.13519971478507345,-0.2994148859068625,0.2994148859068625,0.13519971478507345,1.5,2.25,2.625,16.13857886355295,9.897135950080198,2.156116465316925,-2.140762633995289,2.1841581280096345,-2.1437204185557044,5.806378613932278,-0.12343599302519086,2.3927135778709268,96.55994821726517,5.983127663125442,5.314025684399679,5.314025684399679,3.804530452640311,3.331951230073507,3.331951230073507,2.613142328799064,2.613142328799064,1.8599593583945888,1.8599593583945888,1.1571419190381895,1.1571419190381895,-0.33,72.49526582754562,5.8003780964797915,2.2931845310981096,1.0861454348702535,50.084594660723724,0.0,5.783244946364939,0.0,0.0,0.0,0.0,4.794537184071822,0.0,0.0,0.0,13.344558822616634,12.841643245852019,12.338727669087403,0.0,4.794537184071822,5.783244946364939,0.0,0.0,5.917906046161393,32.60702369139466,0.0,0.0,0.0,0.0,0.0,0.0,0.0,0.0,5.783244946364939,4.794537184071822,5.917906046161393,32.60702369139466,0.0,0.0,0.0,0.0,17.07,0.0,4.794537184071822,0.0,0.0,11.701150992526333,19.26246486877803,6.4208216229260096,0.0,6.923737199690624,0.0,0.0,0.0,0.0,10.794074074074075,0.0,0.0,0.8333333333333334,0.0,4.343333333333333,2.029259259259259,0.0,0.8571428571428571,8,0,1,1,0,1,0,0,0,1,0,1,0,1,0,1,1,1.7656,32.63899999999998,0,0,0,0,0,0,0,0,0,0,1,1,0,0,0,0,0,0,0,0,0,0,0,0,0,0,0,0,0,0,0,0,0,0,0,0,0,0,0,0,0,0,0,0,0,0,0,0,0,0,0,1,1,0,0,0,0,0,0,0,0,0,0,0,0,0,0,0,0,0,0,0,0,0,0,0,0,0,0,0,0,0,0,0,0
3-Methylcyclohexanone,CC1CCCC(=O)C1,591-24-2,Biofuel,10.673472222222223,0.4618055555555558,10.673472222222223,0.4618055555555558,0.4664054785302647,112.172,100.07599999999998,112.088815004,46,0,0.13267712672475132,-0.2997066458387008,0.2997066458387008,0.13267712672475132,1.625,2.375,2.75,16.137953386802984,9.900468764512445,2.135489461770563,-2.14239498063875,2.189770727204104,-2.108476890138777,5.786704844388005,-0.1207949138540589,2.336356083029012,96.55994821726517,5.983127663125442,5.314025684399679,5.314025684399679,3.787693700234704,3.305077776535831,3.305077776535831,2.74019952053737,2.74019952053737,1.728671501427993,1.728671501427993,1.2404752523715228,1.2404752523715228,-0.33,64.0524865010122,5.8003780964797915,2.2931845310981096,1.3224031402358494,50.084594660723724,0.0,5.783244946364939,0.0,0.0,0.0,0.0,4.794537184071822,0.0,0.0,0.0,6.923737199690624,18.75954929201341,12.841643245852019,0.0,4.794537184071822,5.783244946364939,0.0,0.0,5.917906046161393,32.60702369139466,0.0,0.0,0.0,0.0,0.0,0.0,0.0,0.0,5.783244946364939,4.794537184071822,5.917906046161393,32.60702369139466,0.0,0.0,0.0,0.0,17.07,0.0,4.794537184071822,0.0,0.0,11.701150992526333,19.26246486877803,6.4208216229260096,0.0,0.0,6.923737199690624,0.0,0.0,0.0,10.673472222222223,0.0,0.0,1.125,0.0,4.051666666666667,2.149861111111111,0.0,0.8571428571428571,8,0,1,1,0,1,0,0,0,1,0,1,0,1,0,1,1,1.7656,32.63899999999998,0,0,0,0,0,0,0,0,0,0,1,1,0,0,0,0,0,0,0,0,0,0,0,0,0,0,0,0,0,0,0,0,0,0,0,0,0,0,0,0,0,0,0,0,0,0,0,0,0,0,0,1,1,0,0,0,0,0,0,0,0,0,0,0,0,0,0,0,0,0,0,0,0,0,0,0,0,0,0,0,0,0,0,0,0
4-Methylcyclohexanone,CC1CCC(=O)CC1,589-92-4,Not biofuel,10.608611111111111,0.461203703703704,10.608611111111111,0.461203703703704,0.4664054785302647,112.172,100.07599999999998,112.088815004,46,0,0.13243195542561695,-0.29971752878253716,0.29971752878253716,0.13243195542561695,1.375,1.875,2.25,16.13790967867921,9.901411082584472,2.129378036315146,-2.1433365218879117,2.1915075606378203,-2.0988098719319552,5.784579633947109,-0.12039198634608674,2.292321282391447,86.55994821726517,5.983127663125442,5.314025684399679,5.314025684399679,3.787693700234704,3.305077776535831,3.305077776535831,2.7211971193069777,2.7211971193069777,1.8319512300735068,1.8319512300735068,1.0841121225538402,1.0841121225538402,-0.33,70.79892376087899,5.8003780964797915,2.2931845310981096,1.3224031402358494,50.08459466072374,0.0,5.783244946364939,0.0,0.0,0.0,0.0,4.794537184071822,0.0,0.0,0.0,6.923737199690624,18.75954929201341,12.841643245852019,0.0,4.794537184071822,5.783244946364939,0.0,0.0,5.917906046161393,32.60702369139466,0.0,0.0,0.0,0.0,0.0,0.0,0.0,0.0,5.783244946364939,4.794537184071822,5.917906046161393,32.60702369139466,0.0,0.0,0.0,0.0,17.07,0.0,4.794537184071822,0.0,0.0,5.783244946364939,31.60119253786543,0.0,0.0,0.0,6.923737199690624,0.0,0.0,0.0,10.608611111111111,0.0,0.0,1.2600000000000002,0.0,3.9166666666666665,2.214722222222222,0.0,0.8571428571428571,8,0,1,1,0,1,0,0,0,1,0,1,0,1,0,1,1,1.7656,32.63899999999998,0,0,0,0,0,0,0,0,0,0,1,1,0,0,0,0,0,0,0,0,0,0,0,0,0,0,0,0,0,0,0,0,0,0,0,0,0,0,0,0,0,0,0,0,0,0,0,0,0,0,0,1,1,0,0,0,0,0,0,0,0,0,0,0,0,0,0,0,0,0,0,0,0,0,0,0,0,0,0,0,0,0,0,0,0
"2,2-Dimethylcyclohexanone",CC1(CCCCC1=O)C,1193-47-1,Not biofuel,11.115833333333333,-0.0017361111111111605,11.115833333333333,0.0017361111111111605,0.4857732625491786,126.199,112.08699999999997,126.104465068,52,0,0.13797908798457326,-0.2991106586604007,0.2991106586604007,0.13797908798457326,1.3333333333333333,2.0,2.3333333333333335,16.139372363547015,9.763899908123392,2.2877061036382473,-2.26515595698445,2.308390242153415,-2.268001520799865,5.840676168281749,-0.1287781668999583,2.598255794165744,124.5293250129808,6.905777393935816,6.236675415210053,6.236675415210053,4.1278270848415755,3.6612309264184786,3.6612309264184786,3.5141665928797403,3.5141665928797403,2.2104617826831476,2.2104617826831476,1.3303066011432332,1.3303066011432332,-0.33,95.48205235910707,6.785340253748558,2.1256600088831354,1.31954575105863,56.449536775120336,0.0,5.783244946364939,0.0,0.0,0.0,0.0,4.794537184071822,0.0,0.0,0.0,20.268296022307258,12.841643245852019,11.83581209232279,0.0,4.794537184071822,5.783244946364939,0.0,0.0,5.41499046939678,39.53076089108528,0.0,0.0,0.0,0.0,0.0,0.0,0.0,0.0,5.783244946364939,4.794537184071822,5.41499046939678,39.53076089108528,0.0,0.0,0.0,0.0,17.07,0.0,4.794537184071822,0.0,5.41499046939678,5.783244946364939,19.26246486877803,6.4208216229260096,0.0,0.0,13.847474399381248,0.0,0.0,0.0,11.115833333333333,0.0,-0.0017361111111111605,0.4525462962962965,0.0,4.249837962962962,4.100185185185185,0.0,0.875,9,0,1,1,0,1,0,0,0,1,0,1,0,1,0,1,1,2.1557000000000004,37.25599999999999,0,0,0,0,0,0,0,0,0,0,1,1,0,0,0,0,0,0,0,0,0,0,0,0,0,0,0,0,0,0,0,0,0,0,0,0,0,0,0,0,0,0,0,0,0,0,0,0,0,0,0,1,1,0,0,0,0,0,0,0,0,0,0,0,0,0,0,0,0,0,0,0,0,0,0,0,0,0,0,0,0,0,0,0,0
"3,3-Dimethylcyclohexanone",CC1(CCCC(=O)C1)C,2979-19-3,Not biofuel,10.878680555555556,0.30092592592592593,10.878680555555556,0.30092592592592593,0.4857732625491786,126.199,112.08699999999997,126.104465068,52,0,0.13294399301697185,-0.29969530402250466,0.29969530402250466,0.13294399301697185,1.4444444444444444,2.111111111111111,2.4444444444444446,16.138025574181192,9.769368510739062,2.250768371023024,-2.271208182026265,2.320491923915118,-2.2148257840411394,5.792232166558057,-0.12249311095432111,2.5071954607822966,124.5293250129808,6.905777393935816,6.236675415210053,6.236675415210053,4.1009536313038994,3.6183377076050265,3.6183377076050265,3.7332187828578185,3.7332187828578185,1.98489102804449,1.98489102804449,1.4746441684406397,1.4746441684406397,-0.33,80.13469118518836,6.785340253748558,2.1256600088831354,1.8105885501681858,56.449536775120336,0.0,5.783244946364939,0.0,0.0,0.0,0.0,4.794537184071822,0.0,0.0,0.0,13.847474399381248,18.2566337152488,12.841643245852019,0.0,4.794537184071822,5.783244946364939,0.0,0.0,5.41499046939678,39.53076089108528,0.0,0.0,0.0,0.0,0.0,0.0,0.0,0.0,5.783244946364939,4.794537184071822,5.41499046939678,39.53076089108528,0.0,0.0,0.0,0.0,17.07,0.0,4.794537184071822,0.0,0.0,11.198235415761719,19.26246486877803,6.4208216229260096,0.0,0.0,13.847474399381248,0.0,0.0,0.0,10.878680555555556,0.0,0.30092592592592593,0.45023148148148184,0.0,3.9454398148148146,4.341388888888889,0.0,0.875,9,0,1,1,0,1,0,0,0,1,0,1,0,1,0,1,1,2.1557000000000004,37.25599999999999,0,0,0,0,0,0,0,0,0,0,1,1,0,0,0,0,0,0,0,0,0,0,0,0,0,0,0,0,0,0,0,0,0,0,0,0,0,0,0,0,0,0,0,0,0,0,0,0,0,0,0,1,1,0,0,0,0,0,0,0,0,0,0,0,0,0,0,0,0,0,0,0,0,0,0,0,0,0,0,0,0,0,0,0,0
"4,4-Dimethylcyclohexanone",CC1(CCC(=O)CC1)C,4255-62-3,Not biofuel,10.750833333333333,0.4384027777777777,10.750833333333333,0.4384027777777777,0.4857732625491786,126.199,112.08699999999997,126.104465068,52,0,0.13245272705740285,-0.2997171454388298,0.2997171454388298,0.13245272705740285,1.2222222222222223,1.6666666666666667,2.0,16.137931354351004,9.77069408309397,2.240433886952913,-2.2737707112973267,2.323633752468043,-2.2010225672580583,5.78674417863617,-0.12148390840848187,2.4372165321445873,112.5293250129808,6.905777393935816,6.236675415210053,6.236675415210053,4.1009536313038994,3.6183377076050265,3.6183377076050265,3.702888696967908,3.702888696967908,2.1612309264184786,2.1612309264184786,1.2056154632092393,1.2056154632092393,-0.33,92.36474703978891,6.785340253748558,2.1256600088831354,1.8105885501681858,56.449536775120336,0.0,5.783244946364939,0.0,0.0,0.0,0.0,4.794537184071822,0.0,0.0,0.0,13.847474399381248,18.2566337152488,12.841643245852019,0.0,4.794537184071822,5.783244946364939,0.0,0.0,5.41499046939678,39.53076089108528,0.0,0.0,0.0,0.0,0.0,0.0,0.0,0.0,5.783244946364939,4.794537184071822,5.41499046939678,39.53076089108528,0.0,0.0,0.0,0.0,17.07,0.0,4.794537184071822,0.0,0.0,11.198235415761719,25.683286491704038,0.0,0.0,0.0,13.847474399381248,0.0,0.0,0.0,10.750833333333333,0.0,0.4384027777777777,0.45307870370370407,0.0,3.8032407407407405,4.471111111111111,0.0,0.875,9,0,1,1,0,1,0,0,0,1,0,1,0,1,0,1,1,2.1557000000000004,37.25599999999999,0,0,0,0,0,0,0,0,0,0,1,1,0,0,0,0,0,0,0,0,0,0,0,0,0,0,0,0,0,0,0,0,0,0,0,0,0,0,0,0,0,0,0,0,0,0,0,0,0,0,0,1,1,0,0,0,0,0,0,0,0,0,0,0,0,0,0,0,0,0,0,0,0,0,0,0,0,0,0,0,0,0,0,0,0
"2,3-Dimethylcyclohexanone",CC1CCCC(=O)C1C,13395-76-1,Not biofuel,11.00449074074074,0.3321759259259258,11.00449074074074,0.3321759259259258,0.48495150298668416,126.19899999999998,112.08699999999997,126.104465068,52,0,0.13546604616144745,-0.29940357257273165,0.29940357257273165,0.13546604616144745,1.4444444444444444,2.111111111111111,2.5555555555555554,16.138649388334716,9.80799455723272,2.2320015616021323,-2.228261479174087,2.251876218187084,-2.228936071208733,5.8101333832484165,-0.1251484871642702,2.5123572323293195,117.73604288123637,6.8533711511285205,6.184269172402757,6.184269172402757,4.21521405516327,3.7426348325964662,3.7426348325964662,3.124500386702708,3.124500386702708,2.4440634596681186,2.4440634596681186,1.393277472648601,1.393277472648601,-0.33,109.737515096202,6.785340253748558,2.5055629570398175,1.31954575105863,56.449536775120336,0.0,5.783244946364939,0.0,0.0,0.0,0.0,4.794537184071822,0.0,0.0,0.0,13.847474399381248,18.75954929201341,12.338727669087403,0.0,4.794537184071822,5.783244946364939,0.0,0.0,11.835812092322787,33.10993926815928,0.0,0.0,0.0,0.0,0.0,0.0,0.0,0.0,5.783244946364939,4.794537184071822,11.835812092322787,33.10993926815928,0.0,0.0,0.0,0.0,17.07,0.0,4.794537184071822,0.0,0.0,17.61905703868773,12.841643245852019,6.4208216229260096,0.0,6.923737199690624,6.923737199690624,0.0,0.0,0.0,11.00449074074074,0.0,0.0,1.4293981481481481,0.0,3.183287037037037,4.216157407407407,0.0,0.875,9,0,1,1,0,1,0,0,0,1,0,1,0,1,0,1,1,2.0116,37.18599999999999,0,0,0,0,0,0,0,0,0,0,1,1,0,0,0,0,0,0,0,0,0,0,0,0,0,0,0,0,0,0,0,0,0,0,0,0,0,0,0,0,0,0,0,0,0,0,0,0,0,0,0,1,1,0,0,0,0,0,0,0,0,0,0,0,0,0,0,0,0,0,0,0,0,0,0,0,0,0,0,0,0,0,0,0,0
"2,4-Dimethylcyclohexanone",CC1CCC(=O)C(C1)C,823-55-2,Not biofuel,10.93962962962963,0.3414351851851849,10.93962962962963,0.3414351851851849,0.48495150298668416,126.19899999999998,112.08699999999997,126.104465068,52,0,0.13522038127748806,-0.2994145045276527,0.2994145045276527,0.13522038127748806,1.4444444444444444,2.111111111111111,2.5555555555555554,16.138598874681556,9.826401694741474,2.211817842856145,-2.2124445782793547,2.2436055711849683,-2.20050878103155,5.807732755292747,-0.12432513801517468,2.438362799199123,117.73604288123637,6.8533711511285205,6.184269172402757,6.184269172402757,4.198377302757663,3.725798080190859,3.725798080190859,3.2469095235305714,3.2469095235305714,2.189104980753409,2.189104980753409,1.4879085548157907,1.4879085548157907,-0.33,104.20091930659319,6.785340253748558,2.5055629570398175,1.5360602545709838,56.449536775120336,0.0,5.783244946364939,0.0,0.0,0.0,0.0,4.794537184071822,0.0,0.0,0.0,13.847474399381248,18.75954929201341,12.338727669087403,0.0,4.794537184071822,5.783244946364939,0.0,0.0,11.835812092322787,33.10993926815928,0.0,0.0,0.0,0.0,0.0,0.0,0.0,0.0,5.783244946364939,4.794537184071822,11.835812092322787,33.10993926815928,0.0,0.0,0.0,0.0,17.07,0.0,4.794537184071822,0.0,0.0,11.701150992526333,25.18037091493942,0.0,0.0,6.923737199690624,6.923737199690624,0.0,0.0,0.0,10.93962962962963,0.0,0.0,1.5829166666666665,0.0,3.0459722222222223,4.264814814814815,0.0,0.875,9,0,1,1,0,1,0,0,0,1,0,1,0,1,0,1,1,2.0116,37.18599999999999,0,0,0,0,0,0,0,0,0,0,1,1,0,0,0,0,0,0,0,0,0,0,0,0,0,0,0,0,0,0,0,0,0,0,0,0,0,0,0,0,0,0,0,0,0,0,0,0,0,0,0,1,1,0,0,0,0,0,0,0,0,0,0,0,0,0,0,0,0,0,0,0,0,0,0,0,0,0,0,0,0,0,0,0,0
"2,5-Dimethylcyclohexanone",CC1CCC(C(=O)C1)C,932-51-4,Not biofuel,11.00449074074074,0.34833333333333316,11.00449074074074,0.34833333333333316,0.48495150298668416,126.19899999999998,112.08699999999997,126.104465068,52,0,0.13546549861226312,-0.29940361348606065,0.29940361348606065,0.13546549861226312,1.3333333333333333,2.0,2.4444444444444446,16.1386424393605,9.83061065646785,2.212009568856384,-2.207075628091108,2.2391902961659746,-2.201778994879688,5.809681697001267,-0.12465563721044381,2.4407846967939517,117.73604288123637,6.8533711511285205,6.184269172402757,6.184269172402757,4.198377302757663,3.725798080190859,3.725798080190859,3.2540065429618,3.2540065429618,2.1917710005064888,2.1917710005064888,1.34219533268963,1.34219533268963,-0.33,104.20091930659319,6.785340253748558,2.5055629570398175,1.5360602545709838,56.449536775120336,0.0,5.783244946364939,0.0,0.0,0.0,0.0,4.794537184071822,0.0,0.0,0.0,13.847474399381248,18.75954929201341,12.338727669087403,0.0,4.794537184071822,5.783244946364939,0.0,0.0,11.835812092322787,33.10993926815928,0.0,0.0,0.0,0.0,0.0,0.0,0.0,0.0,5.783244946364939,4.794537184071822,11.835812092322787,33.10993926815928,0.0,0.0,0.0,0.0,17.07,0.0,4.794537184071822,0.0,0.0,17.619057038687725,12.841643245852019,6.4208216229260096,0.0,6.923737199690624,6.923737199690624,0.0,0.0,0.0,11.00449074074074,0.0,0.0,1.461712962962963,0.0,3.174675925925926,4.192453703703704,0.0,0.875,9,0,1,1,0,1,0,0,0,1,0,1,0,1,0,1,1,2.0116,37.18599999999999,0,0,0,0,0,0,0,0,0,0,1,1,0,0,0,0,0,0,0,0,0,0,0,0,0,0,0,0,0,0,0,0,0,0,0,0,0,0,0,0,0,0,0,0,0,0,0,0,0,0,0,1,1,0,0,0,0,0,0,0,0,0,0,0,0,0,0,0,0,0,0,0,0,0,0,0,0,0,0,0,0,0,0,0,0
"2,6-Dimethylcyclohexanone",CC1CCCC(C1=O)C,2816-57-1,Biofuel,11.125092592592592,0.3414351851851849,11.125092592592592,0.3414351851851849,0.48495150298668416,126.19899999999998,112.08699999999997,126.104465068,52,0,0.13798749715526024,-0.29911164592408207,0.29911164592408207,0.13798749715526024,1.2222222222222223,1.6666666666666667,2.0,16.139273244236655,9.823016023925517,2.2322792871783625,-2.2104024080109346,2.2372941274873344,-2.2338943880520445,5.828452426916668,-0.12738287099931042,2.515222059861384,105.73604288123637,6.8533711511285205,6.184269172402757,6.184269172402757,4.21521405516327,3.7526715337285355,3.7526715337285355,3.1353677274262974,3.1353677274262974,2.2456782150393337,2.2456782150393337,1.500443623153493,1.500443623153493,-0.33,109.737515096202,6.785340253748558,2.5055629570398175,1.31954575105863,56.449536775120336,0.0,5.783244946364939,0.0,0.0,0.0,0.0,4.794537184071822,0.0,0.0,0.0,20.268296022307258,12.841643245852019,11.835812092322787,0.0,4.794537184071822,5.783244946364939,0.0,0.0,11.835812092322787,33.10993926815928,0.0,0.0,0.0,0.0,0.0,0.0,0.0,0.0,5.783244946364939,4.794537184071822,11.835812092322787,33.10993926815928,0.0,0.0,0.0,0.0,17.07,0.0,4.794537184071822,0.0,0.0,17.619057038687725,12.841643245852019,6.4208216229260096,0.0,13.847474399381248,0.0,0.0,0.0,0.0,11.125092592592592,0.0,0.0,1.15625,0.0,3.4726388888888886,4.079351851851852,0.0,0.875,9,0,1,1,0,1,0,0,0,1,0,1,0,1,0,1,1,2.0116,37.18599999999999,0,0,0,0,0,0,0,0,0,0,1,1,0,0,0,0,0,0,0,0,0,0,0,0,0,0,0,0,0,0,0,0,0,0,0,0,0,0,0,0,0,0,0,0,0,0,0,0,0,0,0,1,1,0,0,0,0,0,0,0,0,0,0,0,0,0,0,0,0,0,0,0,0,0,0,0,0,0,0,0,0,0,0,0,0
"3,4-Dimethylcyclohexanone",CC1CCC(=O)CC1C,5465/9/8,Not biofuel,10.819027777777778,0.4588888888888891,10.819027777777778,0.4588888888888891,0.48495150298668416,126.19899999999998,112.08699999999997,126.104465068,52,0,0.1326978049996437,-0.2997062645605411,0.2997062645605411,0.1326978049996437,1.3333333333333333,2.0,2.4444444444444446,16.137973475944033,9.81111701852568,2.2104996352447532,-2.231532613741983,2.25774476576737,-2.19481813246903,5.7881851156362645,-0.12178215853792856,2.436296476733113,117.73604288123637,6.8533711511285205,6.184269172402757,6.184269172402757,4.198377302757663,3.7157613790587902,3.7157613790587902,3.2360421828069823,3.2360421828069823,2.39956883332295,2.39956883332295,1.335539627753608,1.335539627753608,-0.33,104.20091930659319,6.785340253748558,2.5055629570398175,1.5360602545709838,56.449536775120336,0.0,5.783244946364939,0.0,0.0,0.0,0.0,4.794537184071822,0.0,0.0,0.0,13.847474399381248,18.256633715248796,12.841643245852019,0.0,4.794537184071822,5.783244946364939,0.0,0.0,11.835812092322787,33.10993926815928,0.0,0.0,0.0,0.0,0.0,0.0,0.0,0.0,5.783244946364939,4.794537184071822,11.835812092322787,33.10993926815928,0.0,0.0,0.0,0.0,17.07,0.0,4.794537184071822,0.0,0.0,11.701150992526333,25.18037091493942,0.0,0.0,0.0,13.847474399381248,0.0,0.0,0.0,10.819027777777778,0.0,0.0,1.8560648148148147,0.0,2.7566203703703707,4.40162037037037,0.0,0.875,9,0,1,1,0,1,0,0,0,1,0,1,0,1,0,1,1,2.0116,37.18599999999999,0,0,0,0,0,0,0,0,0,0,1,1,0,0,0,0,0,0,0,0,0,0,0,0,0,0,0,0,0,0,0,0,0,0,0,0,0,0,0,0,0,0,0,0,0,0,0,0,0,0,0,1,1,0,0,0,0,0,0,0,0,0,0,0,0,0,0,0,0,0,0,0,0,0,0,0,0,0,0,0,0,0,0,0,0
"3,5-Dimethylcyclohexanone",CC1CC(CC(=O)C1)C,2320-30-1,Not biofuel,10.883888888888889,0.45949074074074114,10.883888888888889,0.45949074074074114,0.48495150298668416,126.199,112.08699999999997,126.104465068,52,0,0.132942926261058,-0.29969538202395796,0.29969538202395796,0.132942926261058,1.2222222222222223,1.6666666666666667,2.0,16.138016542643236,9.828051761115196,2.2005183169382367,-2.2134216227354466,2.246455349634848,-2.1810301834683727,5.7902158069793845,-0.1220339735575957,2.432478621976079,105.73604288123637,6.8533711511285205,6.184269172402757,6.184269172402757,4.1815405503520555,3.698924626653183,3.698924626653183,3.39296911649927,3.39296911649927,1.9570030804445206,1.9570030804445206,1.714203800617776,1.714203800617776,-0.33,85.7569381887915,6.785340253748558,2.5055629570398175,1.8105885501681858,56.449536775120336,0.0,5.783244946364939,0.0,0.0,0.0,0.0,4.794537184071822,0.0,0.0,0.0,13.847474399381248,18.256633715248796,12.841643245852019,0.0,4.794537184071822,5.783244946364939,0.0,0.0,11.835812092322787,33.10993926815928,0.0,0.0,0.0,0.0,0.0,0.0,0.0,0.0,5.783244946364939,4.794537184071822,11.835812092322787,33.10993926815928,0.0,0.0,0.0,0.0,17.07,0.0,4.794537184071822,0.0,0.0,17.619057038687725,12.841643245852019,6.4208216229260096,0.0,0.0,13.847474399381248,0.0,0.0,0.0,10.883888888888889,0.0,0.0,1.7395833333333333,0.0,2.8893055555555556,4.320555555555556,0.0,0.875,9,0,1,1,0,1,0,0,0,1,0,1,0,1,0,1,1,2.0116,37.18599999999999,0,0,0,0,0,0,0,0,0,0,1,1,0,0,0,0,0,0,0,0,0,0,0,0,0,0,0,0,0,0,0,0,0,0,0,0,0,0,0,0,0,0,0,0,0,0,0,0,0,0,0,1,1,0,0,0,0,0,0,0,0,0,0,0,0,0,0,0,0,0,0,0,0,0,0,0,0,0,0,0,0,0,0,0,0
n-Propionaldehyde,CCC=O,123-38-6,Biofuel,9.17361111111111,0.6388888888888888,9.17361111111111,0.6388888888888888,0.40325990291792796,58.08,52.032000000000004,58.041864812,24,0,0.11921494428801727,-0.30341423261619294,0.30341423261619294,0.11921494428801727,2.0,2.25,2.25,16.128669873456406,10.573321524729696,1.5215102458266105,-1.5102578854215465,1.5296669070255924,-1.546033732636957,5.477669402907269,-0.10708870297661234,2.2968352619191386,17.24511249783653,3.414213562373095,2.6927053408400363,2.6927053408400363,1.914213562373095,1.3510573320459265,1.3510573320459265,0.5749149571305296,0.5749149571305296,0.16666666666666669,0.16666666666666669,0.0,0.0,-0.33,6.854752972273345,3.67,2.67,1.6699999999999997,25.630657356666532,4.794537184071822,6.286160523129555,0.0,0.0,0.0,0.0,0.0,0.0,0.0,0.0,6.923737199690624,0.0,6.4208216229260096,0.0,4.794537184071822,6.286160523129555,0.0,0.0,0.0,13.344558822616634,0.0,0.0,0.0,0.0,0.0,0.0,0.0,0.0,6.286160523129555,4.794537184071822,0.0,13.344558822616634,0.0,0.0,0.0,0.0,17.07,0.0,4.794537184071822,0.0,0.0,6.4208216229260096,6.286160523129555,0.0,0.0,6.923737199690624,0.0,0.0,0.0,0.0,9.17361111111111,0.0,0.0,0.0,0.0,1.5138888888888888,1.8125,0.0,0.6666666666666666,4,0,1,0,0,0,0,0,0,1,0,1,1,0,0,0,0,0.5952999999999999,16.355,0,0,0,0,0,0,0,0,0,0,1,1,0,0,0,0,0,0,0,0,0,0,0,1,0,0,0,0,0,0,0,0,0,0,0,0,0,0,0,0,0,0,0,0,0,0,0,0,0,0,0,0,0,0,0,0,0,0,0,0,0,0,0,0,0,0,0,0,0,0,0,0,0,0,0,0,0,0,0,0,0,0,0,0,0
Acrolein,C=CC=O,107-02-8,Biofuel,9.055555555555555,0.6388888888888888,9.055555555555555,0.6388888888888888,0.31313126444279954,56.064,52.032000000000004,56.026214748,22,0,0.14174582194221017,-0.29858708973922715,0.29858708973922715,0.14174582194221017,1.75,2.0,2.0,16.12840492550892,10.753742835977695,1.378083046024375,-1.372725567134327,1.3487979287129213,-1.442844403513594,5.628518249006766,-0.10359784137612435,2.7320508075688776,24.264662506490403,3.414213562373095,2.270055610029662,2.270055610029662,1.914213562373095,0.9772838841927123,0.9772838841927123,0.37178502388347023,0.37178502388347023,0.09622504486493764,0.09622504486493764,0.0,0.0,-0.5900000000000001,6.854752972273345,3.4100000000000006,2.4100000000000006,1.4100000000000017,24.941054324482277,0.0,6.286160523129555,0.0,0.0,0.0,0.0,4.794537184071822,0.0,0.0,0.0,6.578935683598497,6.076020106833881,0.0,0.0,4.794537184071822,6.286160523129555,0.0,0.0,0.0,0.0,0.0,12.654955790432378,0.0,0.0,0.0,0.0,0.0,0.0,6.286160523129555,4.794537184071822,0.0,0.0,12.654955790432378,0.0,0.0,0.0,17.07,0.0,0.0,0.0,0.0,6.286160523129555,0.0,6.076020106833881,0.0,0.0,6.578935683598497,4.794537184071822,0.0,0.0,9.055555555555555,0.0,0.0,0.0,0.0,1.8333333333333333,3.111111111111111,0.0,0.0,4,0,1,0,0,0,0,0,0,1,0,1,1,0,0,0,0,0.37129999999999996,16.261,0,0,0,0,0,0,0,0,0,0,1,1,0,0,0,0,0,0,0,0,0,0,0,1,0,0,1,0,0,0,0,0,0,0,0,0,0,0,0,0,0,0,0,0,0,0,0,0,0,0,0,0,0,0,0,0,0,0,0,0,0,0,0,0,0,0,0,0,0,0,0,0,0,0,0,0,0,0,0,0,0,0,0,0,0
n-Butyraldehyde,CCCC=O,123-72-8,Biofuel,9.40486111111111,0.7083333333333333,9.40486111111111,0.7083333333333333,0.4443450475833798,72.107,64.04299999999999,72.057514876,30,0,0.11947978113414225,-0.30340309725779463,0.30340309725779463,0.11947978113414225,1.8,2.4,2.4,16.12871271764662,10.380675929382486,1.6636987729341335,-1.6800477671236316,1.743585169718209,-1.641993214737829,5.483092870586735,-0.10737864157580468,2.4017152226171965,24.828921423310437,4.121320343559642,3.399812122026584,3.399812122026584,2.414213562373095,1.8510573320459265,1.8510573320459265,0.9553418012614794,0.9553418012614794,0.4065262647925708,0.4065262647925708,0.11785113019775793,0.11785113019775793,-0.33,11.245112497836532,4.67,3.67,3.67,31.99559947106314,4.794537184071822,6.286160523129555,0.0,0.0,0.0,0.0,0.0,0.0,0.0,0.0,6.923737199690624,6.4208216229260096,6.4208216229260096,0.0,4.794537184071822,6.286160523129555,0.0,0.0,0.0,19.765380445542643,0.0,0.0,0.0,0.0,0.0,0.0,0.0,0.0,6.286160523129555,4.794537184071822,0.0,19.765380445542643,0.0,0.0,0.0,0.0,17.07,0.0,4.794537184071822,0.0,0.0,6.4208216229260096,12.706982146055566,0.0,0.0,6.923737199690624,0.0,0.0,0.0,0.0,9.40486111111111,0.0,0.0,0.0,0.0,2.614583333333333,1.9805555555555556,0.0,0.75,5,0,1,0,0,0,0,0,0,1,0,1,2,0,0,0,0,0.9854,20.971999999999994,0,0,0,0,0,0,0,0,0,0,1,1,0,0,0,0,0,0,0,0,0,0,0,1,0,0,0,0,0,0,0,0,0,0,0,0,0,0,0,0,0,0,0,0,0,0,0,0,0,0,0,0,0,0,0,0,0,0,0,0,0,0,0,0,0,0,0,0,0,0,0,0,0,0,0,0,0,0,0,0,0,0,0,0,0
Methacrolein,CC(=C)C=O,78-85-3,Biofuel,9.405092592592592,0.5740740740740742,9.405092592592592,0.5740740740740742,0.32859625570390477,70.09100000000001,64.04299999999999,70.041864812,28,0,0.14464746563280093,-0.2982913909836627,0.2982913909836627,0.14464746563280093,2.0,2.2,2.2,16.128964822824187,10.412196790266377,1.6568001782247015,-1.6542629080660445,1.7047736251452257,-1.6463705152666726,5.702399709749576,-0.10437231166283789,3.204805417886435,54.668290500398435,4.284457050376173,3.1927053408400363,3.1927053408400363,2.270055610029662,1.3779307855836025,1.3779307855836025,0.964203800617776,0.964203800617776,0.2011844635310913,0.2011844635310913,0.0,0.0,-0.5900000000000001,9.65148445440323,4.41,1.7032551319648097,3.410000000000001,31.305996438878886,0.0,6.286160523129555,0.0,0.0,0.0,0.0,4.794537184071822,0.0,0.0,0.0,6.578935683598497,12.496841729759891,0.0,0.0,4.794537184071822,6.286160523129555,0.0,0.0,0.0,6.923737199690624,0.0,12.152040213667764,0.0,0.0,0.0,0.0,0.0,0.0,6.286160523129555,4.794537184071822,0.0,6.923737199690624,12.152040213667764,0.0,0.0,0.0,17.07,0.0,4.794537184071822,0.0,0.0,5.573104530069267,6.286160523129555,0.0,6.923737199690624,0.0,6.578935683598497,0.0,0.0,0.0,9.405092592592592,0.0,0.5740740740740742,0.0,0.0,0.7222222222222223,4.965277777777778,0.0,0.25,5,0,1,0,0,0,0,0,0,1,0,1,1,0,0,0,0,0.7614000000000001,20.877999999999993,0,0,0,0,0,0,0,0,0,0,1,1,0,0,0,0,0,0,0,0,0,0,0,1,0,0,1,0,0,0,0,0,0,0,0,0,0,0,0,0,0,0,0,0,0,0,0,0,0,0,0,0,0,0,0,0,0,0,0,0,0,0,0,0,0,0,0,0,0,0,0,0,0,0,0,0,0,0,0,0,0,0,0,0,0
trans-Crotonaldehyde,CC=CC=O,123-73-9,Biofuel,9.318055555555556,0.75,9.318055555555556,0.75,0.32859625570390477,70.09100000000001,64.04299999999999,70.041864812,28,0,0.1420076657939182,-0.2985764972892379,0.2985764972892379,0.1420076657939182,1.6,2.2,2.2,16.12842713066499,10.58103585576976,1.4781833045191721,-1.5083268326091084,1.5479039271363129,-1.4987565135450156,5.637710671063807,-0.10362174949396151,2.9244181981729174,45.60964047443681,4.121320343559642,3.1402990980327403,3.1402990980327403,2.414213562373095,1.4797191962518086,1.4797191962518086,0.6618661865511632,0.6618661865511632,0.271017509861714,0.271017509861714,0.07856742013183866,0.07856742013183866,-0.5900000000000001,11.245112497836532,4.41,3.4100000000000006,3.410000000000001,31.305996438878882,0.0,6.286160523129555,0.0,0.0,0.0,0.0,4.794537184071822,0.0,0.0,0.0,6.076020106833881,12.999757306524504,0.0,0.0,4.794537184071822,6.286160523129555,0.0,0.0,0.0,6.923737199690624,0.0,12.152040213667762,0.0,0.0,0.0,0.0,0.0,0.0,6.286160523129555,4.794537184071822,0.0,6.923737199690624,12.152040213667762,0.0,0.0,0.0,17.07,0.0,4.794537184071822,0.0,0.0,0.0,6.286160523129555,6.076020106833881,12.999757306524504,0.0,0.0,0.0,0.0,0.0,9.318055555555556,0.0,0.0,0.0,0.0,3.8819444444444446,1.8,0.0,0.25,5,0,1,0,0,0,0,0,0,1,0,1,1,0,0,0,0,0.7614000000000001,20.877999999999993,0,0,0,0,0,0,0,0,0,0,1,1,0,0,0,0,0,0,0,0,0,0,0,1,0,0,2,0,0,0,0,0,0,0,0,0,0,0,0,0,0,0,0,0,0,0,0,0,0,0,0,0,0,0,0,0,0,0,0,0,0,0,0,0,0,0,0,0,0,0,0,0,0,0,0,0,0,0,0,0,0,0,0,0,0
Methyl formate,COC=O,107-31-3,Biofuel,8.95138888888889,0.375,8.95138888888889,0.375,0.39122582473304857,60.05200000000001,56.02,60.021129368000004,24,0,0.29229926118868244,-0.47122144651324294,0.47122144651324294,0.29229926118868244,2.0,2.25,2.25,16.507215603563868,11.504441992047042,1.4400368443510951,-1.666250135997895,1.3497095476217214,-1.67798453203007,5.3577601396717425,-0.12552598146619626,2.2968352619191386,18.0,3.414213562373095,2.393846850117352,2.393846850117352,1.914213562373095,0.8796528112548949,0.8796528112548949,0.33192730526045355,0.33192730526045355,0.09622504486493766,0.09622504486493766,0.0,0.0,-0.53,6.854752972273345,3.4699999999999998,2.4699999999999993,1.4699999999999982,24.379260471776803,4.736862953800049,0.0,0.0,0.0,6.472220864716464,0.0,4.794537184071822,0.0,0.0,0.0,0.0,0.0,0.0,7.109797541277533,9.53140013787187,6.472220864716464,0.0,0.0,0.0,0.0,7.109797541277533,0.0,0.0,0.0,0.0,0.0,0.0,0.0,13.582018405993997,9.53140013787187,0.0,0.0,0.0,0.0,0.0,0.0,26.3,0.0,0.0,0.0,0.0,6.472220864716464,0.0,7.109797541277533,0.0,0.0,4.736862953800049,4.794537184071822,3.861111111111111,0.0,8.95138888888889,0.0,0.0,0.0,0.0,0.0,0.375,1.3125,0.5,4,0,2,0,0,0,0,0,0,2,0,2,1,0,0,0,0,-0.2108000000000001,13.073,0,0,0,0,0,0,0,0,0,0,1,1,0,0,0,0,0,0,0,0,0,0,0,0,0,0,0,0,0,0,0,0,0,0,0,0,0,0,0,0,0,1,0,0,0,0,0,0,0,0,0,0,0,0,0,1,0,0,0,0,0,0,0,0,0,0,0,0,0,0,0,0,0,0,0,0,0,0,0,0,0,0,0,0,0
Ethyl formate,CCOC=O,109-94-4,Biofuel,9.182638888888889,0.4305555555555556,9.182638888888889,0.4305555555555556,0.43656455010269035,74.07900000000001,68.03099999999999,74.036779432,30,0,0.2925654199437486,-0.46819518164403584,0.46819518164403584,0.2925654199437486,2.0,2.6,2.6,16.516309308338048,10.883385014889067,1.6039718390313007,-1.7943348616310786,1.5491966306511697,-1.803951012140935,5.361538885172828,-0.1276935876884935,2.4017152226171965,26.07403392114697,4.121320343559642,3.1009536313038994,3.1009536313038994,2.414213562373095,1.4671864365723921,1.4671864365723921,0.5515668461264173,0.5515668461264173,0.2347080484106439,0.2347080484106439,0.0680413817439772,0.0680413817439772,-0.53,11.245112497836532,4.469999999999999,3.4699999999999998,3.469999999999999,30.744202586173408,4.736862953800049,0.0,0.0,0.0,6.472220864716464,0.0,4.794537184071822,0.0,0.0,0.0,0.0,6.923737199690624,0.0,6.606881964512918,9.53140013787187,6.472220864716464,0.0,0.0,0.0,6.923737199690624,6.606881964512918,0.0,0.0,0.0,0.0,0.0,0.0,0.0,13.079102829229381,9.53140013787187,0.0,6.923737199690624,0.0,0.0,0.0,0.0,26.3,0.0,4.794537184071822,0.0,0.0,13.079102829229381,0.0,0.0,6.923737199690624,0.0,4.736862953800049,0.0,4.152777777777778,0.0,9.182638888888889,0.0,0.0,0.0,0.0,0.0,2.664583333333333,0.0,0.6666666666666666,5,0,2,0,0,0,0,0,0,2,0,2,2,0,0,0,0,0.17930000000000001,17.689999999999998,0,0,0,0,0,0,0,0,0,0,1,1,0,0,0,0,0,0,0,0,0,0,0,0,0,0,0,0,0,0,0,0,0,0,0,0,0,0,0,0,0,1,0,0,0,0,0,0,0,0,0,0,0,0,0,0,0,0,0,0,0,0,0,0,0,0,0,0,0,0,0,0,0,0,0,0,0,0,0,0,0,0,0,0,0
Methyl propanoate,CCC(=O)OC,554-12-1,Biofuel,9.958333333333334,-0.157407407407407,9.958333333333334,0.157407407407407,0.43785087777866244,88.106,80.042,88.052429496,36,0,0.30472073144092393,-0.46900295028300515,0.46900295028300515,0.30472073144092393,1.8333333333333333,2.3333333333333335,2.3333333333333335,16.522869370033764,10.512118003567068,1.870668997275968,-1.8675225081075373,1.7575525546136803,-1.944516245979505,5.680312931199207,-0.13969616300335452,2.9881608821342693,43.50977500432694,4.99156383156272,4.023603362114274,4.023603362114274,2.808060412490447,1.8771567527075474,1.8771567527075474,0.9296860037533515,0.9296860037533515,0.5163460352255528,0.5163460352255528,0.14433756729740646,0.14433756729740646,-0.53,19.800269059780252,5.469999999999999,2.693713646532438,1.7581844380403455,37.10914470057002,4.736862953800049,0.0,0.0,0.0,0.0,5.969305287951849,4.794537184071822,0.0,0.0,0.0,6.923737199690624,0.0,6.4208216229260096,7.109797541277533,9.53140013787187,5.969305287951849,0.0,0.0,0.0,13.344558822616634,7.109797541277533,0.0,0.0,0.0,0.0,0.0,0.0,0.0,13.079102829229383,9.53140013787187,0.0,13.344558822616634,0.0,0.0,0.0,0.0,26.3,0.0,4.794537184071822,0.0,5.969305287951849,6.4208216229260096,0.0,7.109797541277533,6.923737199690624,0.0,4.736862953800049,0.0,4.260416666666667,0.0,9.958333333333334,0.0,0.0,-0.157407407407407,0.0,0.46875,1.755787037037037,1.380787037037037,0.75,6,0,2,0,0,0,0,0,0,2,0,2,1,0,0,0,0,0.5694,22.30699999999999,0,0,0,0,0,0,0,0,0,0,1,1,0,0,0,0,0,0,0,0,0,0,0,0,0,0,0,0,0,0,0,0,0,0,0,0,0,0,0,0,1,1,0,0,0,0,0,0,0,0,0,0,0,0,0,1,0,0,0,0,0,0,0,0,0,0,0,0,0,0,0,0,0,0,0,0,0,0,0,0,0,0,0,0,0
Ethyl acetate,CCOC(C)=O,141-78-6,Biofuel,9.821527777777778,-0.21064814814814792,9.821527777777778,0.21064814814814792,0.43785087777866244,88.106,80.04199999999999,88.052429496,36,0,0.3021127777269908,-0.4661718899744166,0.4661718899744166,0.3021127777269908,1.8333333333333333,2.3333333333333335,2.3333333333333335,16.530890923521227,10.769902048584518,1.8115671919809495,-1.8897674900509007,1.6913973775510127,-1.9485172088790024,5.652796097040712,-0.13988766123000757,2.831257109931365,49.50977500432694,4.99156383156272,4.023603362114273,4.023603362114273,2.770055610029662,1.9040302062452235,1.9040302062452235,0.9245943256894159,0.9245943256894159,0.3476006996936919,0.3476006996936919,0.20326313239628543,0.20326313239628543,-0.53,14.834466856136647,5.469999999999999,2.693713646532438,3.4699999999999998,37.10914470057002,4.736862953800049,0.0,0.0,0.0,0.0,5.969305287951849,4.794537184071822,0.0,0.0,0.0,0.0,6.923737199690624,6.923737199690624,6.606881964512918,9.53140013787187,5.969305287951849,0.0,0.0,0.0,13.847474399381248,6.606881964512918,0.0,0.0,0.0,0.0,0.0,0.0,0.0,12.576187252464766,9.53140013787187,0.0,13.847474399381248,0.0,0.0,0.0,0.0,26.3,0.0,4.794537184071822,0.0,5.969305287951849,6.606881964512918,0.0,6.923737199690624,6.923737199690624,0.0,4.736862953800049,0.0,4.402777777777778,0.0,9.821527777777778,0.0,0.0,-0.21064814814814792,0.0,0.0,3.6530092592592593,0.0,0.75,6,0,2,0,0,0,0,0,0,2,0,2,1,0,0,0,0,0.5694,22.30699999999999,0,0,0,0,0,0,0,0,0,0,1,1,0,0,0,0,0,0,0,0,0,0,0,0,0,0,0,0,0,0,0,0,0,0,0,0,0,0,0,0,1,1,0,0,0,0,0,0,0,0,0,0,0,0,0,0,0,0,0,0,0,0,0,0,0,0,0,0,0,0,0,0,0,0,0,0,0,0,0,0,0,0,0,0,0
Propyl formate,CCCOC=O,110-74-7,Biofuel,9.341527777777777,0.4618055555555556,9.341527777777777,0.4618055555555556,0.37212291456454344,88.10599999999998,80.042,88.052429496,36,0,0.2925753483471992,-0.46791203855956276,0.46791203855956276,0.2925753483471992,1.8333333333333333,2.5,2.6666666666666665,16.516841510438685,10.539382035043038,1.7112053324308492,-1.861193116859676,1.712419713256837,-1.8568495855535254,5.36221374634295,-0.12819174663100488,2.4884037718761123,34.529325012980806,4.82842712474619,3.808060412490447,3.808060412490447,2.914213562373095,1.9671864365723921,1.9671864365723921,0.9670158567635357,0.9670158567635357,0.3900166571736666,0.3900166571736666,0.16596365263022675,0.16596365263022675,-0.53,20.986300857070454,5.469999999999999,4.469999999999999,3.4699999999999998,37.10914470057002,4.736862953800049,0.0,0.0,0.0,6.472220864716464,0.0,4.794537184071822,0.0,0.0,0.0,6.923737199690624,6.4208216229260096,0.0,6.606881964512918,9.53140013787187,6.472220864716464,0.0,0.0,0.0,13.344558822616634,6.606881964512918,0.0,0.0,0.0,0.0,0.0,0.0,0.0,13.079102829229381,9.53140013787187,0.0,13.344558822616634,0.0,0.0,0.0,0.0,26.3,0.0,4.794537184071822,0.0,0.0,13.079102829229381,6.4208216229260096,0.0,0.0,6.923737199690624,4.736862953800049,0.0,4.302083333333334,0.0,9.341527777777777,0.0,0.0,0.0,0.0,0.9015277777777778,2.9548611111111107,0.0,0.75,6,0,2,0,0,0,0,0,0,2,0,2,3,0,0,0,0,0.5694,22.306999999999995,0,0,0,0,0,0,0,0,0,0,1,1,0,0,0,0,0,0,0,0,0,0,0,0,0,0,0,0,0,0,0,0,0,0,0,0,0,0,0,0,0,1,0,0,0,0,0,0,0,0,0,0,0,0,0,0,0,0,0,0,0,0,0,0,0,0,0,0,0,0,0,0,0,0,0,0,0,0,0,0,0,0,0,1,0
Isopropyl formate,CC(C)OC=O,625-55-8,Biofuel,9.393055555555556,0.030092592592592338,9.393055555555556,0.030092592592592338,0.4610599233425562,88.106,80.042,88.052429496,36,0,0.29283229361141283,-0.4651792362167018,0.4651792362167018,0.29283229361141283,1.6666666666666667,2.1666666666666665,2.1666666666666665,16.526336172090968,10.489743529806187,1.8314698154234874,-1.957225419663054,1.7864740138811916,-1.975934661260451,5.366422626348564,-0.13145896961620057,2.8141442217770303,40.81274391313339,4.99156383156272,3.9711971193069777,3.9711971193069777,2.770055610029662,1.8618073195657994,1.8618073195657994,1.2810625983335497,1.2810625983335497,0.32772108253146437,0.32772108253146437,0.11111111111111117,0.11111111111111117,-0.53,14.834466856136647,5.469999999999999,2.693713646532438,3.4699999999999998,37.10914470057001,4.736862953800049,0.0,0.0,0.0,6.472220864716464,0.0,4.794537184071822,0.0,0.0,0.0,0.0,13.847474399381248,0.0,6.103966387748303,9.53140013787187,6.472220864716464,0.0,0.0,0.0,19.95144078712955,0.0,0.0,0.0,0.0,0.0,0.0,0.0,0.0,12.576187252464766,9.53140013787187,0.0,13.847474399381248,0.0,0.0,0.0,0.0,26.3,0.0,4.794537184071822,0.0,6.103966387748303,6.472220864716464,0.0,0.0,13.847474399381248,0.0,4.736862953800049,0.0,4.361111111111111,0.0,9.393055555555556,0.0,0.0,0.0,0.0,0.030092592592592338,4.049074074074074,0.0,0.75,6,0,2,0,0,0,0,0,0,2,0,2,2,0,0,0,0,0.5678,22.284999999999993,0,0,0,0,0,0,0,0,0,0,1,1,0,0,0,0,0,0,0,0,0,0,0,0,0,0,0,0,0,0,0,0,0,0,0,0,0,0,0,0,0,1,0,0,0,0,0,0,0,0,0,0,0,0,0,0,0,0,0,0,0,0,0,0,0,0,0,0,0,0,0,0,0,0,0,0,0,0,0,0,0,0,0,0,0
Methyl butanoate,CCCC(=O)OC,623-42-7,Biofuel,10.189583333333333,-0.1226851851851849,10.189583333333333,0.1226851851851849,0.485245073645189,102.13299999999998,92.05299999999998,102.06807956,42,0,0.30499121879740626,-0.46899555445129654,0.46899555445129654,0.30499121879740626,1.7142857142857142,2.2857142857142856,2.4285714285714284,16.522927795707158,10.346773011787448,1.9216259777301299,-1.9053755893724298,1.8636239604227558,-1.967764940986358,5.683969138452378,-0.14012500645099385,3.002590528674132,59.10049400592805,5.698670612749268,4.730710143300821,4.730710143300821,3.308060412490447,2.3771567527075472,2.3771567527075472,1.3261326131600775,1.3261326131600775,0.6817950458626713,0.6817950458626713,0.30618621784789724,0.30618621784789724,-0.53,31.916635235956914,6.47,3.6528153564899446,3.2963341491124023,43.47408681496663,4.736862953800049,0.0,0.0,0.0,0.0,5.969305287951849,4.794537184071822,0.0,0.0,0.0,6.923737199690624,6.4208216229260096,6.4208216229260096,7.109797541277533,9.53140013787187,5.969305287951849,0.0,0.0,0.0,19.765380445542643,7.109797541277533,0.0,0.0,0.0,0.0,0.0,0.0,0.0,13.079102829229383,9.53140013787187,0.0,19.765380445542643,0.0,0.0,0.0,0.0,26.3,0.0,4.794537184071822,0.0,5.969305287951849,6.4208216229260096,6.4208216229260096,7.109797541277533,0.0,6.923737199690624,4.736862953800049,0.0,4.351666666666667,0.0,10.189583333333333,0.0,0.0,-0.1226851851851849,0.0,1.405925925925926,1.9413888888888888,1.400787037037037,0.8,7,0,2,0,0,0,0,0,0,2,0,2,2,0,0,0,0,0.9595,26.923999999999985,0,0,0,0,0,0,0,0,0,0,1,1,0,0,0,0,0,0,0,0,0,0,0,0,0,0,0,0,0,0,0,0,0,0,0,0,0,0,0,0,1,1,0,0,0,0,0,0,0,0,0,0,0,0,0,1,0,0,0,0,0,0,0,0,0,0,0,0,0,0,0,0,0,0,0,0,0,0,0,0,0,0,0,0,0
Methyl isobutyrate,COC(=O)C(C)C,547-63-7,Biofuel,10.289351851851851,-0.15277777777777746,10.289351851851851,0.004629629629629317,0.4579236904082328,102.133,92.053,102.06807956,42,0,0.30758550293304554,-0.468807027224319,0.468807027224319,0.30758550293304554,1.5714285714285714,2.0,2.0,16.523812446720683,10.22741717763114,2.026422464396471,-1.974607566782613,1.913952842918008,-2.0719809619365073,5.7067834992945325,-0.14367510172816547,3.3530759537985286,66.48040587771368,5.8618073195657985,4.893846850117352,4.893846850117352,3.1807392125526213,2.259872253901791,2.259872253901791,1.6778602773400322,1.6778602773400322,0.6725889843221231,0.6725889843221231,0.2357022603955159,0.2357022603955159,-0.53,27.977093296928835,6.47,2.610921480426842,2.2012614259597805,43.47408681496662,4.736862953800049,0.0,0.0,0.0,0.0,5.969305287951849,4.794537184071822,0.0,0.0,0.0,13.847474399381248,0.0,0.0,13.027703587438927,9.53140013787187,5.969305287951849,0.0,0.0,5.917906046161393,13.847474399381248,7.109797541277533,0.0,0.0,0.0,0.0,0.0,0.0,0.0,13.079102829229383,9.53140013787187,5.917906046161393,13.847474399381248,0.0,0.0,0.0,0.0,26.3,0.0,4.794537184071822,0.0,11.887211334113243,0.0,0.0,7.109797541277533,13.847474399381248,0.0,4.736862953800049,0.0,4.372685185185185,0.0,10.289351851851851,0.0,0.0,-0.14814814814814814,0.0,0.0,3.5949074074074074,1.3912037037037037,0.8,7,0,2,0,0,0,0,0,0,2,0,2,1,0,0,0,0,0.8153999999999999,26.853999999999985,0,0,0,0,0,0,0,0,0,0,1,1,0,0,0,0,0,0,0,0,0,0,0,0,0,0,0,0,0,0,0,0,0,0,0,0,0,0,0,0,1,1,0,0,0,0,0,0,0,0,0,0,0,0,0,1,0,0,0,0,0,0,0,0,0,0,0,0,0,0,0,0,0,0,0,0,0,0,0,0,0,0,0,0,0
Ethyl propanoate,CCOC(=O)CC,105-37-3,Biofuel,10.189583333333333,-0.1226851851851849,10.189583333333333,0.1226851851851849,0.485245073645189,102.133,92.05299999999998,102.06807956,42,0,0.304986319783951,-0.4659767306979968,0.4659767306979968,0.304986319783951,1.5714285714285714,2.142857142857143,2.2857142857142856,16.531723126594454,10.504128826857032,1.9061650500671683,-1.9331374785184658,1.8018953702722742,-1.9963978579682258,5.682319352716487,-0.14217940240944815,3.002590528674132,59.10049400592805,5.698670612749268,4.730710143300821,4.730710143300821,3.308060412490447,2.4646903780250446,2.4646903780250446,1.1585745604136395,1.1585745604136395,0.5940003396070641,0.5940003396070641,0.2630497103308105,0.2630497103308105,-0.53,31.916635235956914,6.47,3.6528153564899446,3.2963341491124023,43.47408681496662,4.736862953800049,0.0,0.0,0.0,0.0,5.969305287951849,4.794537184071822,0.0,0.0,0.0,6.923737199690624,6.923737199690624,6.4208216229260096,6.606881964512918,9.53140013787187,5.969305287951849,0.0,0.0,0.0,20.268296022307258,6.606881964512918,0.0,0.0,0.0,0.0,0.0,0.0,0.0,12.576187252464766,9.53140013787187,0.0,20.268296022307258,0.0,0.0,0.0,0.0,26.3,0.0,4.794537184071822,0.0,5.969305287951849,13.027703587438928,0.0,0.0,13.847474399381248,0.0,4.736862953800049,0.0,4.552083333333334,0.0,10.189583333333333,0.0,0.0,-0.1226851851851849,0.0,0.48,4.067685185185185,0.0,0.8,7,0,2,0,0,0,0,0,0,2,0,2,2,0,0,0,0,0.9595,26.923999999999985,0,0,0,0,0,0,0,0,0,0,1,1,0,0,0,0,0,0,0,0,0,0,0,0,0,0,0,0,0,0,0,0,0,0,0,0,0,0,0,0,1,1,0,0,0,0,0,0,0,0,0,0,0,0,0,0,0,0,0,0,0,0,0,0,0,0,0,0,0,0,0,0,0,0,0,0,0,0,0,0,0,0,0,0,0
Propyl acetate,CCCOC(C)=O,109-60-4,Biofuel,9.980416666666667,-0.19273148148148134,9.980416666666667,0.19273148148148134,0.485245073645189,102.13299999999998,92.053,102.06807956,42,0,0.3021226973628453,-0.46588873984264995,0.46588873984264995,0.3021226973628453,1.7142857142857142,2.2857142857142856,2.4285714285714284,16.531408331943243,10.528939624075903,1.8500423804115524,-1.9332241587368793,1.7801275070333518,-1.975277602158039,5.653106011739284,-0.14043901473445988,2.8219389370591843,59.10049400592804,5.698670612749268,4.730710143300821,4.730710143300821,3.270055610029662,2.4040302062452232,2.4040302062452232,1.340043336326534,1.340043336326534,0.5094493502441826,0.5094493502441826,0.24579081189859814,0.24579081189859814,-0.53,29.01955000865388,6.47,3.6528153564899446,5.47,43.474086814966626,4.736862953800049,0.0,0.0,0.0,0.0,5.969305287951849,4.794537184071822,0.0,0.0,0.0,6.923737199690624,6.4208216229260096,6.923737199690624,6.606881964512918,9.53140013787187,5.969305287951849,0.0,0.0,0.0,20.268296022307258,6.606881964512918,0.0,0.0,0.0,0.0,0.0,0.0,0.0,12.576187252464766,9.53140013787187,0.0,20.268296022307258,0.0,0.0,0.0,0.0,26.3,0.0,4.794537184071822,0.0,5.969305287951849,6.606881964512918,6.4208216229260096,6.923737199690624,0.0,6.923737199690624,4.736862953800049,0.0,4.552083333333334,0.0,9.980416666666667,0.0,0.0,-0.19273148148148134,0.0,0.9023611111111111,3.924537037037037,0.0,0.8,7,0,2,0,0,0,0,0,0,2,0,2,2,0,0,0,0,0.9595,26.923999999999985,0,0,0,0,0,0,0,0,0,0,1,1,0,0,0,0,0,0,0,0,0,0,0,0,0,0,0,0,0,0,0,0,0,0,0,0,0,0,0,0,1,1,0,0,0,0,0,0,0,0,0,0,0,0,0,0,0,0,0,0,0,0,0,0,0,0,0,0,0,0,0,0,0,0,0,0,0,0,0,0,0,0,0,0,0
Isopropyl acetate,CC(C)OC(C)=O,108-21-4,Biofuel,10.031944444444445,-0.2129629629629628,10.031944444444445,0.0254629629629628,0.46074798296339087,102.133,92.053,102.06807956,42,0,0.3023791003505635,-0.4631559932494283,0.4631559932494283,0.3023791003505635,1.5714285714285714,2.0,2.0,16.540667536120917,10.475495274882187,1.930422710742905,-2.0138837913187935,1.8502307483949632,-2.059405794250741,5.655378599888552,-0.1440761116084368,3.126006652390634,66.48040587771368,5.8618073195657985,4.893846850117352,4.893846850117352,3.125897657686229,2.2986510892386307,2.2986510892386307,1.658187543975612,1.658187543975612,0.40166591302574267,0.40166591302574267,0.33192730526045355,0.33192730526045355,-0.53,19.093583929800843,6.47,2.610921480426842,5.47,43.474086814966626,4.736862953800049,0.0,0.0,0.0,0.0,5.969305287951849,4.794537184071822,0.0,0.0,0.0,0.0,13.847474399381248,6.923737199690624,6.103966387748303,9.53140013787187,5.969305287951849,0.0,0.0,0.0,26.875177986820173,0.0,0.0,0.0,0.0,0.0,0.0,0.0,0.0,12.073271675700152,9.53140013787187,0.0,20.771211599071872,0.0,0.0,0.0,0.0,26.3,0.0,4.794537184071822,0.0,12.073271675700152,0.0,0.0,6.923737199690624,0.0,13.847474399381248,4.736862953800049,0.0,4.611111111111111,0.0,10.031944444444445,0.0,0.0,-0.2129629629629628,0.0,0.0254629629629628,5.044444444444444,0.0,0.8,7,0,2,0,0,0,0,0,0,2,0,2,1,0,0,0,0,0.9579,26.901999999999987,0,0,0,0,0,0,0,0,0,0,1,1,0,0,0,0,0,0,0,0,0,0,0,0,0,0,0,0,0,0,0,0,0,0,0,0,0,0,0,0,1,1,0,0,0,0,0,0,0,0,0,0,0,0,0,0,0,0,0,0,0,0,0,0,0,0,0,0,0,0,0,0,0,0,0,0,0,0,0,0,0,0,0,0,0
Butyl formate,CCCCOC=O,592-84-7,Biofuel,9.457457482993197,0.4818055555555556,9.457457482993197,0.4818055555555556,0.3900893193176149,102.13299999999998,92.05299999999998,102.06807956,42,0,0.2925755176100331,-0.46790117334695996,0.46790117334695996,0.2925755176100331,1.7142857142857142,2.4285714285714284,2.857142857142857,16.516880381122586,10.362542348869795,1.777653519769947,-1.9029675485354698,1.8327208842311973,-1.8809549826891248,5.362346989700931,-0.1282850441478533,2.558780869327957,43.34481288877288,5.535533905932738,4.515167193676994,4.515167193676994,3.414213562373095,2.4671864365723923,2.4671864365723923,1.3205692473568096,1.3205692473568096,0.6837834698324152,0.6837834698324152,0.2757834230632086,0.2757834230632086,-0.53,35.509609925153406,6.47,5.469999999999999,5.47,43.474086814966626,4.736862953800049,0.0,0.0,0.0,6.472220864716464,0.0,4.794537184071822,0.0,0.0,0.0,13.344558822616634,6.4208216229260096,0.0,6.606881964512918,9.53140013787187,6.472220864716464,0.0,0.0,0.0,19.765380445542643,6.606881964512918,0.0,0.0,0.0,0.0,0.0,0.0,0.0,13.079102829229381,9.53140013787187,0.0,19.765380445542643,0.0,0.0,0.0,0.0,26.3,0.0,4.794537184071822,0.0,0.0,13.079102829229381,12.841643245852019,0.0,0.0,6.923737199690624,4.736862953800049,0.0,4.3933333333333335,0.0,9.457457482993197,0.0,0.0,0.0,0.0,2.0481944444444444,3.101014739229025,0.0,0.8,7,0,2,0,0,0,0,0,0,2,0,2,4,0,0,0,0,0.9595,26.923999999999985,0,0,0,0,0,0,0,0,0,0,1,1,0,0,0,0,0,0,0,0,0,0,0,0,0,0,0,0,0,0,0,0,0,0,0,0,0,0,0,0,0,1,0,0,0,0,0,0,0,0,0,0,0,0,0,0,0,0,0,0,0,0,0,0,0,0,0,0,0,0,0,0,0,0,0,0,0,0,0,0,0,0,0,2,0
1-Methylpropyl formate,CCC(C)OC=O,589-40-2,Biofuel,9.551944444444445,0.08101851851851838,9.551944444444445,0.08101851851851838,0.49590840654764434,102.13299999999998,92.05299999999998,102.06807956,42,0,0.29284225092624044,-0.4648956996031348,0.4648956996031348,0.29284225092624044,1.8571428571428572,2.4285714285714284,2.5714285714285716,16.52692031673801,10.317745193095726,1.9179196948695691,-2.0175423474540977,1.9014809437989078,-2.026904868720935,5.367356414830631,-0.13233162941316493,2.9804413212987453,52.041843979966416,5.698670612749268,4.678303900493526,4.678303900493526,3.308060412490447,2.3998121220265842,2.3998121220265842,1.4511733163428007,1.4511733163428007,0.8627783210389772,0.8627783210389772,0.19106431048641254,0.19106431048641254,-0.53,31.916635235956914,6.47,3.6528153564899446,3.2963341491124023,43.474086814966626,4.736862953800049,0.0,0.0,0.0,6.472220864716464,0.0,4.794537184071822,0.0,0.0,0.0,6.923737199690624,13.344558822616634,0.0,6.103966387748303,9.53140013787187,6.472220864716464,0.0,0.0,0.0,26.37226241005556,0.0,0.0,0.0,0.0,0.0,0.0,0.0,0.0,12.576187252464766,9.53140013787187,0.0,20.268296022307258,0.0,0.0,0.0,0.0,26.3,0.0,4.794537184071822,0.0,6.103966387748303,6.472220864716464,6.4208216229260096,0.0,0.0,13.847474399381248,4.736862953800049,0.0,4.510416666666667,0.0,9.551944444444445,0.0,0.0,0.0,0.0,0.9686574074074074,4.302314814814815,0.0,0.8,7,0,2,0,0,0,0,0,0,2,0,2,3,0,0,0,0,0.9579,26.901999999999987,0,0,0,0,0,0,0,0,0,0,1,1,0,0,0,0,0,0,0,0,0,0,0,0,0,0,0,0,0,0,0,0,0,0,0,0,0,0,0,0,0,1,0,0,0,0,0,0,0,0,0,0,0,0,0,0,0,0,0,0,0,0,0,0,0,0,0,0,0,0,0,0,0,0,0,0,0,0,0,0,0,0,0,0,0
Isobutyl formate,CC(C)COC=O,542-55-2,Not biofuel,9.487083333333334,0.44925925925925914,9.487083333333334,0.44925925925925914,0.49286858766087543,102.13299999999998,92.05299999999998,102.06807956,42,0,0.29258534569416605,-0.4676277321796983,0.4676277321796983,0.29258534569416605,1.7142857142857142,2.2857142857142856,2.4285714285714284,16.517434970168996,10.244791872448747,1.8816607969610608,-1.9787582368709018,1.8809676051678994,-1.9825572730472718,5.362950372947688,-0.1291482573917905,2.8099823316091586,50.041843979966416,5.698670612749268,4.678303900493526,4.678303900493526,3.270055610029662,2.323028484228959,2.323028484228959,1.823405228315623,1.823405228315623,0.49759975994224825,0.49759975994224825,0.23173379979579461,0.23173379979579461,-0.53,29.01955000865388,6.47,3.6528153564899446,5.47,43.474086814966626,4.736862953800049,0.0,0.0,0.0,6.472220864716464,0.0,4.794537184071822,0.0,0.0,0.0,13.847474399381248,5.917906046161393,0.0,6.606881964512918,9.53140013787187,6.472220864716464,0.0,0.0,5.917906046161393,13.847474399381248,6.606881964512918,0.0,0.0,0.0,0.0,0.0,0.0,0.0,13.079102829229381,9.53140013787187,5.917906046161393,13.847474399381248,0.0,0.0,0.0,0.0,26.3,0.0,4.794537184071822,0.0,0.0,18.997008875390776,0.0,0.0,0.0,13.847474399381248,4.736862953800049,0.0,4.414351851851852,0.0,9.487083333333334,0.0,0.0,0.44925925925925914,0.0,0.0,4.982638888888888,0.0,0.8,7,0,2,0,0,0,0,0,0,2,0,2,3,0,0,0,0,0.8154,26.853999999999985,0,0,0,0,0,0,0,0,0,0,1,1,0,0,0,0,0,0,0,0,0,0,0,0,0,0,0,0,0,0,0,0,0,0,0,0,0,0,0,0,0,1,0,0,0,0,0,0,0,0,0,0,0,0,0,0,0,0,0,0,0,0,0,0,0,0,0,0,0,0,0,0,0,0,0,0,0,0,0,0,0,0,0,0,0
tert-Butyl formate,CC(C)(C)OC=O,762-75-4,Not biofuel,9.598263888888889,-0.31770833333333326,9.598263888888889,0.31770833333333326,0.46074798296339087,102.13299999999998,92.05299999999998,102.06807956,42,0,0.29309986349013034,-0.4621738638290517,0.4621738638290517,0.29309986349013034,1.4285714285714286,1.8571428571428572,1.8571428571428572,16.537425255447996,10.182173853325272,2.069497374264604,-2.137411940298517,2.0213431724070166,-2.1692165921506725,5.374010568578208,-0.13818577235048363,3.336809769016682,60.97063087338673,5.914213562373096,4.893846850117352,4.893846850117352,3.0606601717798214,2.1755286660229634,2.1755286660229634,2.32644861075849,2.32644861075849,0.40166591302574267,0.40166591302574267,0.1443375672974065,0.1443375672974065,-0.53,18.14170945007629,6.47,1.958669537588103,5.47,43.474086814966626,4.736862953800049,5.601050810983688,0.0,0.0,6.472220864716464,0.0,4.794537184071822,0.0,0.0,0.0,0.0,20.771211599071872,0.0,0.0,9.53140013787187,6.472220864716464,0.0,0.0,0.0,26.37226241005556,0.0,0.0,0.0,0.0,0.0,0.0,0.0,0.0,12.073271675700152,9.53140013787187,0.0,20.771211599071872,0.0,0.0,0.0,0.0,26.3,0.0,4.794537184071822,0.0,5.601050810983688,6.472220864716464,0.0,0.0,0.0,20.771211599071872,4.736862953800049,0.0,4.548611111111111,0.0,9.598263888888889,0.0,-0.31770833333333326,0.0,0.0,0.0,5.920833333333333,0.0,0.8,7,0,2,0,0,0,0,0,0,2,0,2,1,0,0,0,0,0.9579,26.901999999999987,0,0,0,0,0,0,0,0,0,0,1,1,0,0,0,0,0,0,0,0,0,0,0,0,0,0,0,0,0,0,0,0,0,0,0,0,0,0,0,0,0,1,0,0,0,0,0,0,0,0,0,0,0,0,0,0,0,0,0,0,0,0,0,0,0,0,0,0,0,0,0,0,0,0,0,0,0,0,0,0,0,0,0,0,0
Methyl pentanoate,CCCCC(=O)OC,624-24-8,Biofuel,10.348472222222222,-0.1047685185185181,10.348472222222222,0.1047685185185181,0.5200986676423002,116.15999999999998,104.06399999999998,116.083729624,48,0,0.3050016578853253,-0.46899542882535256,0.46899542882535256,0.3050016578853253,1.625,2.25,2.625,16.522934761703873,10.251399886746663,1.9466626170461885,-1.9316415448499826,1.935099964318807,-1.9773451080046154,5.684467380913765,-0.1402266931377064,2.988598647973156,68.92878689342031,6.405777393935816,5.437816924487368,5.437816924487368,3.808060412490447,2.8771567527075472,2.8771567527075472,1.6796860037533514,1.6796860037533514,0.9621251317525819,0.9621251317525819,0.423176335210009,0.423176335210009,-0.53,56.62563225878344,7.470000000000001,4.624559505409582,3.6528153564899446,49.83902892936323,4.736862953800049,0.0,0.0,0.0,0.0,5.969305287951849,4.794537184071822,0.0,0.0,0.0,13.344558822616634,6.4208216229260096,6.4208216229260096,7.109797541277533,9.53140013787187,5.969305287951849,0.0,0.0,0.0,26.186202068468653,7.109797541277533,0.0,0.0,0.0,0.0,0.0,0.0,0.0,13.079102829229383,9.53140013787187,0.0,26.186202068468653,0.0,0.0,0.0,0.0,26.3,0.0,4.794537184071822,0.0,5.969305287951849,6.4208216229260096,12.841643245852019,7.109797541277533,0.0,6.923737199690624,4.736862953800049,0.0,4.413333333333333,0.0,10.348472222222222,0.0,0.0,-0.1047685185185181,0.0,2.5503703703703704,2.044583333333333,1.414675925925926,0.8333333333333334,8,0,2,0,0,0,0,0,0,2,0,2,3,0,0,0,0,1.3496000000000001,31.540999999999983,0,0,0,0,0,0,0,0,0,0,1,1,0,0,0,0,0,0,0,0,0,0,0,0,0,0,0,0,0,0,0,0,0,0,0,0,0,0,0,0,1,1,0,0,0,0,0,0,0,0,0,0,0,0,0,1,0,0,0,0,0,0,0,0,0,0,0,0,0,0,0,0,0,0,0,0,0,0,0,0,0,0,0,0,0
Methyl isopentanoate,COC(=O)CC(C)C,556-24-1,Biofuel,10.4,-0.12499999999999978,10.4,0.12499999999999978,0.506664866588942,116.16,104.064,116.083729624,48,0,0.3052628202196739,-0.46898810659928214,0.46898810659928214,0.3052628202196739,1.625,2.125,2.25,16.522992997480657,10.140563294029844,2.010747641310435,-1.9911904649288061,1.984419898126035,-2.0312232335349916,5.68748517268622,-0.1409352544680809,3.2455794433140843,76.59772060569361,6.568914100752346,5.6009536313038994,5.6009536313038994,3.663902460147014,2.7329988003641144,2.7329988003641144,2.1741036085093612,2.1741036085093612,0.8025858577612696,0.8025858577612696,0.4166666666666668,0.4166666666666668,-0.53,42.84459140699416,7.470000000000001,3.4692670369115906,3.6528153564899446,49.83902892936323,4.736862953800049,0.0,0.0,0.0,0.0,5.969305287951849,4.794537184071822,0.0,0.0,0.0,13.847474399381248,5.917906046161393,6.4208216229260096,7.109797541277533,9.53140013787187,5.969305287951849,0.0,0.0,5.917906046161393,20.268296022307258,7.109797541277533,0.0,0.0,0.0,0.0,0.0,0.0,0.0,13.079102829229383,9.53140013787187,5.917906046161393,20.268296022307258,0.0,0.0,0.0,0.0,26.3,0.0,4.794537184071822,0.0,5.969305287951849,12.338727669087403,0.0,7.109797541277533,0.0,13.847474399381248,4.736862953800049,0.0,4.422083333333333,0.0,10.4,0.0,0.0,0.2800462962962962,0.0,0.5243055555555556,3.966111111111111,1.4074537037037036,0.8333333333333334,8,0,2,0,0,0,0,0,0,2,0,2,2,0,0,0,0,1.2055,31.470999999999982,0,0,0,0,0,0,0,0,0,0,1,1,0,0,0,0,0,0,0,0,0,0,0,0,0,0,0,0,0,0,0,0,0,0,0,0,0,0,0,0,1,1,0,0,0,0,0,0,0,0,0,0,0,0,0,1,0,0,0,0,0,0,0,0,0,0,0,0,0,0,0,0,0,0,0,0,0,0,0,0,0,0,0,0,0
Methyl 2-methylbutyrate,CCC(C)C(=O)OC,868-57-5,Biofuel,10.520601851851852,-0.11805555555555514,10.520601851851852,0.05555555555555536,0.506664866588942,116.15999999999998,104.06399999999998,116.083729624,48,0,0.3078565142353756,-0.4687995992104071,0.4687995992104071,0.3078565142353756,1.75,2.25,2.375,16.523877055782247,10.125363932786872,2.0768004766046113,-2.0227055962147413,2.0031131781565,-2.10234957225334,5.710824523976987,-0.1443790871062616,3.459728671545819,78.59772060569361,6.568914100752346,5.6009536313038994,5.6009536313038994,3.718744015013406,2.797877056362575,2.797877056362575,1.8324555997152512,1.8324555997152512,1.2159258262890684,1.2159258262890684,0.36785113019775795,0.36785113019775795,-0.53,53.47276361405894,7.470000000000001,3.4692670369115906,1.958669537588103,49.83902892936323,4.736862953800049,0.0,0.0,0.0,0.0,5.969305287951849,4.794537184071822,0.0,0.0,0.0,13.847474399381248,6.4208216229260096,0.0,13.027703587438927,9.53140013787187,5.969305287951849,0.0,0.0,5.917906046161393,20.268296022307258,7.109797541277533,0.0,0.0,0.0,0.0,0.0,0.0,0.0,13.079102829229383,9.53140013787187,5.917906046161393,20.268296022307258,0.0,0.0,0.0,0.0,26.3,0.0,4.794537184071822,0.0,11.887211334113243,0.0,6.4208216229260096,7.109797541277533,0.0,13.847474399381248,4.736862953800049,0.0,4.463935185185186,0.0,10.520601851851852,0.0,0.0,-0.06249999999999978,0.0,0.8538425925925925,3.8129166666666667,1.4112037037037037,0.8333333333333334,8,0,2,0,0,0,0,0,0,2,0,2,2,0,0,0,0,1.2055,31.470999999999982,0,0,0,0,0,0,0,0,0,0,1,1,0,0,0,0,0,0,0,0,0,0,0,0,0,0,0,0,0,0,0,0,0,0,0,0,0,0,0,0,1,1,0,0,0,0,0,0,0,0,0,0,0,0,0,1,0,0,0,0,0,0,0,0,0,0,0,0,0,0,0,0,0,0,0,0,0,0,0,0,0,0,0,0,0
"Methyl 2,2-dimethylpropanoate",COC(=O)C(C)(C)C,598-98-1,Not biofuel,10.61111111111111,-0.3524305555555556,10.61111111111111,0.16898148148148118,0.44446054210281033,116.16,104.064,116.083729624,48,0,0.31044115905125136,-0.46861035335458634,0.46861035335458634,0.31044115905125136,1.375,1.75,1.75,16.52486909366827,9.975645832426956,2.205435804730868,-2.126817078119004,2.131533917106915,-2.205310436741465,5.745777029591901,-0.1491811958572681,3.823378455220923,89.19188266301451,6.784457050376173,5.816496580927726,5.816496580927726,3.4813804754348494,2.5664965809277263,2.5664965809277263,2.741581623797196,2.741581623797196,0.7977678416450937,0.7977678416450937,0.3061862178478973,0.3061862178478973,-0.53,35.64737584844357,7.470000000000001,2.158633811658892,1.958669537588103,49.83902892936323,4.736862953800049,0.0,0.0,0.0,0.0,5.969305287951849,4.794537184071822,0.0,0.0,0.0,0.0,20.771211599071872,0.0,12.524788010674314,9.53140013787187,5.969305287951849,0.0,0.0,5.41499046939678,20.771211599071872,7.109797541277533,0.0,0.0,0.0,0.0,0.0,0.0,0.0,13.079102829229383,9.53140013787187,5.41499046939678,20.771211599071872,0.0,0.0,0.0,0.0,26.3,0.0,4.794537184071822,0.0,11.384295757348628,0.0,0.0,7.109797541277533,0.0,20.771211599071872,4.736862953800049,0.0,4.475694444444445,0.0,10.61111111111111,0.0,-0.3524305555555556,-0.16898148148148118,0.0,0.0,5.454861111111111,1.396412037037037,0.8333333333333334,8,0,2,0,0,0,0,0,0,2,0,2,0,0,0,0,0,1.2055,31.470999999999982,0,0,0,0,0,0,0,0,0,0,1,1,0,0,0,0,0,0,0,0,0,0,0,0,0,0,0,0,0,0,0,0,0,0,0,0,0,0,0,0,1,1,0,0,0,0,0,0,0,0,0,0,0,0,0,1,0,0,0,0,0,0,0,0,0,0,0,0,0,0,0,0,0,0,0,0,0,0,0,0,0,0,0,0,0
Ethyl butyrate,CCCC(=O)OCC,105-54-4,Biofuel,10.420833333333334,-0.08796296296296258,10.420833333333334,0.08796296296296258,0.5200986676423002,116.15999999999998,104.06399999999998,116.083729624,48,0,0.30525680561770935,-0.46596933451826794,0.46596933451826794,0.30525680561770935,1.5,2.125,2.5,16.531780753058076,10.344073575299777,1.9483380321092465,-1.9580317754075427,1.8860988277265274,-2.0135856628199122,5.685956046736482,-0.14261528894795505,3.0551722039096187,60.92878689342031,6.405777393935816,5.437816924487368,5.437816924487368,3.808060412490447,2.9646903780250446,2.9646903780250446,1.5550211698203653,1.5550211698203653,0.7594493502441826,0.7594493502441826,0.43728056659547937,0.43728056659547937,-0.53,50.25226450504587,7.470000000000001,4.624559505409582,3.6528153564899446,49.83902892936323,4.736862953800049,0.0,0.0,0.0,0.0,5.969305287951849,4.794537184071822,0.0,0.0,0.0,6.923737199690624,13.344558822616634,6.4208216229260096,6.606881964512918,9.53140013787187,5.969305287951849,0.0,0.0,0.0,26.689117645233267,6.606881964512918,0.0,0.0,0.0,0.0,0.0,0.0,0.0,12.576187252464766,9.53140013787187,0.0,26.689117645233267,0.0,0.0,0.0,0.0,26.3,0.0,4.794537184071822,0.0,5.969305287951849,13.027703587438928,6.4208216229260096,0.0,0.0,13.847474399381248,4.736862953800049,0.0,4.6433333333333335,0.0,10.420833333333334,0.0,0.0,-0.08796296296296258,0.0,1.4232870370370372,4.267175925925926,0.0,0.8333333333333334,8,0,2,0,0,0,0,0,0,2,0,2,3,0,0,0,0,1.3496000000000001,31.540999999999983,0,0,0,0,0,0,0,0,0,0,1,1,0,0,0,0,0,0,0,0,0,0,0,0,0,0,0,0,0,0,0,0,0,0,0,0,0,0,0,0,1,1,0,0,0,0,0,0,0,0,0,0,0,0,0,0,0,0,0,0,0,0,0,0,0,0,0,0,0,0,0,0,0,0,0,0,0,0,0,0,0,0,0,0,0
Ethyl isobutyrate,CCOC(=O)C(C)C,97-62-1,Biofuel,10.520601851851852,-0.11805555555555514,10.520601851851852,0.0092129629629627,0.506664866588942,116.15999999999998,104.06399999999998,116.083729624,48,0,0.30785106891033664,-0.465780805159007,0.465780805159007,0.30785106891033664,1.625,2.125,2.25,16.5326496091913,10.22531993738157,2.044027231787282,-2.01347074191817,1.9336021335169766,-2.1014082811311785,5.708663929342171,-0.14623444274909264,3.329150037184473,76.59772060569361,6.568914100752346,5.6009536313038994,5.6009536313038994,3.6807392125526213,2.847405879219288,2.847405879219288,1.9067488340003202,1.9067488340003202,0.7580009865206505,0.7580009865206505,0.3089255650988791,0.3089255650988791,-0.53,45.11498676384928,7.470000000000001,3.4692670369115906,2.610921480426842,49.83902892936323,4.736862953800049,0.0,0.0,0.0,0.0,5.969305287951849,4.794537184071822,0.0,0.0,0.0,13.847474399381248,6.923737199690624,0.0,12.52478801067431,9.53140013787187,5.969305287951849,0.0,0.0,5.917906046161393,20.771211599071872,6.606881964512918,0.0,0.0,0.0,0.0,0.0,0.0,0.0,12.576187252464766,9.53140013787187,5.917906046161393,20.771211599071872,0.0,0.0,0.0,0.0,26.3,0.0,4.794537184071822,0.0,11.887211334113243,6.606881964512918,0.0,0.0,6.923737199690624,13.847474399381248,4.736862953800049,0.0,4.664351851851852,0.0,10.520601851851852,0.0,0.0,-0.10884259259259244,0.0,0.0,5.923888888888889,0.0,0.8333333333333334,8,0,2,0,0,0,0,0,0,2,0,2,2,0,0,0,0,1.2055,31.470999999999982,0,0,0,0,0,0,0,0,0,0,1,1,0,0,0,0,0,0,0,0,0,0,0,0,0,0,0,0,0,0,0,0,0,0,0,0,0,0,0,0,1,1,0,0,0,0,0,0,0,0,0,0,0,0,0,0,0,0,0,0,0,0,0,0,0,0,0,0,0,0,0,0,0,0,0,0,0,0,0,0,0,0,0,0,0
Propyl propanoate,CCCOC(=O)CC,106-36-5,Biofuel,10.348472222222222,-0.1047685185185181,10.348472222222222,0.1047685185185181,0.5200986676423002,116.15999999999998,104.064,116.083729624,48,0,0.30499623910753,-0.46569358053783955,0.46569358053783955,0.30499623910753,1.5,2.125,2.5,16.5322398982581,10.473358020888677,1.9272552220576247,-1.9666896962365774,1.8457500986839357,-2.0165515044855176,5.682605148223011,-0.14273835675974808,2.988598647973156,68.92878689342031,6.405777393935816,5.437816924487368,5.437816924487368,3.808060412490447,2.9646903780250446,2.9646903780250446,1.574023571050758,1.574023571050758,0.7558489901575548,0.7558489901575548,0.31795959554730135,0.31795959554730135,-0.53,56.62563225878344,7.470000000000001,4.624559505409582,3.6528153564899446,49.83902892936323,4.736862953800049,0.0,0.0,0.0,0.0,5.969305287951849,4.794537184071822,0.0,0.0,0.0,13.847474399381248,6.4208216229260096,6.4208216229260096,6.606881964512918,9.53140013787187,5.969305287951849,0.0,0.0,0.0,26.689117645233267,6.606881964512918,0.0,0.0,0.0,0.0,0.0,0.0,0.0,12.576187252464766,9.53140013787187,0.0,26.689117645233267,0.0,0.0,0.0,0.0,26.3,0.0,4.794537184071822,0.0,5.969305287951849,13.027703587438928,6.4208216229260096,0.0,6.923737199690624,6.923737199690624,0.0,4.736862953800049,4.701388888888889,0.0,10.348472222222222,0.0,0.0,-0.1047685185185181,0.0,1.3945833333333333,4.32699074074074,0.0,0.8333333333333334,8,0,2,0,0,0,0,0,0,2,0,2,3,0,0,0,0,1.3496000000000001,31.540999999999983,0,0,0,0,0,0,0,0,0,0,1,1,0,0,0,0,0,0,0,0,0,0,0,0,0,0,0,0,0,0,0,0,0,0,0,0,0,0,0,0,1,1,0,0,0,0,0,0,0,0,0,0,0,0,0,0,0,0,0,0,0,0,0,0,0,0,0,0,0,0,0,0,0,0,0,0,0,0,0,0,0,0,0,0,0
Isopropyl propanoate,CCC(=O)OC(C)C, 637-78-5,Not biofuel,10.4,-0.12499999999999956,10.4,0.03004629629629596,0.5088591538782314,116.15999999999998,104.064,116.083729624,48,0,0.305252619884261,-0.4629608314399837,0.4629608314399837,0.305252619884261,1.625,2.125,2.25,16.541483693262162,10.434207249157696,1.9840078313488814,-2.0376824228556454,1.900287311462673,-2.0876310508750002,5.684715344981408,-0.14643701257567907,3.2455794433140843,76.59772060569361,6.568914100752346,5.6009536313038994,5.6009536313038994,3.663902460147014,2.8593112610184517,2.8593112610184517,1.8921677786998354,1.8921677786998354,0.6558232507561311,0.6558232507561311,0.3462250448649377,0.3462250448649377,-0.53,42.84459140699416,7.470000000000001,3.4692670369115906,3.6528153564899446,49.83902892936323,4.736862953800049,0.0,0.0,0.0,0.0,5.969305287951849,4.794537184071822,0.0,0.0,0.0,6.923737199690624,13.847474399381248,6.4208216229260096,6.103966387748303,9.53140013787187,5.969305287951849,0.0,0.0,0.0,33.29599960974618,0.0,0.0,0.0,0.0,0.0,0.0,0.0,0.0,12.073271675700152,9.53140013787187,0.0,27.19203322199788,0.0,0.0,0.0,0.0,26.3,0.0,4.794537184071822,0.0,12.073271675700152,6.4208216229260096,0.0,0.0,6.923737199690624,13.847474399381248,0.0,4.736862953800049,4.760416666666667,0.0,10.4,0.0,0.0,-0.12499999999999956,0.0,0.5004629629629627,5.46412037037037,0.0,0.8333333333333334,8,0,2,0,0,0,0,0,0,2,0,2,2,0,0,0,0,1.3479999999999999,31.518999999999984,0,0,0,0,0,0,0,0,0,0,1,1,0,0,0,0,0,0,0,0,0,0,0,0,0,0,0,0,0,0,0,0,0,0,0,0,0,0,0,0,1,1,0,0,0,0,0,0,0,0,0,0,0,0,0,0,0,0,0,0,0,0,0,0,0,0,0,0,0,0,0,0,0,0,0,0,0,0,0,0,0,0,0,0,0
Butyl acetate,CCCCOC(C)=O,123-86-4,Biofuel,10.096346371882085,-0.18199074074074062,10.096346371882085,0.18199074074074062,0.4106841127563541,116.15999999999998,104.06399999999998,116.083729624,48,0,0.3021228665755719,-0.46587787390632607,0.46587787390632607,0.3021228665755719,1.625,2.25,2.625,16.53144640117688,10.359489559118819,1.8756739672666685,-1.9592890193015742,1.8631937201423319,-1.9862710529642598,5.653159339149828,-0.14054059256939655,2.822354554248032,68.92878689342031,6.405777393935816,5.437816924487368,5.437816924487368,3.770055610029662,2.9040302062452232,2.9040302062452232,1.693596726919808,1.693596726919808,0.8032161629029313,0.8032161629029313,0.36023509022874206,0.36023509022874206,-0.53,48.27551104108667,7.470000000000001,4.624559505409582,5.469999999999999,49.83902892936324,4.736862953800049,0.0,0.0,0.0,0.0,5.969305287951849,4.794537184071822,0.0,0.0,0.0,13.344558822616634,6.4208216229260096,6.923737199690624,6.606881964512918,9.53140013787187,5.969305287951849,0.0,0.0,0.0,26.689117645233267,6.606881964512918,0.0,0.0,0.0,0.0,0.0,0.0,0.0,12.576187252464766,9.53140013787187,0.0,26.689117645233267,0.0,0.0,0.0,0.0,26.3,0.0,4.794537184071822,0.0,5.969305287951849,6.606881964512918,12.841643245852019,6.923737199690624,0.0,0.0,11.660600153490673,0.0,4.6433333333333335,0.0,10.096346371882085,0.0,0.0,-0.18199074074074062,0.0,2.0484722222222222,4.060505479969766,0.0,0.8333333333333334,8,0,2,0,0,0,0,0,0,2,0,2,3,0,0,0,0,1.3496000000000001,31.540999999999983,0,0,0,0,0,0,0,0,0,0,1,1,0,0,0,0,0,0,0,0,0,0,0,0,0,0,0,0,0,0,0,0,0,0,0,0,0,0,0,0,1,1,0,0,0,0,0,0,0,0,0,0,0,0,0,0,0,0,0,0,0,0,0,0,0,0,0,0,0,0,0,0,0,0,0,0,0,0,0,0,0,0,0,1,0
Pentyl formate,CCCCCOC=O,638-49-3,Biofuel,9.54578656462585,0.49569444444444444,9.54578656462585,0.49569444444444444,0.4000613909828066,116.15999999999998,104.06399999999998,116.083729624,48,0,0.2925755189554515,-0.46790098761435744,0.46790098761435744,0.2925755189554515,1.5,2.25,2.75,16.516885676051963,10.26121570223693,1.8202069473711877,-1.9319143150290408,1.9148185977215246,-1.8929506016075561,5.362379162154379,-0.12831087793974652,2.616293090417985,52.49022499567306,6.242640687119286,5.222273974863542,5.222273974863542,3.914213562373095,2.9671864365723923,2.9671864365723923,1.674122637950083,1.674122637950083,0.9337834698324152,0.9337834698324152,0.48350792838176787,0.48350792838176787,-0.53,61.499612265106904,7.470000000000001,6.47,5.469999999999999,49.83902892936323,4.736862953800049,0.0,0.0,0.0,6.472220864716464,0.0,4.794537184071822,0.0,0.0,0.0,19.765380445542643,6.4208216229260096,0.0,6.606881964512918,9.53140013787187,6.472220864716464,0.0,0.0,0.0,26.186202068468653,6.606881964512918,0.0,0.0,0.0,0.0,0.0,0.0,0.0,13.079102829229381,9.53140013787187,0.0,26.186202068468653,0.0,0.0,0.0,0.0,26.3,0.0,4.794537184071822,0.0,0.0,13.079102829229381,12.841643245852019,6.4208216229260096,0.0,0.0,11.660600153490673,0.0,4.455,0.0,9.54578656462585,0.0,0.0,0.0,0.0,3.310810657596372,3.1884027777777773,0.0,0.8333333333333334,8,0,2,0,0,0,0,0,0,2,0,2,5,0,0,0,0,1.3496,31.540999999999983,0,0,0,0,0,0,0,0,0,0,1,1,0,0,0,0,0,0,0,0,0,0,0,0,0,0,0,0,0,0,0,0,0,0,0,0,0,0,0,0,0,1,0,0,0,0,0,0,0,0,0,0,0,0,0,0,0,0,0,0,0,0,0,0,0,0,0,0,0,0,0,0,0,0,0,0,0,0,0,0,0,0,0,3,0
Isobutyl acetate,CC(C)COC(C)=O,110-19-0,Biofuel,10.125972222222222,-0.19564814814814802,10.125972222222222,0.19564814814814802,0.506664866588942,116.15999999999998,104.06399999999998,116.083729624,48,0,0.3021326858670147,-0.46560442645794653,0.46560442645794653,0.3021326858670147,1.625,2.125,2.25,16.531984870926955,10.242421109498673,1.9411442370535033,-2.0185975331457353,1.9076253522397362,-2.049352700770263,5.653417431900271,-0.14148952707157048,3.0500782919131915,76.59772060569361,6.568914100752346,5.6009536313038994,5.6009536313038994,3.625897657686229,2.7598722539017904,2.7598722539017904,2.196432707878621,2.196432707878621,0.6199297990629522,0.6199297990629522,0.2840206908719886,0.2840206908719886,-0.53,40.339203954130696,7.470000000000001,3.4692670369115906,5.469999999999999,49.83902892936324,4.736862953800049,0.0,0.0,0.0,0.0,5.969305287951849,4.794537184071822,0.0,0.0,0.0,13.847474399381248,5.917906046161393,6.923737199690624,6.606881964512918,9.53140013787187,5.969305287951849,0.0,0.0,5.917906046161393,20.771211599071872,6.606881964512918,0.0,0.0,0.0,0.0,0.0,0.0,0.0,12.576187252464766,9.53140013787187,5.917906046161393,20.771211599071872,0.0,0.0,0.0,0.0,26.3,0.0,4.794537184071822,0.0,5.969305287951849,12.52478801067431,0.0,6.923737199690624,0.0,13.847474399381248,4.736862953800049,0.0,4.664351851851852,0.0,10.125972222222222,0.0,0.0,0.24777777777777776,0.0,0.0,5.961898148148149,0.0,0.8333333333333334,8,0,2,0,0,0,0,0,0,2,0,2,2,0,0,0,0,1.2055,31.470999999999982,0,0,0,0,0,0,0,0,0,0,1,1,0,0,0,0,0,0,0,0,0,0,0,0,0,0,0,0,0,0,0,0,0,0,0,0,0,0,0,0,1,1,0,0,0,0,0,0,0,0,0,0,0,0,0,0,0,0,0,0,0,0,0,0,0,0,0,0,0,0,0,0,0,0,0,0,0,0,0,0,0,0,0,0,0
tert-Butyl acetate,CC(=O)OC(C)(C)C,540-88-5,Not biofuel,10.237152777777778,-0.3275462962962963,10.237152777777778,0.22453703703703654,0.4463854320694125,116.16,104.064,116.083729624,48,0,0.3026461161791004,-0.4601506704482133,0.4601506704482133,0.3026461161791004,1.375,1.75,1.75,16.55147840991656,10.177137236937286,2.112000639107848,-2.168894577540315,2.050470457988942,-2.2125150955635053,5.659072780247326,-0.15140380678986948,3.5512529243669313,89.19188266301451,6.784457050376173,5.816496580927726,5.816496580927726,3.4165022194363885,2.6123724356957947,2.6123724356957947,2.7060161321089566,2.7060161321089566,0.44991495713052976,0.44991495713052976,0.43118621784789735,0.43118621784789735,-0.53,23.005390496014627,7.470000000000001,2.158633811658892,5.469999999999999,49.83902892936323,4.736862953800049,5.601050810983688,0.0,0.0,0.0,5.969305287951849,4.794537184071822,0.0,0.0,0.0,0.0,20.771211599071872,6.923737199690624,0.0,9.53140013787187,5.969305287951849,0.0,0.0,0.0,33.29599960974618,0.0,0.0,0.0,0.0,0.0,0.0,0.0,0.0,11.570356098935537,9.53140013787187,0.0,27.694948798762496,0.0,0.0,0.0,0.0,26.3,0.0,4.794537184071822,0.0,11.570356098935537,0.0,0.0,6.923737199690624,0.0,20.771211599071872,0.0,4.736862953800049,4.798611111111111,0.0,10.237152777777778,0.0,-0.3275462962962963,-0.22453703703703654,0.0,0.0,6.932986111111111,0.0,0.8333333333333334,8,0,2,0,0,0,0,0,0,2,0,2,0,0,0,0,0,1.3479999999999999,31.518999999999984,0,0,0,0,0,0,0,0,0,0,1,1,0,0,0,0,0,0,0,0,0,0,0,0,0,0,0,0,0,0,0,0,0,0,0,0,0,0,0,0,1,1,0,0,0,0,0,0,0,0,0,0,0,0,0,0,0,0,0,0,0,0,0,0,0,0,0,0,0,0,0,0,0,0,0,0,0,0,0,0,0,0,0,0,0
1-Methylpropyl acetate,CCC(C)OC(C)=O,105-46-4,Biofuel,10.190833333333334,-0.195046296296296,10.190833333333334,0.07638888888888862,0.5088591538782314,116.15999999999998,104.06399999999998,116.083729624,48,0,0.30238904886416573,-0.4628724496596981,0.4628724496596981,0.30238904886416573,1.75,2.25,2.375,16.541235322436727,10.311792939120041,1.9853115768394574,-2.061122888054466,1.938929103113284,-2.094276685626341,5.65577576428425,-0.1450271608910551,3.2364267831001374,78.59772060569361,6.568914100752346,5.6009536313038994,5.6009536313038994,3.663902460147014,2.836655891699415,2.836655891699415,1.828298261984863,1.828298261984863,0.9420630732918477,0.9420630732918477,0.3666510101688821,0.3666510101688821,-0.53,42.84459140699416,7.470000000000001,3.4692670369115906,3.6528153564899446,49.83902892936324,4.736862953800049,0.0,0.0,0.0,0.0,5.969305287951849,4.794537184071822,0.0,0.0,0.0,6.923737199690624,13.344558822616634,6.923737199690624,6.103966387748303,9.53140013787187,5.969305287951849,0.0,0.0,0.0,33.29599960974618,0.0,0.0,0.0,0.0,0.0,0.0,0.0,0.0,12.073271675700152,9.53140013787187,0.0,27.19203322199788,0.0,0.0,0.0,0.0,26.3,0.0,4.794537184071822,0.0,12.073271675700152,0.0,6.4208216229260096,6.923737199690624,0.0,13.847474399381248,0.0,4.736862953800049,4.760416666666667,0.0,10.190833333333334,0.0,0.0,-0.195046296296296,0.0,0.9648611111111108,5.278935185185185,0.0,0.8333333333333334,8,0,2,0,0,0,0,0,0,2,0,2,2,0,0,0,0,1.3479999999999999,31.518999999999984,0,0,0,0,0,0,0,0,0,0,1,1,0,0,0,0,0,0,0,0,0,0,0,0,0,0,0,0,0,0,0,0,0,0,0,0,0,0,0,0,1,1,0,0,0,0,0,0,0,0,0,0,0,0,0,0,0,0,0,0,0,0,0,0,0,0,0,0,0,0,0,0,0,0,0,0,0,0,0,0,0,0,0,0,0
"1,2-Dimethylpropyl formate",CC(C)C(C)OC=O,66794-46-5,Not biofuel,9.6975,0.04861111111111094,9.6975,0.04861111111111094,0.5178056100952393,116.15999999999998,104.06399999999998,116.083729624,48,0,0.29285227729833596,-0.4646110030491762,0.4646110030491762,0.29285227729833596,1.375,1.875,2.0,16.52757144133178,10.113765027613509,2.042005470879668,-2.111437698743865,2.017498716611718,-2.1328328328629294,5.368379884211844,-0.13406562063261931,3.3048980393548275,68.92878689342031,6.568914100752347,5.548547388496604,5.548547388496604,3.6807392125526213,2.7724909220887586,2.7724909220887586,2.1814431014259887,2.1814431014259887,1.2090379328179244,1.2090379328179244,0.2447654107742121,0.2447654107742121,-0.53,45.11498676384928,7.470000000000001,3.4692670369115906,2.610921480426842,49.83902892936323,4.736862953800049,6.103966387748303,0.0,0.0,6.472220864716464,0.0,4.794537184071822,0.0,0.0,0.0,13.847474399381248,12.841643245852017,0.0,0.0,9.53140013787187,6.472220864716464,0.0,0.0,5.917906046161393,26.875177986820173,0.0,0.0,0.0,0.0,0.0,0.0,0.0,0.0,12.576187252464766,9.53140013787187,5.917906046161393,20.771211599071872,0.0,0.0,0.0,0.0,26.3,0.0,4.794537184071822,0.0,6.103966387748303,12.390126910877857,0.0,0.0,0.0,20.771211599071872,4.736862953800049,0.0,4.622685185185185,0.0,9.6975,0.0,0.0,0.4168518518518517,0.0,0.04861111111111094,6.381018518518519,0.0,0.8333333333333334,8,0,2,0,0,0,0,0,0,2,0,2,3,0,0,0,0,1.2039,31.448999999999984,0,0,0,0,0,0,0,0,0,0,1,1,0,0,0,0,0,0,0,0,0,0,0,0,0,0,0,0,0,0,0,0,0,0,0,0,0,0,0,0,0,1,0,0,0,0,0,0,0,0,0,0,0,0,0,0,0,0,0,0,0,0,0,0,0,0,0,0,0,0,0,0,0,0,0,0,0,0,0,0,0,0,0,0,0
1-Methylbutyl formate,CCCC(C)OC=O,58368-66-4,Not biofuel,9.667874149659864,0.09490740740740722,9.667874149659864,0.09490740740740722,0.5180579641869422,116.15999999999998,104.06399999999998,116.083729624,48,0,0.29284242088332446,-0.46488479957873086,0.46488479957873086,0.29284242088332446,1.75,2.375,2.75,16.526962586093386,10.226675915856502,1.9552652841689422,-2.0448954305854636,1.9676780544456616,-2.0440037958093233,5.3675374155974795,-0.13250145404982147,3.034785095473665,61.548875021634686,6.405777393935816,5.385410681680073,5.385410681680073,3.808060412490447,2.8998121220265833,2.8998121220265833,1.8316001604737506,1.8316001604737506,0.9830647632958314,0.9830647632958314,0.5694069121580229,0.5694069121580229,-0.53,50.25226450504587,7.470000000000001,4.624559505409582,3.6528153564899446,49.83902892936323,4.736862953800049,0.0,0.0,0.0,6.472220864716464,0.0,4.794537184071822,0.0,0.0,0.0,13.344558822616634,13.344558822616634,0.0,6.103966387748303,9.53140013787187,6.472220864716464,0.0,0.0,0.0,32.79308403298157,0.0,0.0,0.0,0.0,0.0,0.0,0.0,0.0,12.576187252464766,9.53140013787187,0.0,26.689117645233267,0.0,0.0,0.0,0.0,26.3,0.0,4.794537184071822,0.0,6.103966387748303,6.472220864716464,12.841643245852019,0.0,0.0,6.923737199690624,11.660600153490673,0.0,4.601666666666667,0.0,9.667874149659864,0.0,0.0,0.0,0.0,2.1164814814814816,4.447311035525321,0.0,0.8333333333333334,8,0,2,0,0,0,0,0,0,2,0,2,4,0,0,0,0,1.3479999999999999,31.518999999999984,0,0,0,0,0,0,0,0,0,0,1,1,0,0,0,0,0,0,0,0,0,0,0,0,0,0,0,0,0,0,0,0,0,0,0,0,0,0,0,0,0,1,0,0,0,0,0,0,0,0,0,0,0,0,0,0,0,0,0,0,0,0,0,0,0,0,0,0,0,0,0,0,0,0,0,0,0,0,0,0,0,0,0,0,0
2-Methylbutyl formate,CCC(C)COC=O,35073-27-9,Not biofuel,9.603013038548752,0.49222222222222234,9.603013038548752,0.49222222222222234,0.5158240100617845,116.15999999999998,104.06399999999998,116.083729624,48,0,0.29258551587747605,-0.4676168159498506,0.4676168159498506,0.29258551587747605,1.75,2.375,2.75,16.517477897325154,10.138392425003635,1.9486500297195448,-2.0311345879089986,1.9789596825077298,-2.018858745146995,5.363124952322487,-0.12932412969552676,2.971287457491936,61.548875021634686,6.405777393935816,5.385410681680073,5.385410681680073,3.808060412490447,2.861033286689744,2.861033286689744,1.942978384184673,1.942978384184673,1.1457076485320152,1.1457076485320152,0.3214012668725921,0.3214012668725921,-0.53,56.62563225878344,7.470000000000001,4.624559505409582,3.6528153564899446,49.83902892936323,4.736862953800049,0.0,0.0,0.0,6.472220864716464,0.0,4.794537184071822,0.0,0.0,0.0,20.268296022307258,5.917906046161393,0.0,6.606881964512918,9.53140013787187,6.472220864716464,0.0,0.0,5.917906046161393,20.268296022307258,6.606881964512918,0.0,0.0,0.0,0.0,0.0,0.0,0.0,13.079102829229381,9.53140013787187,5.917906046161393,20.268296022307258,0.0,0.0,0.0,0.0,26.3,0.0,4.794537184071822,0.0,0.0,18.997008875390776,6.4208216229260096,0.0,0.0,6.923737199690624,11.660600153490673,0.0,4.505601851851852,0.0,9.603013038548752,0.0,0.0,0.5001851851851851,0.0,1.0633333333333335,5.161199924414211,0.0,0.8333333333333334,8,0,2,0,0,0,0,0,0,2,0,2,4,0,0,0,0,1.2055,31.470999999999982,0,0,0,0,0,0,0,0,0,0,1,1,0,0,0,0,0,0,0,0,0,0,0,0,0,0,0,0,0,0,0,0,0,0,0,0,0,0,0,0,0,1,0,0,0,0,0,0,0,0,0,0,0,0,0,0,0,0,0,0,0,0,0,0,0,0,0,0,0,0,0,0,0,0,0,0,0,0,0,0,0,0,0,0,0
Isopentyl formate,CC(C)CCOC=O,110-45-2,Biofuel,9.564127928949357,0.4884722222222222,9.564127928949357,0.4884722222222222,0.4073087263825542,116.15999999999998,104.06399999999998,116.083729624,48,0,0.2925756882855401,-0.4678902314688661,0.4678902314688661,0.2925756882855401,1.625,2.25,2.625,16.516923776970014,10.148675522758184,1.9032226990494234,-1.9964779645302313,1.9660680967000255,-1.9563967964261333,5.362495422280578,-0.1284671452039383,2.814002148389726,59.54887502163469,6.405777393935816,5.385410681680073,5.385410681680073,3.770055610029662,2.823028484228959,2.823028484228959,2.1495378414757003,2.1495378414757003,0.8810939113291189,0.8810939113291189,0.3518561645719619,0.3518561645719619,-0.53,48.27551104108667,7.470000000000001,4.624559505409582,5.469999999999999,49.83902892936323,4.736862953800049,0.0,0.0,0.0,6.472220864716464,0.0,4.794537184071822,0.0,0.0,0.0,13.847474399381248,12.338727669087403,0.0,6.606881964512918,9.53140013787187,6.472220864716464,0.0,0.0,5.917906046161393,20.268296022307258,6.606881964512918,0.0,0.0,0.0,0.0,0.0,0.0,0.0,13.079102829229381,9.53140013787187,5.917906046161393,20.268296022307258,0.0,0.0,0.0,0.0,26.3,0.0,4.794537184071822,0.0,0.0,18.997008875390776,6.4208216229260096,0.0,0.0,0.0,18.584337353181297,0.0,4.46375,0.0,9.564127928949357,0.0,0.0,0.6203240740740739,0.0,0.9570833333333334,5.228047996976569,0.0,0.8333333333333334,8,0,2,0,0,0,0,0,0,2,0,2,4,0,0,0,0,1.2055,31.470999999999982,0,0,0,0,0,0,0,0,0,0,1,1,0,0,0,0,0,0,0,0,0,0,0,0,0,0,0,0,0,0,0,0,0,0,0,0,0,0,0,0,0,1,0,0,0,0,0,0,0,0,0,0,0,0,0,0,0,0,0,0,0,0,0,0,0,0,0,0,0,0,0,0,0,0,0,0,0,0,0,0,0,0,0,1,0
1-Ethylpropyl formate,CCC(CC)OC=O,58368-67-5,Not biofuel,9.710833333333333,0.1319444444444442,9.710833333333333,0.1319444444444442,0.5180579641869422,116.15999999999998,104.06399999999998,116.083729624,48,0,0.29285221717313936,-0.4646119299986289,0.4646119299986289,0.29285221717313936,1.5,2.0,2.125,16.527507589308556,10.212127803238356,1.9888899738700196,-2.070424931938317,1.9857983430342947,-2.073433973022566,5.368342703273624,-0.1333010654241916,3.202310946633238,57.548875021634686,6.405777393935816,5.385410681680073,5.385410681680073,3.8460652149512318,2.937816924487368,2.937816924487368,1.6708128572087642,1.6708128572087642,1.15868924780839,1.15868924780839,0.5596926444565268,0.5596926444565268,-0.53,58.51622162380951,7.470000000000001,4.624559505409582,2.610921480426842,49.83902892936323,4.736862953800049,6.103966387748303,0.0,0.0,6.472220864716464,0.0,4.794537184071822,0.0,0.0,0.0,13.847474399381248,12.841643245852019,0.0,0.0,9.53140013787187,6.472220864716464,0.0,0.0,0.0,32.79308403298157,0.0,0.0,0.0,0.0,0.0,0.0,0.0,0.0,12.576187252464766,9.53140013787187,0.0,26.689117645233267,0.0,0.0,0.0,0.0,26.3,0.0,4.794537184071822,0.0,6.103966387748303,6.472220864716464,12.841643245852019,0.0,0.0,13.847474399381248,4.736862953800049,0.0,4.659722222222222,0.0,9.710833333333333,0.0,0.0,0.0,0.0,1.955833333333333,4.506944444444445,0.0,0.8333333333333334,8,0,2,0,0,0,0,0,0,2,0,2,4,0,0,0,0,1.3479999999999999,31.518999999999984,0,0,0,0,0,0,0,0,0,0,1,1,0,0,0,0,0,0,0,0,0,0,0,0,0,0,0,0,0,0,0,0,0,0,0,0,0,0,0,0,0,1,0,0,0,0,0,0,0,0,0,0,0,0,0,0,0,0,0,0,0,0,0,0,0,0,0,0,0,0,0,0,0,0,0,0,0,0,0,0,0,0,0,0,0
Methyl hexanoate,CCCCCC(=O)OC,106-70-7,Biofuel,10.464401927437642,-0.09402777777777738,10.464401927437642,0.09402777777777738,0.4277197407264159,130.18699999999998,116.07499999999997,130.099379688,54,0,0.30500183741330067,-0.4689954278244128,0.4689954278244128,0.30500183741330067,1.4444444444444444,2.111111111111111,2.5555555555555554,16.52293692730326,10.191525162975998,1.9603169232615014,-1.9512481010141725,1.9842967661922233,-1.9815605698631453,5.684547400860765,-0.1402423481333953,2.9730624080867365,78.98533616859814,7.112884175122364,6.144923705673916,6.144923705673916,4.308060412490447,3.3771567527075472,3.3771567527075472,2.033239394346625,2.033239394346625,1.2121251317525819,1.2121251317525819,0.6213996399133721,0.6213996399133721,-0.53,94.26737928973323,8.470000000000002,5.603868808567606,5.339329135302875,56.20397104375984,4.736862953800049,0.0,0.0,0.0,0.0,5.969305287951849,4.794537184071822,0.0,0.0,0.0,19.765380445542643,6.4208216229260096,6.4208216229260096,7.109797541277533,9.53140013787187,5.969305287951849,0.0,0.0,0.0,32.60702369139466,7.109797541277533,0.0,0.0,0.0,0.0,0.0,0.0,0.0,13.079102829229383,9.53140013787187,0.0,32.60702369139466,0.0,0.0,0.0,0.0,26.3,0.0,4.794537184071822,0.0,5.969305287951849,6.4208216229260096,19.26246486877803,7.109797541277533,0.0,0.0,11.660600153490673,0.0,4.457834467120182,0.0,10.464401927437642,0.0,0.0,-0.09402777777777738,0.0,3.8051662887377167,2.108411753590325,1.424880007558579,0.8571428571428571,9,0,2,0,0,0,0,0,0,2,0,2,4,0,0,0,0,1.7397,36.157999999999994,0,0,0,0,0,0,0,0,0,0,1,1,0,0,0,0,0,0,0,0,0,0,0,0,0,0,0,0,0,0,0,0,0,0,0,0,0,0,0,0,1,1,0,0,0,0,0,0,0,0,0,0,0,0,0,1,0,0,0,0,0,0,0,0,0,0,0,0,0,0,0,0,0,0,0,0,0,0,0,0,0,0,0,1,0
Methyl 2-methylpentanoate,CCCC(C)C(=O)OC,2177-77-7,Biofuel,10.679490740740741,-0.10013888888888856,10.679490740740741,0.0694444444444442,0.5422095914375367,130.18699999999998,116.07499999999997,130.099379688,54,0,0.307866990909751,-0.4687994729308079,0.4687994729308079,0.307866990909751,1.6666666666666667,2.2222222222222223,2.5555555555555554,16.523884566097458,10.07880631974476,2.095505455869202,-2.0463648035123927,2.0496091935006326,-2.112084748189948,5.711364422138069,-0.14454144673967034,3.45451774734185,88.91694057588535,7.276020881938894,6.3080604124904465,6.3080604124904465,4.218744015013407,3.2978770563625757,3.2978770563625757,2.2128824438462007,2.2128824438462007,1.325241227080306,1.325241227080306,0.7520482956210686,0.7520482956210686,-0.53,86.01498078690322,8.470000000000002,4.3587538349811625,3.115504865425441,56.20397104375984,4.736862953800049,0.0,0.0,0.0,0.0,5.969305287951849,4.794537184071822,0.0,0.0,0.0,20.268296022307258,6.4208216229260096,0.0,13.027703587438927,9.53140013787187,5.969305287951849,0.0,0.0,5.917906046161393,26.689117645233267,7.109797541277533,0.0,0.0,0.0,0.0,0.0,0.0,0.0,13.079102829229383,9.53140013787187,5.917906046161393,26.689117645233267,0.0,0.0,0.0,0.0,26.3,0.0,4.794537184071822,0.0,11.887211334113243,0.0,12.841643245852019,7.109797541277533,0.0,6.923737199690624,11.660600153490673,0.0,4.525601851851852,0.0,10.679490740740741,0.0,0.0,-0.030694444444444358,0.0,1.96125,3.9392592592592592,1.4250925925925926,0.8571428571428571,9,0,2,0,0,0,0,0,0,2,0,2,3,0,0,0,0,1.5956000000000001,36.087999999999994,0,0,0,0,0,0,0,0,0,0,1,1,0,0,0,0,0,0,0,0,0,0,0,0,0,0,0,0,0,0,0,0,0,0,0,0,0,0,0,0,1,1,0,0,0,0,0,0,0,0,0,0,0,0,0,1,0,0,0,0,0,0,0,0,0,0,0,0,0,0,0,0,0,0,0,0,0,0,0,0,0,0,0,0,0
Methyl 3-methylpentanoate,CCC(C)CC(=O)OC,2177-78-8,Not biofuel,10.55888888888889,-0.10708333333333298,10.55888888888889,0.10708333333333298,0.5422095914375367,130.18699999999998,116.07499999999997,130.099379688,54,0,0.3052733092770045,-0.4689879802718479,0.4689879802718479,0.3052733092770045,1.6666666666666667,2.2222222222222223,2.5555555555555554,16.523000535643494,10.063331030826703,2.0471470502268074,-2.0368198199512957,2.055437388790596,-2.0520332298397643,5.688082792847469,-0.14110794065586685,3.3430002458353805,88.91694057588535,7.276020881938894,6.3080604124904465,6.3080604124904465,4.201907262607799,3.2710036028248997,3.2710036028248997,2.2936767643784117,2.2936767643784117,1.4397227048854204,1.4397227048854204,0.5121886974951645,0.5121886974951645,-0.53,84.36491016843732,8.470000000000002,4.3587538349811625,4.005475234270416,56.20397104375984,4.736862953800049,0.0,0.0,0.0,0.0,5.969305287951849,4.794537184071822,0.0,0.0,0.0,20.268296022307258,5.917906046161393,6.4208216229260096,7.109797541277533,9.53140013787187,5.969305287951849,0.0,0.0,5.917906046161393,26.689117645233267,7.109797541277533,0.0,0.0,0.0,0.0,0.0,0.0,0.0,13.079102829229383,9.53140013787187,5.917906046161393,26.689117645233267,0.0,0.0,0.0,0.0,26.3,0.0,4.794537184071822,0.0,5.969305287951849,12.338727669087403,6.4208216229260096,7.109797541277533,0.0,6.923737199690624,11.660600153490673,0.0,4.48375,0.0,10.55888888888889,0.0,0.0,0.348888888888889,0.0,1.5854166666666667,4.101712962962963,1.4213425925925924,0.8571428571428571,9,0,2,0,0,0,0,0,0,2,0,2,3,0,0,0,0,1.5956000000000001,36.087999999999994,0,0,0,0,0,0,0,0,0,0,1,1,0,0,0,0,0,0,0,0,0,0,0,0,0,0,0,0,0,0,0,0,0,0,0,0,0,0,0,0,1,1,0,0,0,0,0,0,0,0,0,0,0,0,0,1,0,0,0,0,0,0,0,0,0,0,0,0,0,0,0,0,0,0,0,0,0,0,0,0,0,0,0,0,0
Methyl 4-methylpentanoate,COC(=O)CCC(C)C,2412-80-8,Biofuel,10.494027777777777,-0.10768518518518522,10.494027777777777,0.10768518518518522,0.5422095914375367,130.18699999999998,116.07499999999999,130.099379688,54,0,0.30501217061734426,-0.4689953021494895,0.4689953021494895,0.30501217061734426,1.5555555555555556,2.111111111111111,2.4444444444444446,16.522942536941454,10.097354741955847,2.0015542104601356,-2.0044772003535107,2.0273513865763455,-2.0101671603541096,5.684960304458481,-0.14041642440380814,3.168818865415548,86.91694057588533,7.276020881938894,6.308060412490447,6.308060412490447,4.163902460147014,3.2329988003641144,3.2329988003641144,2.5086545978722428,2.5086545978722428,1.1534828823497034,1.1534828823497034,0.5085883374085365,0.5085883374085365,-0.53,78.51304536092788,8.470000000000002,4.3587538349811625,5.339329135302875,56.20397104375984,4.736862953800049,0.0,0.0,0.0,0.0,5.969305287951849,4.794537184071822,0.0,0.0,0.0,13.847474399381248,12.338727669087403,6.4208216229260096,7.109797541277533,9.53140013787187,5.969305287951849,0.0,0.0,5.917906046161393,26.689117645233267,7.109797541277533,0.0,0.0,0.0,0.0,0.0,0.0,0.0,13.079102829229383,9.53140013787187,5.917906046161393,26.689117645233267,0.0,0.0,0.0,0.0,26.3,0.0,4.794537184071822,0.0,5.969305287951849,12.338727669087403,6.4208216229260096,7.109797541277533,0.0,0.0,18.584337353181297,0.0,4.461666666666666,0.0,10.494027777777777,0.0,0.0,0.4794444444444441,0.0,1.4730555555555556,4.1725,1.4193055555555554,0.8571428571428571,9,0,2,0,0,0,0,0,0,2,0,2,3,0,0,0,0,1.5956,36.087999999999994,0,0,0,0,0,0,0,0,0,0,1,1,0,0,0,0,0,0,0,0,0,0,0,0,0,0,0,0,0,0,0,0,0,0,0,0,0,0,0,0,1,1,0,0,0,0,0,0,0,0,0,0,0,0,0,1,0,0,0,0,0,0,0,0,0,0,0,0,0,0,0,0,0,0,0,0,0,0,0,0,0,0,0,0,0
Methyl 2-ethylbutyrate,CCC(CC)C(=O)OC,816-11-5,Not biofuel,10.751851851851852,-0.08333333333333304,10.751851851851852,0.08333333333333304,0.5422095914375367,130.18699999999998,116.07499999999997,130.099379688,54,0,0.3081277541767338,-0.46879216399027585,0.46879216399027585,0.3081277541767338,1.4444444444444444,1.8888888888888888,2.0,16.523942090303787,10.047907044199288,2.123347168849361,-2.06880938592049,2.0752387722687358,-2.132365690249724,5.71491511363291,-0.14513879183691691,3.6437564476124793,84.91694057588535,7.276020881938894,6.3080604124904465,6.3080604124904465,4.256748817474191,3.3358818588233605,3.3358818588233605,2.0365797449471827,2.0365797449471827,1.5201163565179134,1.5201163565179134,0.7886751345948131,0.7886751345948131,-0.53,91.36757727918736,8.470000000000002,4.3587538349811625,2.4922711859492943,56.20397104375984,4.736862953800049,0.0,0.0,0.0,0.0,5.969305287951849,4.794537184071822,0.0,0.0,0.0,13.847474399381248,12.841643245852019,0.0,13.027703587438927,9.53140013787187,5.969305287951849,0.0,0.0,5.917906046161393,26.689117645233267,7.109797541277533,0.0,0.0,0.0,0.0,0.0,0.0,0.0,13.079102829229383,9.53140013787187,5.917906046161393,26.689117645233267,0.0,0.0,0.0,0.0,26.3,0.0,4.794537184071822,0.0,11.887211334113243,0.0,12.841643245852019,7.109797541277533,0.0,13.847474399381248,4.736862953800049,0.0,4.555185185185185,0.0,10.751851851851852,0.0,0.0,0.02314814814814814,0.0,1.7562962962962962,3.982314814814815,1.4312037037037038,0.8571428571428571,9,0,2,0,0,0,0,0,0,2,0,2,3,0,0,0,0,1.5956000000000001,36.087999999999994,0,0,0,0,0,0,0,0,0,0,1,1,0,0,0,0,0,0,0,0,0,0,0,0,0,0,0,0,0,0,0,0,0,0,0,0,0,0,0,0,1,1,0,0,0,0,0,0,0,0,0,0,0,0,0,1,0,0,0,0,0,0,0,0,0,0,0,0,0,0,0,0,0,0,0,0,0,0,0,0,0,0,0,0,0
"Methyl 2,3-dimethylbutyrate",COC(=O)C(C)C(C)C,24566-55-0,Not biofuel,10.73101851851852,-0.12037037037037002,10.73101851851852,0.023148148148147696,0.5287176726822053,130.18699999999998,116.07499999999999,130.099379688,54,0,0.3081286369435464,-0.4687921190155964,0.4687921190155964,0.3081286369435464,1.3333333333333333,1.7777777777777777,1.8888888888888888,16.523949178706545,9.98678570765079,2.153878207509915,-2.1075649532696237,2.095371215266781,-2.1722553287877773,5.714683807242984,-0.1457334975476213,3.724115829068656,97.089273230246,7.439157588755425,6.471197119306978,6.471197119306978,4.09142281507558,3.17055585642475,3.17055585642475,2.5558518094118865,2.5558518094118865,1.572969487414562,1.572969487414562,0.45805803891764396,0.45805803891764396,-0.53,75.58143215472592,8.470000000000002,3.4868174048208713,2.4922711859492943,56.20397104375983,4.736862953800049,0.0,0.0,0.0,0.0,5.969305287951849,4.794537184071822,0.0,0.0,0.0,20.771211599071872,5.917906046161393,0.0,13.027703587438927,9.53140013787187,5.969305287951849,0.0,0.0,11.835812092322787,20.771211599071872,7.109797541277533,0.0,0.0,0.0,0.0,0.0,0.0,0.0,13.079102829229383,9.53140013787187,11.835812092322787,20.771211599071872,0.0,0.0,0.0,0.0,26.3,0.0,4.794537184071822,0.0,11.887211334113243,5.917906046161393,0.0,7.109797541277533,0.0,20.771211599071872,4.736862953800049,0.0,4.534351851851852,0.0,10.73101851851852,0.0,0.0,0.2754166666666664,0.0,0.0,5.874675925925926,1.4178703703703701,0.8571428571428571,9,0,2,0,0,0,0,0,0,2,0,2,2,0,0,0,0,1.4515,36.017999999999994,0,0,0,0,0,0,0,0,0,0,1,1,0,0,0,0,0,0,0,0,0,0,0,0,0,0,0,0,0,0,0,0,0,0,0,0,0,0,0,0,1,1,0,0,0,0,0,0,0,0,0,0,0,0,0,1,0,0,0,0,0,0,0,0,0,0,0,0,0,0,0,0,0,0,0,0,0,0,0,0,0,0,0,0,0
Ethyl pentanoate,CCCCC(=O)OCC,539-82-2,Biofuel,10.579722222222223,-0.07004629629629577,10.579722222222223,0.07004629629629577,0.5416729314973412,130.18699999999998,116.07499999999997,130.099379688,54,0,0.3052672446877203,-0.4659692088842844,0.4659692088842844,0.3052672446877203,1.4444444444444444,2.111111111111111,2.5555555555555554,16.53178774342358,10.250103288198842,1.9690509156181348,-1.974587688111188,1.9475881316819728,-2.0203320369923037,5.686451940330819,-0.14271858864964487,3.0613168393721577,78.98533616859814,7.112884175122364,6.144923705673916,6.144923705673916,4.308060412490447,3.4646903780250446,3.4646903780250446,1.9085745604136393,1.9085745604136393,1.0397794361340933,1.0397794361340933,0.5542706839575913,0.5542706839575913,-0.53,90.44046466047871,8.470000000000002,5.603868808567606,5.339329135302875,56.20397104375984,4.736862953800049,0.0,0.0,0.0,0.0,5.969305287951849,4.794537184071822,0.0,0.0,0.0,13.344558822616634,13.344558822616634,6.4208216229260096,6.606881964512918,9.53140013787187,5.969305287951849,0.0,0.0,0.0,33.10993926815928,6.606881964512918,0.0,0.0,0.0,0.0,0.0,0.0,0.0,12.576187252464766,9.53140013787187,0.0,33.10993926815928,0.0,0.0,0.0,0.0,26.3,0.0,4.794537184071822,0.0,5.969305287951849,13.027703587438928,12.841643245852019,0.0,0.0,6.923737199690624,6.923737199690624,4.736862953800049,4.705,0.0,10.579722222222223,0.0,0.0,-0.07004629629629577,0.0,2.5714162887377174,4.380574452003024,0.0,0.8571428571428571,9,0,2,0,0,0,0,0,0,2,0,2,4,0,0,0,0,1.7397,36.157999999999994,0,0,0,0,0,0,0,0,0,0,1,1,0,0,0,0,0,0,0,0,0,0,0,0,0,0,0,0,0,0,0,0,0,0,0,0,0,0,0,0,1,1,0,0,0,0,0,0,0,0,0,0,0,0,0,0,0,0,0,0,0,0,0,0,0,0,0,0,0,0,0,0,0,0,0,0,0,0,0,0,0,0,0,0,0
Ethyl 2-methylbutyrate,CCOC(=O)C(C)CC,7452-79-1,Biofuel,10.751851851851852,-0.08333333333333282,10.751851851851852,0.06013888888888852,0.5422095914375367,130.18699999999998,116.07499999999997,130.099379688,54,0,0.3081220786835322,-0.465773376796098,0.465773376796098,0.3081220786835322,1.5555555555555556,2.111111111111111,2.4444444444444446,16.532713285016744,10.12414528150289,2.0902101534097115,-2.0512197783107946,2.0145026462250804,-2.127096856495205,5.7126842497798975,-0.14694884199391015,3.4588233430659896,88.91694057588535,7.276020881938894,6.3080604124904465,6.3080604124904465,4.218744015013407,3.3854106816800726,3.3854106816800726,2.0613441563755392,2.0613441563755392,1.301337828487596,1.301337828487596,0.45118446353109143,0.45118446353109143,-0.53,86.01498078690322,8.470000000000002,4.3587538349811625,3.115504865425441,56.20397104375984,4.736862953800049,0.0,0.0,0.0,0.0,5.969305287951849,4.794537184071822,0.0,0.0,0.0,13.847474399381248,13.344558822616634,0.0,12.52478801067431,9.53140013787187,5.969305287951849,0.0,0.0,5.917906046161393,27.19203322199788,6.606881964512918,0.0,0.0,0.0,0.0,0.0,0.0,0.0,12.576187252464766,9.53140013787187,5.917906046161393,27.19203322199788,0.0,0.0,0.0,0.0,26.3,0.0,4.794537184071822,0.0,11.887211334113243,6.606881964512918,6.4208216229260096,0.0,0.0,20.771211599071872,0.0,4.736862953800049,4.755601851851852,0.0,10.751851851851852,0.0,0.0,-0.023194444444444295,0.0,0.8599537037037037,6.155787037037037,0.0,0.8571428571428571,9,0,2,0,0,0,0,0,0,2,0,2,3,0,0,0,0,1.5956000000000001,36.087999999999994,0,0,0,0,0,0,0,0,0,0,1,1,0,0,0,0,0,0,0,0,0,0,0,0,0,0,0,0,0,0,0,0,0,0,0,0,0,0,0,0,1,1,0,0,0,0,0,0,0,0,0,0,0,0,0,0,0,0,0,0,0,0,0,0,0,0,0,0,0,0,0,0,0,0,0,0,0,0,0,0,0,0,0,0,0
Ethyl 3-methylbutyrate,CCOC(=O)CC(C)C,108-64-5,Biofuel,10.63125,-0.09027777777777746,10.63125,0.09027777777777746,0.5422095914375367,130.18699999999998,116.07499999999997,130.099379688,54,0,0.30552840550557964,-0.4659618863161138,0.4659618863161138,0.30552840550557964,1.5555555555555556,2.111111111111111,2.4444444444444446,16.53184503239224,10.139772961898421,2.0260733646996014,-2.019447661859495,1.9940375340606318,-2.062144950714096,5.6894525036581305,-0.14343797796943275,3.2711920488970017,86.91694057588533,7.276020881938894,6.308060412490447,6.308060412490447,4.163902460147014,3.3205324256816118,3.3205324256816118,2.4029921651696493,2.4029921651696493,0.880240162142781,0.880240162142781,0.5532465361470571,0.5532465361470571,-0.53,66.8432930980791,8.470000000000002,4.3587538349811625,5.339329135302875,56.20397104375983,4.736862953800049,0.0,0.0,0.0,0.0,5.969305287951849,4.794537184071822,0.0,0.0,0.0,13.847474399381248,12.841643245852017,6.4208216229260096,6.606881964512918,9.53140013787187,5.969305287951849,0.0,0.0,5.917906046161393,27.19203322199788,6.606881964512918,0.0,0.0,0.0,0.0,0.0,0.0,0.0,12.576187252464766,9.53140013787187,5.917906046161393,27.19203322199788,0.0,0.0,0.0,0.0,26.3,0.0,4.794537184071822,0.0,5.969305287951849,18.94560963360032,0.0,0.0,0.0,20.771211599071872,0.0,4.736862953800049,4.71375,0.0,10.63125,0.0,0.0,0.3162499999999999,0.0,0.5355555555555556,6.303194444444445,0.0,0.8571428571428571,9,0,2,0,0,0,0,0,0,2,0,2,3,0,0,0,0,1.5956000000000001,36.087999999999994,0,0,0,0,0,0,0,0,0,0,1,1,0,0,0,0,0,0,0,0,0,0,0,0,0,0,0,0,0,0,0,0,0,0,0,0,0,0,0,0,1,1,0,0,0,0,0,0,0,0,0,0,0,0,0,0,0,0,0,0,0,0,0,0,0,0,0,0,0,0,0,0,0,0,0,0,0,0,0,0,0,0,0,0,0
"Ethyl 2,2-dimethypropanoate",CCOC(=O)C(C)(C)C,3938-95-2,Not biofuel,10.84236111111111,-0.3511805555555556,10.84236111111111,0.13425925925925886,0.503766365521871,130.18699999999998,116.07499999999997,130.099379688,54,0,0.31070670269545725,-0.4655841288377459,0.4655841288377459,0.31070670269545725,1.4444444444444444,1.8888888888888888,2.0,16.533687183438587,9.974821231520274,2.2136108994461066,-2.1441400250503793,2.138621842644388,-2.220988014726183,5.747485325535512,-0.15183390906684963,3.743097705792164,99.97400337186357,7.49156383156272,6.523603362114274,6.523603362114274,3.9813804754348494,3.1540302062452232,3.1540302062452232,2.9704701804574842,2.9704701804574842,0.8878043517407833,0.8878043517407833,0.34760069969369184,0.34760069969369184,-0.53,57.508712278837244,8.470000000000002,2.852566645594043,3.115504865425441,56.20397104375983,4.736862953800049,0.0,0.0,0.0,0.0,5.969305287951849,4.794537184071822,0.0,0.0,0.0,0.0,27.694948798762496,0.0,12.021872433909698,9.53140013787187,5.969305287951849,0.0,0.0,5.41499046939678,27.694948798762496,6.606881964512918,0.0,0.0,0.0,0.0,0.0,0.0,0.0,12.576187252464766,9.53140013787187,5.41499046939678,27.694948798762496,0.0,0.0,0.0,0.0,26.3,0.0,4.794537184071822,0.0,11.384295757348628,6.606881964512918,0.0,0.0,0.0,27.694948798762496,0.0,4.736862953800049,4.767361111111111,0.0,10.84236111111111,0.0,-0.3511805555555556,-0.13425925925925886,0.0,0.0,7.792384259259259,0.0,0.8571428571428571,9,0,2,0,0,0,0,0,0,2,0,2,1,0,0,0,0,1.5956000000000001,36.087999999999994,0,0,0,0,0,0,0,0,0,0,1,1,0,0,0,0,0,0,0,0,0,0,0,0,0,0,0,0,0,0,0,0,0,0,0,0,0,0,0,0,1,1,0,0,0,0,0,0,0,0,0,0,0,0,0,0,0,0,0,0,0,0,0,0,0,0,0,0,0,0,0,0,0,0,0,0,0,0,0,0,0,0,0,0,0
Propyl butyrate,CCCOC(=O)CCC,105-66-8,Biofuel,10.579722222222223,-0.07004629629629577,10.579722222222223,0.07004629629629577,0.5416729314973412,130.18699999999998,116.07499999999999,130.099379688,54,0,0.30526672491010765,-0.46568618435369896,0.46568618435369896,0.30526672491010765,1.3333333333333333,2.0,2.4444444444444446,16.532297569355542,10.340082036662944,1.963629850078719,-1.9856996100381028,1.9072160204553286,-2.0313818629768625,5.686239353338182,-0.1431757567487422,3.0613168393721577,78.98533616859814,7.112884175122364,6.144923705673916,6.144923705673916,4.308060412490447,3.4646903780250446,3.4646903780250446,1.9704701804574842,1.9704701804574842,0.9212980007946734,0.9212980007946734,0.4921904518119704,0.4921904518119704,-0.53,90.44046466047871,8.470000000000002,5.603868808567606,5.339329135302875,56.20397104375984,4.736862953800049,0.0,0.0,0.0,0.0,5.969305287951849,4.794537184071822,0.0,0.0,0.0,13.847474399381248,12.841643245852019,6.4208216229260096,6.606881964512918,9.53140013787187,5.969305287951849,0.0,0.0,0.0,33.10993926815928,6.606881964512918,0.0,0.0,0.0,0.0,0.0,0.0,0.0,12.576187252464766,9.53140013787187,0.0,33.10993926815928,0.0,0.0,0.0,0.0,26.3,0.0,4.794537184071822,0.0,5.969305287951849,13.027703587438928,12.841643245852019,0.0,0.0,13.847474399381248,0.0,4.736862953800049,4.792638888888889,0.0,10.579722222222223,0.0,0.0,-0.07004629629629577,0.0,2.345239984882842,4.51911186696901,0.0,0.8571428571428571,9,0,2,0,0,0,0,0,0,2,0,2,4,0,0,0,0,1.7397,36.157999999999994,0,0,0,0,0,0,0,0,0,0,1,1,0,0,0,0,0,0,0,0,0,0,0,0,0,0,0,0,0,0,0,0,0,0,0,0,0,0,0,0,1,1,0,0,0,0,0,0,0,0,0,0,0,0,0,0,0,0,0,0,0,0,0,0,0,0,0,0,0,0,0,0,0,0,0,0,0,0,0,0,0,0,0,0,0
Propyl isobutyrate,CCCOC(=O)C(C)C,644-49-5,Not biofuel,10.679490740740741,-0.10013888888888833,10.679490740740741,0.010694444444444118,0.5422095914375366,130.18699999999995,116.07499999999999,130.099379688,54,0,0.30786098792311717,-0.465497654970783,0.465497654970783,0.30786098792311717,1.5555555555555556,2.111111111111111,2.4444444444444446,16.533165649242076,10.223442949308003,2.052618648320216,-2.032841483392076,1.9497276844774114,-2.1118324336586713,5.7089295829445,-0.14680588841977582,3.275479121279178,86.91694057588533,7.276020881938894,6.308060412490447,6.308060412490447,4.180739212552622,3.347405879219288,3.347405879219288,2.3221978446374383,2.3221978446374383,0.9198496370711414,0.9198496370711414,0.3693209710481781,0.3693209710481781,-0.53,80.20139955580649,8.470000000000002,4.3587538349811625,4.005475234270416,56.20397104375984,4.736862953800049,0.0,0.0,0.0,0.0,5.969305287951849,4.794537184071822,0.0,0.0,0.0,20.771211599071872,6.4208216229260096,0.0,12.52478801067431,9.53140013787187,5.969305287951849,0.0,0.0,5.917906046161393,27.19203322199788,6.606881964512918,0.0,0.0,0.0,0.0,0.0,0.0,0.0,12.576187252464766,9.53140013787187,5.917906046161393,27.19203322199788,0.0,0.0,0.0,0.0,26.3,0.0,4.794537184071822,0.0,11.887211334113243,6.606881964512918,6.4208216229260096,0.0,0.0,20.771211599071872,0.0,4.736862953800049,4.813657407407407,0.0,10.679490740740741,0.0,0.0,-0.08944444444444422,0.0,0.9012500000000001,6.195046296296297,0.0,0.8571428571428571,9,0,2,0,0,0,0,0,0,2,0,2,3,0,0,0,0,1.5956000000000001,36.087999999999994,0,0,0,0,0,0,0,0,0,0,1,1,0,0,0,0,0,0,0,0,0,0,0,0,0,0,0,0,0,0,0,0,0,0,0,0,0,0,0,0,1,1,0,0,0,0,0,0,0,0,0,0,0,0,0,0,0,0,0,0,0,0,0,0,0,0,0,0,0,0,0,0,0,0,0,0,0,0,0,0,0,0,0,0,0
Isopropyl isobutyrate,CC(C)OC(=O)C(C)C,617-50-5,Not biofuel,10.731018518518518,-0.12037037037037002,10.731018518518518,0.007037037037037397,0.5304977131171219,130.18699999999998,116.07499999999999,130.099379688,54,0,0.30811734651617945,-0.4627649033961313,0.4627649033961313,0.30811734651617945,1.2222222222222223,1.6666666666666667,1.7777777777777777,16.54239189662985,10.21864115056346,2.082378325311687,-2.084822834878016,1.9806997794199512,-2.157460997776045,5.710898260011827,-0.15060565529817743,3.512827448281546,95.089273230246,7.439157588755425,6.471197119306978,6.471197119306978,4.036581260209188,3.2420267622126953,3.2420267622126953,2.640342052286516,2.640342052286516,0.8232606853629937,0.8232606853629937,0.36839057184084645,0.36839057184084645,-0.53,60.47184355343589,8.470000000000002,3.4868174048208713,4.005475234270416,56.20397104375983,4.736862953800049,0.0,0.0,0.0,0.0,5.969305287951849,4.794537184071822,0.0,0.0,0.0,13.847474399381248,13.847474399381248,0.0,12.021872433909696,9.53140013787187,5.969305287951849,0.0,0.0,5.917906046161393,33.7989151865108,0.0,0.0,0.0,0.0,0.0,0.0,0.0,0.0,12.073271675700152,9.53140013787187,5.917906046161393,27.694948798762496,0.0,0.0,0.0,0.0,26.3,0.0,4.794537184071822,0.0,17.991177721861547,0.0,0.0,0.0,0.0,27.694948798762496,0.0,4.736862953800049,4.872685185185185,0.0,10.731018518518518,0.0,0.0,-0.1274074074074074,0.0,0.013796296296296084,7.343240740740741,0.0,0.8571428571428571,9,0,2,0,0,0,0,0,0,2,0,2,2,0,0,0,0,1.5939999999999999,36.065999999999995,0,0,0,0,0,0,0,0,0,0,1,1,0,0,0,0,0,0,0,0,0,0,0,0,0,0,0,0,0,0,0,0,0,0,0,0,0,0,0,0,1,1,0,0,0,0,0,0,0,0,0,0,0,0,0,0,0,0,0,0,0,0,0,0,0,0,0,0,0,0,0,0,0,0,0,0,0,0,0,0,0,0,0,0,0
Isopropyl butyrate,CCCC(=O)OC(C)C,638-11-9,Biofuel,10.63125,-0.09027777777777746,10.63125,0.03152777777777738,0.5437660106866277,130.18699999999995,116.07499999999997,130.099379688,54,0,0.30552310418796785,-0.4629534349101531,0.4629534349101531,0.30552310418796785,1.5555555555555556,2.111111111111111,2.4444444444444446,16.541540437163334,10.331208618895307,2.0094176774550134,-2.049740654300603,1.9440021695903256,-2.0971358329719667,5.688327246451671,-0.14688318544998877,3.2711920488970017,86.91694057588533,7.276020881938894,6.308060412490447,6.308060412490447,4.163902460147014,3.3593112610184517,3.3593112610184517,2.2886143881065615,2.2886143881065615,0.8212722613932495,0.8212722613932495,0.5259414218624149,0.5259414218624149,-0.53,66.8432930980791,8.470000000000002,4.3587538349811625,5.339329135302875,56.20397104375984,4.736862953800049,0.0,0.0,0.0,0.0,5.969305287951849,4.794537184071822,0.0,0.0,0.0,6.923737199690624,20.268296022307258,6.4208216229260096,6.103966387748303,9.53140013787187,5.969305287951849,0.0,0.0,0.0,39.71682123267219,0.0,0.0,0.0,0.0,0.0,0.0,0.0,0.0,12.073271675700152,9.53140013787187,0.0,33.61285484492389,0.0,0.0,0.0,0.0,26.3,0.0,4.794537184071822,0.0,12.073271675700152,6.4208216229260096,6.4208216229260096,0.0,0.0,20.771211599071872,0.0,4.736862953800049,4.851666666666667,0.0,10.63125,0.0,0.0,-0.09027777777777746,0.0,1.438009259259259,5.669351851851852,0.0,0.8571428571428571,9,0,2,0,0,0,0,0,0,2,0,2,3,0,0,0,0,1.7381,36.135999999999996,0,0,0,0,0,0,0,0,0,0,1,1,0,0,0,0,0,0,0,0,0,0,0,0,0,0,0,0,0,0,0,0,0,0,0,0,0,0,0,0,1,1,0,0,0,0,0,0,0,0,0,0,0,0,0,0,0,0,0,0,0,0,0,0,0,0,0,0,0,0,0,0,0,0,0,0,0,0,0,0,0,0,0,0,0
Butyl propanoate,CCCCOC(=O)CC,590-01-2,Biofuel,10.464401927437642,-0.0940277777777776,10.464401927437642,0.0940277777777776,0.4277197407264159,130.18699999999998,116.07499999999997,130.099379688,54,0,0.3049964083190467,-0.46568271458915556,0.46568271458915556,0.3049964083190467,1.4444444444444444,2.111111111111111,2.5555555555555554,16.532278015090792,10.35402143366548,1.940393387814228,-1.9865545507956703,1.895406792699138,-2.024506585754146,5.682654634424346,-0.14284144353789915,2.9730624080867365,78.98533616859814,7.112884175122364,6.144923705673916,6.144923705673916,4.308060412490447,3.4646903780250446,3.4646903780250446,1.9275769616440317,1.9275769616440317,1.0496158028163034,1.0496158028163034,0.4324038738774453,0.4324038738774453,-0.53,94.26737928973323,8.470000000000002,5.603868808567606,5.339329135302875,56.20397104375984,4.736862953800049,0.0,0.0,0.0,0.0,5.969305287951849,4.794537184071822,0.0,0.0,0.0,20.268296022307258,6.4208216229260096,6.4208216229260096,6.606881964512918,9.53140013787187,5.969305287951849,0.0,0.0,0.0,33.10993926815928,6.606881964512918,0.0,0.0,0.0,0.0,0.0,0.0,0.0,12.576187252464766,9.53140013787187,0.0,33.10993926815928,0.0,0.0,0.0,0.0,26.3,0.0,4.794537184071822,0.0,5.969305287951849,13.027703587438928,12.841643245852019,0.0,6.923737199690624,0.0,6.923737199690624,4.736862953800049,4.792638888888889,0.0,10.464401927437642,0.0,0.0,-0.0940277777777776,0.0,2.548064058956916,4.455589569160997,0.0,0.8571428571428571,9,0,2,0,0,0,0,0,0,2,0,2,4,0,0,0,0,1.7397,36.157999999999994,0,0,0,0,0,0,0,0,0,0,1,1,0,0,0,0,0,0,0,0,0,0,0,0,0,0,0,0,0,0,0,0,0,0,0,0,0,0,0,0,1,1,0,0,0,0,0,0,0,0,0,0,0,0,0,0,0,0,0,0,0,0,0,0,0,0,0,0,0,0,0,0,0,0,0,0,0,0,0,0,0,0,0,1,0
Pentyl acetate,CCCCCOC(C)=O,628-63-7,Biofuel,10.184675453514739,-0.17490457294028694,10.184675453514739,0.17490457294028694,0.4277197407264159,130.18699999999998,116.07499999999997,130.099379688,54,0,0.3021228679209696,-0.4658776881575565,0.4658776881575565,0.3021228679209696,1.4444444444444444,2.111111111111111,2.5555555555555554,16.531451740383385,10.259840941051536,1.893280598165245,-1.9768003008082335,1.929886180245967,-1.9910506667858903,5.653172443634002,-0.14056845918091282,2.828868134909685,78.98533616859814,7.112884175122364,6.144923705673916,6.144923705673916,4.270055610029662,3.4040302062452237,3.4040302062452237,2.0471501175130817,2.0471501175130817,1.0532161629029313,1.0532161629029313,0.5679595955473012,0.5679595955473012,-0.53,84.62711413110172,8.470000000000002,5.603868808567606,7.470000000000003,56.203971043759836,4.736862953800049,0.0,0.0,0.0,0.0,5.969305287951849,4.794537184071822,0.0,0.0,0.0,19.765380445542643,6.4208216229260096,6.923737199690624,6.606881964512918,9.53140013787187,5.969305287951849,0.0,0.0,0.0,33.10993926815928,6.606881964512918,0.0,0.0,0.0,0.0,0.0,0.0,0.0,12.576187252464766,9.53140013787187,0.0,33.10993926815928,0.0,0.0,0.0,0.0,26.3,0.0,4.794537184071822,0.0,5.969305287951849,6.606881964512918,12.841643245852019,13.344558822616634,0.0,0.0,6.923737199690624,4.736862953800049,4.705,0.0,10.184675453514739,0.0,0.0,-0.17490457294028694,0.0,3.3101436130007555,4.141752173091459,0.0,0.8571428571428571,9,0,2,0,0,0,0,0,0,2,0,2,4,0,0,0,0,1.7397,36.157999999999994,0,0,0,0,0,0,0,0,0,0,1,1,0,0,0,0,0,0,0,0,0,0,0,0,0,0,0,0,0,0,0,0,0,0,0,0,0,0,0,0,1,1,0,0,0,0,0,0,0,0,0,0,0,0,0,0,0,0,0,0,0,0,0,0,0,0,0,0,0,0,0,0,0,0,0,0,0,0,0,0,0,0,0,2,0
1-Methylbutyl acetate,CCCC(C)OC(C)=O, 626-38-0,Biofuel,10.306763038548752,-0.18430555555555528,10.306763038548752,0.09027777777777746,0.5437660106866278,130.18699999999998,116.07499999999997,130.099379688,54,0,0.30238921877085184,-0.4628615489136173,0.4628615489136173,0.30238921877085184,1.6666666666666667,2.2222222222222223,2.5555555555555554,16.541276690989378,10.22331638983788,2.0098506138311305,-2.0820496685290943,1.9925772612516734,-2.1055393675820824,5.655842405440941,-0.14520885580354137,3.259231489128124,88.91694057588535,7.276020881938894,6.3080604124904465,6.3080604124904465,4.163902460147014,3.336655891699415,3.336655891699415,2.208725106115813,2.208725106115813,1.0623495155487017,1.0623495155487017,0.7487695067269984,0.7487695067269984,-0.53,66.8432930980791,8.470000000000002,4.3587538349811625,5.339329135302875,56.203971043759836,4.736862953800049,0.0,0.0,0.0,0.0,5.969305287951849,4.794537184071822,0.0,0.0,0.0,13.344558822616634,13.344558822616634,6.923737199690624,6.103966387748303,9.53140013787187,5.969305287951849,0.0,0.0,0.0,39.71682123267219,0.0,0.0,0.0,0.0,0.0,0.0,0.0,0.0,12.073271675700152,9.53140013787187,0.0,33.61285484492389,0.0,0.0,0.0,0.0,26.3,0.0,4.794537184071822,0.0,12.073271675700152,0.0,12.841643245852019,6.923737199690624,0.0,6.923737199690624,6.923737199690624,4.736862953800049,4.851666666666667,0.0,10.306763038548752,0.0,0.0,-0.18430555555555528,0.0,2.1121296296296297,5.4137462207105065,0.0,0.8571428571428571,9,0,2,0,0,0,0,0,0,2,0,2,3,0,0,0,0,1.7381,36.135999999999996,0,0,0,0,0,0,0,0,0,0,1,1,0,0,0,0,0,0,0,0,0,0,0,0,0,0,0,0,0,0,0,0,0,0,0,0,0,0,0,0,1,1,0,0,0,0,0,0,0,0,0,0,0,0,0,0,0,0,0,0,0,0,0,0,0,0,0,0,0,0,0,0,0,0,0,0,0,0,0,0,0,0,0,0,0
2-Methylbutyl acetate,CCC(C)COC(C)=O,624-41-9,Biofuel,10.241901927437642,-0.18490740740740708,10.241901927437642,0.18490740740740708,0.5422095914375367,130.18699999999998,116.07499999999997,130.099379688,54,0,0.30213285599990236,-0.4655935095021842,0.4655935095021842,0.30213285599990236,1.6666666666666667,2.2222222222222223,2.5555555555555554,16.532026855376802,10.137069044076759,1.9872752401461706,-2.059320238123861,1.9930614251673426,-2.0725347077840124,5.653481939705835,-0.14167877849147845,3.1615950731355875,88.91694057588535,7.276020881938894,6.3080604124904465,6.3080604124904465,4.163902460147014,3.2978770563625757,3.2978770563625757,2.3160058637476717,2.3160058637476717,1.2680376876527193,1.2680376876527193,0.37746405283529216,0.37746405283529216,-0.53,78.51304536092788,8.470000000000002,4.3587538349811625,5.339329135302875,56.203971043759836,4.736862953800049,0.0,0.0,0.0,0.0,5.969305287951849,4.794537184071822,0.0,0.0,0.0,20.268296022307258,5.917906046161393,6.923737199690624,6.606881964512918,9.53140013787187,5.969305287951849,0.0,0.0,5.917906046161393,27.19203322199788,6.606881964512918,0.0,0.0,0.0,0.0,0.0,0.0,0.0,12.576187252464766,9.53140013787187,5.917906046161393,27.19203322199788,0.0,0.0,0.0,0.0,26.3,0.0,4.794537184071822,0.0,5.969305287951849,12.52478801067431,6.4208216229260096,6.923737199690624,0.0,0.0,13.847474399381248,4.736862953800049,4.755601851851852,0.0,10.241901927437642,0.0,0.0,0.30944444444444463,0.0,1.0627777777777778,6.130273998488284,0.0,0.8571428571428571,9,0,2,0,0,0,0,0,0,2,0,2,3,0,0,0,0,1.5956000000000001,36.087999999999994,0,0,0,0,0,0,0,0,0,0,1,1,0,0,0,0,0,0,0,0,0,0,0,0,0,0,0,0,0,0,0,0,0,0,0,0,0,0,0,0,1,1,0,0,0,0,0,0,0,0,0,0,0,0,0,0,0,0,0,0,0,0,0,0,0,0,0,0,0,0,0,0,0,0,0,0,0,0,0,0,0,0,0,0,0
Isopentyl acetate,CC(C)CCOC(C)=O,123-92-2,Biofuel,10.203016817838247,-0.1845833333333331,10.203016817838247,0.1845833333333331,0.5422095914375367,130.18699999999998,116.07499999999997,130.099379688,54,0,0.302123037200498,-0.46586693130001083,0.46586693130001083,0.302123037200498,1.5555555555555556,2.111111111111111,2.4444444444444446,16.531488868847283,10.147848492306348,1.944482630675683,-2.024698803216258,1.9774239153374766,-2.023183301606788,5.653214887751472,-0.14073762228102527,3.006105030052141,86.91694057588533,7.276020881938894,6.3080604124904465,6.3080604124904465,4.125897657686229,3.259872253901791,3.259872253901791,2.5225653210386993,2.5225653210386993,1.0005266043996348,1.0005266043996348,0.4383565647770272,0.4383565647770272,-0.53,65.1469510314125,8.470000000000002,4.3587538349811625,7.470000000000003,56.203971043759836,4.736862953800049,0.0,0.0,0.0,0.0,5.969305287951849,4.794537184071822,0.0,0.0,0.0,13.847474399381248,12.338727669087403,6.923737199690624,6.606881964512918,9.53140013787187,5.969305287951849,0.0,0.0,5.917906046161393,27.19203322199788,6.606881964512918,0.0,0.0,0.0,0.0,0.0,0.0,0.0,12.576187252464766,9.53140013787187,5.917906046161393,27.19203322199788,0.0,0.0,0.0,0.0,26.3,0.0,4.794537184071822,0.0,5.969305287951849,12.52478801067431,6.4208216229260096,6.923737199690624,0.0,0.0,13.847474399381248,4.736862953800049,4.71375,0.0,10.203016817838247,0.0,0.0,0.4305555555555556,0.0,0.9579166666666666,6.194760959939531,0.0,0.8571428571428571,9,0,2,0,0,0,0,0,0,2,0,2,3,0,0,0,0,1.5956000000000001,36.087999999999994,0,0,0,0,0,0,0,0,0,0,1,1,0,0,0,0,0,0,0,0,0,0,0,0,0,0,0,0,0,0,0,0,0,0,0,0,0,0,0,0,1,1,0,0,0,0,0,0,0,0,0,0,0,0,0,0,0,0,0,0,0,0,0,0,0,0,0,0,0,0,0,0,0,0,0,0,0,0,0,0,0,0,0,0,0
1-Ethylpropyl acetate,CCC(CC)OC(C)=O,620-11-1,Not biofuel,10.349722222222223,-0.17712962962962941,10.349722222222223,0.12731481481481466,0.5437660106866278,130.18699999999998,116.07499999999997,130.099379688,54,0,0.30239900630148026,-0.4625886730862082,0.4625886730862082,0.30239900630148026,1.4444444444444444,1.8888888888888888,2.0,16.541806132695893,10.208178304840493,2.038107145774412,-2.1051843392917284,2.0119608682996226,-2.1287432975878806,5.656186840146446,-0.1460785668955956,3.4263044810116607,84.91694057588535,7.276020881938894,6.3080604124904465,6.3080604124904465,4.201907262607799,3.3746606941602,3.3746606941602,2.0479378028508264,2.0479378028508264,1.2433139218198526,1.2433139218198526,0.6900498496721235,0.6900498496721235,-0.53,80.20139955580649,8.470000000000002,4.3587538349811625,4.005475234270416,56.203971043759836,4.736862953800049,6.103966387748303,0.0,0.0,0.0,5.969305287951849,4.794537184071822,0.0,0.0,0.0,13.847474399381248,12.841643245852019,6.923737199690624,0.0,9.53140013787187,5.969305287951849,0.0,0.0,0.0,39.71682123267219,0.0,0.0,0.0,0.0,0.0,0.0,0.0,0.0,12.073271675700152,9.53140013787187,0.0,33.61285484492389,0.0,0.0,0.0,0.0,26.3,0.0,4.794537184071822,0.0,12.073271675700152,0.0,12.841643245852019,6.923737199690624,0.0,13.847474399381248,0.0,4.736862953800049,4.909722222222222,0.0,10.349722222222223,0.0,0.0,-0.17712962962962941,0.0,1.9528703703703703,5.464814814814814,0.0,0.8571428571428571,9,0,2,0,0,0,0,0,0,2,0,2,3,0,0,0,0,1.7381,36.135999999999996,0,0,0,0,0,0,0,0,0,0,1,1,0,0,0,0,0,0,0,0,0,0,0,0,0,0,0,0,0,0,0,0,0,0,0,0,0,0,0,0,1,1,0,0,0,0,0,0,0,0,0,0,0,0,0,0,0,0,0,0,0,0,0,0,0,0,0,0,0,0,0,0,0,0,0,0,0,0,0,0,0,0,0,0,0
"1,2-Dimethylpropyl acetate",CC(C)C(C)OC(C)=O,5343-96-4,Not biofuel,10.336388888888889,-0.19796296296296267,10.336388888888889,0.04398148148148118,0.5304977131171219,130.18699999999998,116.07499999999997,130.099379688,54,0,0.302399066359602,-0.4625877461723808,0.4625877461723808,0.302399066359602,1.3333333333333333,1.7777777777777777,1.8888888888888888,16.54186776070147,10.111402812589475,2.0785447801056622,-2.139107346848137,2.038213447578498,-2.174172443333762,5.65617511395283,-0.14689664071952935,3.49895013050467,97.089273230246,7.439157588755425,6.471197119306978,6.471197119306978,4.036581260209188,3.2093346917615904,3.2093346917615904,2.5585680470680514,2.5585680470680514,1.2906883582145379,1.2906883582145379,0.39786557563993613,0.39786557563993613,-0.53,60.47184355343589,8.470000000000002,3.4868174048208713,4.005475234270416,56.203971043759836,4.736862953800049,6.103966387748303,0.0,0.0,0.0,5.969305287951849,4.794537184071822,0.0,0.0,0.0,13.847474399381248,12.841643245852017,6.923737199690624,0.0,9.53140013787187,5.969305287951849,0.0,0.0,5.917906046161393,33.7989151865108,0.0,0.0,0.0,0.0,0.0,0.0,0.0,0.0,12.073271675700152,9.53140013787187,5.917906046161393,27.694948798762496,0.0,0.0,0.0,0.0,26.3,0.0,4.794537184071822,0.0,12.073271675700152,5.917906046161393,0.0,6.923737199690624,0.0,20.771211599071872,0.0,4.736862953800049,4.872685185185185,0.0,10.336388888888889,0.0,0.0,0.21305555555555566,0.0,0.04398148148148118,7.367222222222223,0.0,0.8571428571428571,9,0,2,0,0,0,0,0,0,2,0,2,2,0,0,0,0,1.5939999999999999,36.065999999999995,0,0,0,0,0,0,0,0,0,0,1,1,0,0,0,0,0,0,0,0,0,0,0,0,0,0,0,0,0,0,0,0,0,0,0,0,0,0,0,0,1,1,0,0,0,0,0,0,0,0,0,0,0,0,0,0,0,0,0,0,0,0,0,0,0,0,0,0,0,0,0,0,0,0,0,0,0,0,0,0,0,0,0,0,0
1-Methylpropyl propanoate,CCC(C)OC(=O)CC,591-34-4,Not biofuel,10.55888888888889,-0.10708333333333298,10.55888888888889,0.080972222222222,0.5437660106866278,130.18699999999998,116.07499999999997,130.099379688,54,0,0.3052625680843859,-0.46267728782317796,0.46267728782317796,0.3052625680843859,1.5555555555555556,2.111111111111111,2.4444444444444446,16.542050760979834,10.30396146297898,2.023247201924313,-2.078926685878699,1.9666987617934615,-2.1171617992600114,5.68507905534787,-0.14739870850637762,3.3430002458353805,88.91694057588535,7.276020881938894,6.3080604124904465,6.3080604124904465,4.201907262607799,3.3973160634792365,3.3973160634792365,2.0622784967090864,2.0622784967090864,1.1962204110222363,1.1962204110222363,0.39105877840333636,0.39105877840333636,-0.53,84.36491016843732,8.470000000000002,4.3587538349811625,4.005475234270416,56.20397104375984,4.736862953800049,0.0,0.0,0.0,0.0,5.969305287951849,4.794537184071822,0.0,0.0,0.0,13.847474399381248,13.344558822616634,6.4208216229260096,6.103966387748303,9.53140013787187,5.969305287951849,0.0,0.0,0.0,39.71682123267219,0.0,0.0,0.0,0.0,0.0,0.0,0.0,0.0,12.073271675700152,9.53140013787187,0.0,33.61285484492389,0.0,0.0,0.0,0.0,26.3,0.0,4.794537184071822,0.0,12.073271675700152,6.4208216229260096,6.4208216229260096,0.0,6.923737199690624,13.847474399381248,0.0,4.736862953800049,4.909722222222222,0.0,10.55888888888889,0.0,0.0,-0.10708333333333298,0.0,1.452083333333333,5.686388888888889,0.0,0.8571428571428571,9,0,2,0,0,0,0,0,0,2,0,2,3,0,0,0,0,1.7381,36.135999999999996,0,0,0,0,0,0,0,0,0,0,1,1,0,0,0,0,0,0,0,0,0,0,0,0,0,0,0,0,0,0,0,0,0,0,0,0,0,0,0,0,1,1,0,0,0,0,0,0,0,0,0,0,0,0,0,0,0,0,0,0,0,0,0,0,0,0,0,0,0,0,0,0,0,0,0,0,0,0,0,0,0,0,0,0,0
Isobutyl propanoate,CCC(=O)OCC(C)C,540-42-1,Biofuel,10.494027777777777,-0.107685185185185,10.494027777777777,0.107685185185185,0.5422095914375367,130.18699999999998,116.07499999999999,130.099379688,54,0,0.30500622729667,-0.465409267126182,0.465409267126182,0.30500622729667,1.5555555555555556,2.111111111111111,2.4444444444444446,16.532815703569405,10.240029638154079,1.9826382947621803,-2.0370274374172888,1.932132523993279,-2.074840311896578,5.682890848646661,-0.14380205156845274,3.168818865415548,86.91694057588533,7.276020881938894,6.308060412490447,6.308060412490447,4.163902460147014,3.3205324256816118,3.3205324256816118,2.430412942602845,2.430412942602845,0.8663294389763245,0.8663294389763245,0.36167499525350005,0.36167499525350005,-0.53,78.51304536092788,8.470000000000002,4.3587538349811625,5.339329135302875,56.20397104375983,4.736862953800049,0.0,0.0,0.0,0.0,5.969305287951849,4.794537184071822,0.0,0.0,0.0,20.771211599071872,5.917906046161393,6.4208216229260096,6.606881964512918,9.53140013787187,5.969305287951849,0.0,0.0,5.917906046161393,27.19203322199788,6.606881964512918,0.0,0.0,0.0,0.0,0.0,0.0,0.0,12.576187252464766,9.53140013787187,5.917906046161393,27.19203322199788,0.0,0.0,0.0,0.0,26.3,0.0,4.794537184071822,0.0,5.969305287951849,18.94560963360032,0.0,0.0,6.923737199690624,13.847474399381248,0.0,4.736862953800049,4.813657407407407,0.0,10.494027777777777,0.0,0.0,0.3372222222222221,0.0,0.4788888888888889,6.376203703703704,0.0,0.8571428571428571,9,0,2,0,0,0,0,0,0,2,0,2,3,0,0,0,0,1.5956000000000001,36.087999999999994,0,0,0,0,0,0,0,0,0,0,1,1,0,0,0,0,0,0,0,0,0,0,0,0,0,0,0,0,0,0,0,0,0,0,0,0,0,0,0,0,1,1,0,0,0,0,0,0,0,0,0,0,0,0,0,0,0,0,0,0,0,0,0,0,0,0,0,0,0,0,0,0,0,0,0,0,0,0,0,0,0,0,0,0,0
tert-Butyl propanoate,CCC(=O)OC(C)(C)C,20487-40-5,Biofuel,10.605208333333334,-0.3262962962962963,10.605208333333334,0.13657407407407351,0.5052124330218283,130.18699999999998,116.07499999999999,130.099379688,54,0,0.30551961306155445,-0.4599555060805379,0.4599555060805379,0.30551961306155445,1.4444444444444444,1.8888888888888888,2.0,16.55227685417371,10.17303217717291,2.1319976658556947,-2.1800492868480474,2.067481200687875,-2.225617328035699,5.688120386081836,-0.15385656741454032,3.604313540063263,99.97400337186357,7.49156383156272,6.523603362114274,6.523603362114274,3.9545070218971734,3.1730326074756157,3.1730326074756157,2.9399963668331806,2.9399963668331806,0.7086968027580801,0.7086968027580801,0.413675134594813,0.413675134594813,-0.53,53.32665318316997,8.470000000000002,2.852566645594043,5.339329135302875,56.20397104375983,4.736862953800049,5.601050810983688,0.0,0.0,0.0,5.969305287951849,4.794537184071822,0.0,0.0,0.0,6.923737199690624,20.771211599071872,6.4208216229260096,0.0,9.53140013787187,5.969305287951849,0.0,0.0,0.0,39.71682123267219,0.0,0.0,0.0,0.0,0.0,0.0,0.0,0.0,11.570356098935537,9.53140013787187,0.0,34.11577042168851,0.0,0.0,0.0,0.0,26.3,0.0,4.794537184071822,0.0,11.570356098935537,6.4208216229260096,0.0,0.0,6.923737199690624,20.771211599071872,0.0,4.736862953800049,4.947916666666667,0.0,10.605208333333334,0.0,-0.3262962962962963,-0.13657407407407351,0.0,0.45562499999999995,7.3707870370370365,0.0,0.8571428571428571,9,0,2,0,0,0,0,0,0,2,0,2,1,0,0,0,0,1.7381,36.135999999999996,0,0,0,0,0,0,0,0,0,0,1,1,0,0,0,0,0,0,0,0,0,0,0,0,0,0,0,0,0,0,0,0,0,0,0,0,0,0,0,0,1,1,0,0,0,0,0,0,0,0,0,0,0,0,0,0,0,0,0,0,0,0,0,0,0,0,0,0,0,0,0,0,0,0,0,0,0,0,0,0,0,0,0,0,0
2-Methylpentyl formate,CCCC(C)COC=O,381670-34-4,Not biofuel,9.691342120181407,0.5061111111111112,9.691342120181407,0.5061111111111112,0.5281848423569534,130.18699999999998,116.07499999999997,130.099379688,54,0,0.2925855172309064,-0.46761662918193286,0.46761662918193286,0.2925855172309064,1.6666666666666667,2.3333333333333335,2.7777777777777777,16.517483573755523,10.089384231402581,1.9779013262903489,-2.056068904825385,2.03076979254057,-2.0320202177009623,5.363165702591484,-0.1293700278786442,3.0434925690412538,71.31640245632482,7.112884175122364,6.0925174628666205,6.0925174628666205,4.308060412490447,3.361033286689744,3.361033286689744,2.3234052283156226,2.3234052283156226,1.2302586378948965,1.2302586378948965,0.7796827498349119,0.7796827498349119,-0.53,90.44046466047871,8.470000000000002,5.603868808567606,5.339329135302875,56.203971043759836,4.736862953800049,0.0,0.0,0.0,6.472220864716464,0.0,4.794537184071822,0.0,0.0,0.0,20.268296022307258,12.338727669087403,0.0,6.606881964512918,9.53140013787187,6.472220864716464,0.0,0.0,5.917906046161393,26.689117645233267,6.606881964512918,0.0,0.0,0.0,0.0,0.0,0.0,0.0,13.079102829229381,9.53140013787187,5.917906046161393,26.689117645233267,0.0,0.0,0.0,0.0,26.3,0.0,4.794537184071822,0.0,0.0,18.997008875390776,12.841643245852019,0.0,0.0,0.0,18.584337353181297,0.0,4.567268518518519,0.0,9.691342120181407,0.0,0.0,0.5140740740740739,0.0,2.288912509448224,5.271736111111111,0.0,0.8571428571428571,9,0,2,0,0,0,0,0,0,2,0,2,5,0,0,0,0,1.5956,36.087999999999994,0,0,0,0,0,0,0,0,0,0,1,1,0,0,0,0,0,0,0,0,0,0,0,0,0,0,0,0,0,0,0,0,0,0,0,0,0,0,0,0,0,1,0,0,0,0,0,0,0,0,0,0,0,0,0,0,0,0,0,0,0,0,0,0,0,0,0,0,0,0,0,0,0,0,0,0,0,0,0,0,0,0,0,0,0
"Methyl 2,2-dimethylpentanoate",CCCC(C)(C)C(=O)OC,813-68-3,Not biofuel,11.00125,-0.30208333333333326,11.00125,0.11634259259259228,0.5660497428973408,144.21399999999997,128.08599999999998,144.115029752,60,0,0.3107231785935245,-0.46860276710138304,0.46860276710138304,0.3107231785935245,1.5,2.0,2.3,16.524949128830123,9.883316470642967,2.263239320240301,-2.192282100711526,2.225774197039365,-2.2452823785426133,5.750959449986082,-0.15063671173275725,3.957379792406812,116.42599881712918,8.198670612749268,7.230710143300821,7.230710143300821,4.54204064721467,3.6271567527075472,3.6271567527075472,3.1254651002803806,3.1254651002803806,1.6129812637105685,1.6129812637105685,1.0033550014966004,1.0033550014966004,-0.53,113.48941647659012,9.47,3.5925082832361293,2.3768530239607673,62.56891315815645,4.736862953800049,0.0,0.0,0.0,0.0,5.969305287951849,4.794537184071822,0.0,0.0,0.0,13.344558822616634,20.268296022307258,0.0,12.524788010674314,9.53140013787187,5.969305287951849,0.0,0.0,5.41499046939678,33.61285484492389,7.109797541277533,0.0,0.0,0.0,0.0,0.0,0.0,0.0,13.079102829229383,9.53140013787187,5.41499046939678,33.61285484492389,0.0,0.0,0.0,0.0,26.3,0.0,4.794537184071822,0.0,11.384295757348628,0.0,12.841643245852019,7.109797541277533,0.0,13.847474399381248,11.660600153490673,0.0,4.628611111111111,0.0,11.00125,0.0,-0.30208333333333326,-0.11634259259259228,0.0,1.904537037037037,5.870393518518519,1.430300925925926,0.875,10,0,2,0,0,0,0,0,0,2,0,2,3,0,0,0,0,1.9857,40.705000000000005,0,0,0,0,0,0,0,0,0,0,1,1,0,0,0,0,0,0,0,0,0,0,0,0,0,0,0,0,0,0,0,0,0,0,0,0,0,0,0,0,1,1,0,0,0,0,0,0,0,0,0,0,0,0,0,1,0,0,0,0,0,0,0,0,0,0,0,0,0,0,0,0,0,0,0,0,0,0,0,0,0,0,0,0,0
"Methyl 3,3-dimethylpentanoate",CCC(C)(C)CC(=O)OC,101186-01-0,Not biofuel,10.764097222222222,-0.11865740740740716,10.764097222222222,0.09037037037037043,0.5660497428973408,144.21399999999997,128.08599999999998,144.115029752,60,0,0.3055460510430337,-0.4689804799400778,0.4689804799400778,0.3055460510430337,1.5,2.0,2.3,16.52307443356855,9.866367176400315,2.1900580160685994,-2.1948121549487167,2.2375274713177147,-2.16162673561541,5.693903533968112,-0.14246529667202207,3.7601233366820006,116.42599881712918,8.19867061274927,7.230710143300822,7.230710143300822,4.515167193676995,3.584263533894095,3.584263533894095,3.2706762614230835,3.2706762614230835,1.8076686397079678,1.8076686397079678,0.5879059908594819,0.5879059908594819,-0.53,110.45931250987601,9.47,3.5925082832361293,3.4868174048208713,62.56891315815645,4.736862953800049,0.0,0.0,0.0,0.0,5.969305287951849,4.794537184071822,0.0,0.0,0.0,27.19203322199788,5.41499046939678,0.0,13.530619164203543,9.53140013787187,5.969305287951849,0.0,0.0,5.41499046939678,33.61285484492389,7.109797541277533,0.0,0.0,0.0,0.0,0.0,0.0,0.0,13.079102829229383,9.53140013787187,5.41499046939678,33.61285484492389,0.0,0.0,0.0,0.0,26.3,0.0,4.794537184071822,0.0,11.384295757348628,6.4208216229260096,6.4208216229260096,7.109797541277533,0.0,0.0,25.50807455287192,0.0,4.548958333333333,0.0,10.764097222222222,0.0,0.09037037037037043,-0.11865740740740716,0.0,1.515972222222222,6.19125,1.4246759259259258,0.875,10,0,2,0,0,0,0,0,0,2,0,2,3,0,0,0,0,1.9857,40.705000000000005,0,0,0,0,0,0,0,0,0,0,1,1,0,0,0,0,0,0,0,0,0,0,0,0,0,0,0,0,0,0,0,0,0,0,0,0,0,0,0,0,1,1,0,0,0,0,0,0,0,0,0,0,0,0,0,1,0,0,0,0,0,0,0,0,0,0,0,0,0,0,0,0,0,0,0,0,0,0,0,0,0,0,0,0,0
"Methyl 2,3-dimethylpentanoate",CCC(C)C(C)C(=O)OC,21641-66-7,Not biofuel,10.889907407407406,-0.10245370370370344,10.889907407407406,0.03703703703703676,0.5648358693923418,144.21399999999997,128.08599999999998,144.115029752,60,0,0.3081391635955924,-0.4687919920326703,0.4687919920326703,0.3081391635955924,1.5,2.0,2.3,16.52395731569405,9.93878059620807,2.1792770807114303,-2.141574847709883,2.1451719448830326,-2.1890624105823884,5.715328099609153,-0.1460181191914915,3.808860187931704,109.82521876648653,8.146264369941973,7.178303900493525,7.178303900493525,4.629427617536366,3.708560658885535,3.708560658885535,2.6973670482121697,2.6973670482121697,2.0704734288672144,2.0704734288672144,0.771753710887901,0.771753710887901,-0.53,139.79835167144978,9.47,4.311528394676563,2.3768530239607673,62.56891315815645,4.736862953800049,0.0,0.0,0.0,0.0,5.969305287951849,4.794537184071822,0.0,0.0,0.0,27.19203322199788,5.917906046161393,0.0,13.027703587438927,9.53140013787187,5.969305287951849,0.0,0.0,11.835812092322787,27.19203322199788,7.109797541277533,0.0,0.0,0.0,0.0,0.0,0.0,0.0,13.079102829229383,9.53140013787187,11.835812092322787,27.19203322199788,0.0,0.0,0.0,0.0,26.3,0.0,4.794537184071822,0.0,11.887211334113243,5.917906046161393,6.4208216229260096,7.109797541277533,0.0,6.923737199690624,18.584337353181297,0.0,4.596018518518519,0.0,10.889907407407406,0.0,0.0,0.3581481481481481,0.0,1.0240740740740741,6.0334259259259255,1.4317592592592594,0.875,10,0,2,0,0,0,0,0,0,2,0,2,3,0,0,0,0,1.8416000000000001,40.635000000000005,0,0,0,0,0,0,0,0,0,0,1,1,0,0,0,0,0,0,0,0,0,0,0,0,0,0,0,0,0,0,0,0,0,0,0,0,0,0,0,0,1,1,0,0,0,0,0,0,0,0,0,0,0,0,0,1,0,0,0,0,0,0,0,0,0,0,0,0,0,0,0,0,0,0,0,0,0,0,0,0,0,0,0,0,0
"Methyl 2,4-dimethylpentanoate",COC(=O)C(C)CC(C)C,71672-33-8,Not biofuel,10.825046296296296,-0.10305555555555546,10.825046296296296,0.046296296296295836,0.5648358693923418,144.21399999999997,128.08599999999998,144.115029752,60,0,0.3078775414643844,-0.4687993455960135,0.4687993455960135,0.3078775414643844,1.4,1.9,2.2,16.523892948636252,9.992784950996795,2.1308085724643098,-2.098363937301729,2.1091345762256672,-2.1392318623355235,5.711895010045735,-0.1448462217046403,3.614409481345886,107.82521876648651,8.146264369941973,7.178303900493526,7.178303900493526,4.574586062669973,3.653719104019143,3.653719104019143,3.053756419764256,3.053756419764256,1.4285113019775795,1.4285113019775795,1.0045162895825765,1.0045162895825765,-0.53,116.2913399593977,9.47,4.311528394676563,3.4868174048208713,62.568913158156434,4.736862953800049,0.0,0.0,0.0,0.0,5.969305287951849,4.794537184071822,0.0,0.0,0.0,20.771211599071872,12.338727669087403,0.0,13.027703587438927,9.53140013787187,5.969305287951849,0.0,0.0,11.835812092322787,27.19203322199788,7.109797541277533,0.0,0.0,0.0,0.0,0.0,0.0,0.0,13.079102829229383,9.53140013787187,11.835812092322787,27.19203322199788,0.0,0.0,0.0,0.0,26.3,0.0,4.794537184071822,0.0,11.887211334113243,5.917906046161393,6.4208216229260096,7.109797541277533,0.0,6.923737199690624,18.584337353181297,0.0,4.573935185185185,0.0,10.825046296296296,0.0,0.0,0.5072222222222216,0.0,0.9093981481481482,6.088009259259259,1.4297222222222221,0.875,10,0,2,0,0,0,0,0,0,2,0,2,3,0,0,0,0,1.8416,40.635000000000005,0,0,0,0,0,0,0,0,0,0,1,1,0,0,0,0,0,0,0,0,0,0,0,0,0,0,0,0,0,0,0,0,0,0,0,0,0,0,0,0,1,1,0,0,0,0,0,0,0,0,0,0,0,0,0,1,0,0,0,0,0,0,0,0,0,0,0,0,0,0,0,0,0,0,0,0,0,0,0,0,0,0,0,0,0
"Methyl 3,4-dimethylpentanoate",COC(=O)CC(C)C(C)C,30288-22-3,Not biofuel,10.704444444444444,-0.1100000000000001,10.704444444444444,0.1100000000000001,0.5648358693923418,144.21399999999997,128.08599999999998,144.115029752,60,0,0.3052838722315768,-0.4689878528894742,0.4689878528894742,0.3052838722315768,1.4,1.9,2.2,16.52300895254823,9.94925191586461,2.1119109344547358,-2.1221541607403265,2.132600982182627,-2.111374576892824,5.688673966136388,-0.1414416451948784,3.5687352848831,107.82521876648651,8.146264369941973,7.178303900493526,7.178303900493526,4.574586062669973,3.6436824028870736,3.6436824028870736,3.0015575784410142,3.0015575784410142,1.8543840301847947,1.8543840301847947,0.5819273052604537,0.5819273052604537,-0.53,119.82257024901284,9.47,4.311528394676563,3.4868174048208713,62.568913158156434,4.736862953800049,0.0,0.0,0.0,0.0,5.969305287951849,4.794537184071822,0.0,0.0,0.0,20.771211599071872,11.835812092322787,6.4208216229260096,7.109797541277533,9.53140013787187,5.969305287951849,0.0,0.0,11.835812092322787,27.19203322199788,7.109797541277533,0.0,0.0,0.0,0.0,0.0,0.0,0.0,13.079102829229383,9.53140013787187,11.835812092322787,27.19203322199788,0.0,0.0,0.0,0.0,26.3,0.0,4.794537184071822,0.0,5.969305287951849,18.256633715248796,0.0,7.109797541277533,0.0,0.0,25.50807455287192,0.0,4.5320833333333335,0.0,10.704444444444444,0.0,0.0,0.8682870370370366,0.0,0.5358796296296297,6.2666666666666675,1.4259722222222222,0.875,10,0,2,0,0,0,0,0,0,2,0,2,3,0,0,0,0,1.8416,40.635000000000005,0,0,0,0,0,0,0,0,0,0,1,1,0,0,0,0,0,0,0,0,0,0,0,0,0,0,0,0,0,0,0,0,0,0,0,0,0,0,0,0,1,1,0,0,0,0,0,0,0,0,0,0,0,0,0,1,0,0,0,0,0,0,0,0,0,0,0,0,0,0,0,0,0,0,0,0,0,0,0,0,0,0,0,0,0
"Ethyl 2,2-dimethylbutanoate",CCOC(=O)C(C)(C)CC,5129-40-8,Not biofuel,11.073611111111111,-0.30951388888888887,11.073611111111111,0.09953703703703654,0.5660497428973408,144.21399999999997,128.08599999999998,144.115029752,60,0,0.31097820720487523,-0.46557666915945695,0.46557666915945695,0.31097820720487523,1.4,1.9,2.2,16.53375797860943,9.90645719276112,2.2567342292130808,-2.187608896043261,2.2043414075066954,-2.2501059750584944,5.752051083822575,-0.1530361838351227,3.9138693991816607,116.42599881712918,8.198670612749268,7.230710143300822,7.230710143300822,4.542040647214671,3.7146903780250446,3.7146903780250446,2.9579070475339426,2.9579070475339426,1.7119012502894426,1.7119012502894426,0.47080051965037795,0.47080051965037795,-0.53,116.97447559935023,9.47,3.5925082832361293,2.3768530239607673,62.568913158156434,4.736862953800049,0.0,0.0,0.0,0.0,5.969305287951849,4.794537184071822,0.0,0.0,0.0,6.923737199690624,27.19203322199788,0.0,12.021872433909698,9.53140013787187,5.969305287951849,0.0,0.0,5.41499046939678,34.11577042168851,6.606881964512918,0.0,0.0,0.0,0.0,0.0,0.0,0.0,12.576187252464766,9.53140013787187,5.41499046939678,34.11577042168851,0.0,0.0,0.0,0.0,26.3,0.0,4.794537184071822,0.0,11.384295757348628,6.606881964512918,6.4208216229260096,0.0,0.0,27.694948798762496,0.0,4.736862953800049,4.858611111111111,0.0,11.073611111111111,0.0,-0.30951388888888887,-0.09953703703703654,0.0,0.8252314814814814,8.06826388888889,0.0,0.875,10,0,2,0,0,0,0,0,0,2,0,2,3,0,0,0,0,1.9857,40.705000000000005,0,0,0,0,0,0,0,0,0,0,1,1,0,0,0,0,0,0,0,0,0,0,0,0,0,0,0,0,0,0,0,0,0,0,0,0,0,0,0,0,1,1,0,0,0,0,0,0,0,0,0,0,0,0,0,0,0,0,0,0,0,0,0,0,0,0,0,0,0,0,0,0,0,0,0,0,0,0,0,0,0,0,0,0,0
"Ethyl 3,3-dimethylbutanoate",CCOC(=O)CC(C)(C)C,5340-78-3,Not biofuel,10.836458333333333,-0.10185185185185142,10.836458333333333,0.04787037037037045,0.5538422237381403,144.21399999999997,128.08599999999998,144.115029752,60,0,0.3058010970123465,-0.4659543863184373,0.4659543863184373,0.3058010970123465,1.4,1.9,2.2,16.531917186423055,9.925091325065063,2.1547695840400523,-2.1527657027013523,2.1801114725740702,-2.14562786767013,5.695063888746775,-0.14466765247778052,3.5823734099545796,110.91622381280224,8.198670612749268,7.230710143300821,7.230710143300821,4.454507021897173,3.611136987431771,3.611136987431771,3.5424580368968237,3.5424580368968237,0.9799928581995683,0.9799928581995683,0.645031375915047,0.645031375915047,-0.53,82.79579028708662,9.47,3.5925082832361293,5.603868808567606,62.568913158156434,4.736862953800049,0.0,0.0,0.0,0.0,5.969305287951849,4.794537184071822,0.0,0.0,0.0,20.771211599071872,12.338727669087405,0.0,13.027703587438928,9.53140013787187,5.969305287951849,0.0,0.0,5.41499046939678,34.11577042168851,6.606881964512918,0.0,0.0,0.0,0.0,0.0,0.0,0.0,12.576187252464766,9.53140013787187,5.41499046939678,34.11577042168851,0.0,0.0,0.0,0.0,26.3,0.0,4.794537184071822,0.0,11.384295757348628,13.027703587438928,0.0,0.0,0.0,27.694948798762496,0.0,4.736862953800049,4.778958333333334,0.0,10.836458333333333,0.0,0.04787037037037045,-0.10185185185185142,0.0,0.5008333333333332,8.35439814814815,0.0,0.875,10,0,2,0,0,0,0,0,0,2,0,2,2,0,0,0,0,1.9857,40.705000000000005,0,0,0,0,0,0,0,0,0,0,1,1,0,0,0,0,0,0,0,0,0,0,0,0,0,0,0,0,0,0,0,0,0,0,0,0,0,0,0,0,1,1,0,0,0,0,0,0,0,0,0,0,0,0,0,0,0,0,0,0,0,0,0,0,0,0,0,0,0,0,0,0,0,0,0,0,0,0,0,0,0,0,0,0,0
"Ethyl 2,3-dimethylbutanoate",CCOC(=O)C(C)C(C)C,54004-42-1,Not biofuel,10.962268518518519,-0.0856481481481477,10.962268518518519,0.02773148148148108,0.5648358693923418,144.21399999999997,128.08599999999998,144.115029752,60,0,0.3083941998508727,-0.4657658962501693,0.4657658962501693,0.3083941998508727,1.4,1.9,2.2,16.53278433222578,9.986201868681865,2.1625061136494033,-2.123018093576732,2.101673465946176,-2.188326847867834,5.716522982352433,-0.14832140362918922,3.7051934500944976,107.82521876648651,8.146264369941973,7.178303900493526,7.178303900493526,4.59142281507558,3.758089481742247,3.758089481742247,2.7847403660721746,2.7847403660721746,1.6583814896130895,1.6583814896130895,0.5458702811739234,0.5458702811739234,-0.53,121.27930306786597,9.47,4.311528394676563,2.852566645594043,62.568913158156434,4.736862953800049,0.0,0.0,0.0,0.0,5.969305287951849,4.794537184071822,0.0,0.0,0.0,20.771211599071872,12.841643245852017,0.0,12.52478801067431,9.53140013787187,5.969305287951849,0.0,0.0,11.835812092322787,27.694948798762496,6.606881964512918,0.0,0.0,0.0,0.0,0.0,0.0,0.0,12.576187252464766,9.53140013787187,11.835812092322787,27.694948798762496,0.0,0.0,0.0,0.0,26.3,0.0,4.794537184071822,0.0,11.887211334113243,12.52478801067431,0.0,0.0,0.0,27.694948798762496,0.0,4.736862953800049,4.826018518518519,0.0,10.962268518518519,0.0,0.0,0.31620370370370354,0.0,0.0,8.228842592592592,0.0,0.875,10,0,2,0,0,0,0,0,0,2,0,2,3,0,0,0,0,1.8416000000000001,40.635000000000005,0,0,0,0,0,0,0,0,0,0,1,1,0,0,0,0,0,0,0,0,0,0,0,0,0,0,0,0,0,0,0,0,0,0,0,0,0,0,0,0,1,1,0,0,0,0,0,0,0,0,0,0,0,0,0,0,0,0,0,0,0,0,0,0,0,0,0,0,0,0,0,0,0,0,0,0,0,0,0,0,0,0,0,0,0
1-Methylpropyl 2-methylpropanoate,CCC(C)OC(=O)C(C)C,23412-21-7,Not biofuel,10.889907407407406,-0.10245370370370321,10.889907407407406,0.005555555555555758,0.5660374890254205,144.21399999999997,128.08599999999998,144.115029752,60,0,0.3081272944043082,-0.46248135975258714,0.46248135975258714,0.3081272944043082,1.4,1.9,2.2,16.542958140486647,10.207864316499862,2.1016892316850297,-2.1149567919542114,2.0172023781239985,-2.1761337490688946,5.711234247422983,-0.1515842822436945,3.574142469454964,107.82521876648651,8.146264369941973,7.178303900493526,7.178303900493526,4.574586062669973,3.7800315646734797,3.7800315646734797,2.810452770295767,2.810452770295767,1.3636578456290986,1.3636578456290986,0.41770321430219115,0.41770321430219115,-0.53,119.82257024901284,9.47,4.311528394676563,3.4868174048208713,62.568913158156434,4.736862953800049,0.0,0.0,0.0,0.0,5.969305287951849,4.794537184071822,0.0,0.0,0.0,20.771211599071872,13.344558822616634,0.0,12.021872433909696,9.53140013787187,5.969305287951849,0.0,0.0,5.917906046161393,40.21973680943681,0.0,0.0,0.0,0.0,0.0,0.0,0.0,0.0,12.073271675700152,9.53140013787187,5.917906046161393,34.11577042168851,0.0,0.0,0.0,0.0,26.3,0.0,4.794537184071822,0.0,17.991177721861547,0.0,6.4208216229260096,0.0,0.0,27.694948798762496,0.0,4.736862953800049,5.0219907407407405,0.0,10.889907407407406,0.0,0.0,-0.10800925925925897,0.0,0.9520833333333334,7.577361111111111,0.0,0.875,10,0,2,0,0,0,0,0,0,2,0,2,3,0,0,0,0,1.9841,40.68300000000001,0,0,0,0,0,0,0,0,0,0,1,1,0,0,0,0,0,0,0,0,0,0,0,0,0,0,0,0,0,0,0,0,0,0,0,0,0,0,0,0,1,1,0,0,0,0,0,0,0,0,0,0,0,0,0,0,0,0,0,0,0,0,0,0,0,0,0,0,0,0,0,0,0,0,0,0,0,0,0,0,0,0,0,0,0
2-Methylpropyl 2-methylpropanoate,CC(C)COC(=O)C(C)C,97-85-8,Biofuel,10.825046296296296,-0.10305555555555501,10.825046296296296,0.0011574074074076623,0.5648358693923418,144.21399999999997,128.08599999999998,144.115029752,60,0,0.30787097579871536,-0.4652133415325127,0.4652133415325127,0.30787097579871536,1.3,1.8,2.1,16.533740612593785,10.201851763261233,2.0740587899916516,-2.077395786033552,1.9865301493106107,-2.1429885074113333,5.709194101108372,-0.147890958062215,3.4037533061532064,105.82521876648653,8.146264369941973,7.178303900493526,7.178303900493526,4.536581260209188,3.703247926875855,3.703247926875855,3.178587216189526,3.178587216189526,1.030330085889911,1.030330085889911,0.4154665466377908,0.4154665466377908,-0.53,111.0417522239666,9.47,4.311528394676563,4.3587538349811625,62.568913158156434,4.736862953800049,0.0,0.0,0.0,0.0,5.969305287951849,4.794537184071822,0.0,0.0,0.0,27.694948798762496,5.917906046161393,0.0,12.52478801067431,9.53140013787187,5.969305287951849,0.0,0.0,11.835812092322787,27.694948798762496,6.606881964512918,0.0,0.0,0.0,0.0,0.0,0.0,0.0,12.576187252464766,9.53140013787187,11.835812092322787,27.694948798762496,0.0,0.0,0.0,0.0,26.3,0.0,4.794537184071822,0.0,11.887211334113243,12.52478801067431,0.0,0.0,0.0,27.694948798762496,0.0,4.736862953800049,4.925925925925926,0.0,10.825046296296296,0.0,0.0,0.32884259259259274,0.0,0.0,8.25351851851852,0.0,0.875,10,0,2,0,0,0,0,0,0,2,0,2,3,0,0,0,0,1.8416000000000001,40.635000000000005,0,0,0,0,0,0,0,0,0,0,1,1,0,0,0,0,0,0,0,0,0,0,0,0,0,0,0,0,0,0,0,0,0,0,0,0,0,0,0,0,1,1,0,0,0,0,0,0,0,0,0,0,0,0,0,0,0,0,0,0,0,0,0,0,0,0,0,0,0,0,0,0,0,0,0,0,0,0,0,0,0,0,0,0,0
"1,1-Dimethylethyl 2-methylpropanoate",CC(C)C(=O)OC(C)(C)C,16889-72-8,Not biofuel,10.936226851851853,-0.3458796296296296,10.936226851851853,0.02849537037037031,0.5259048403025379,144.21399999999997,128.08599999999998,144.115029752,60,0,0.3083843170710342,-0.4597595755067005,0.4597595755067005,0.3083843170710342,1.3,1.7,1.8,16.553164901101006,10.147546434669856,2.174896240848024,-2.2014694005872752,2.0952589849526335,-2.259729032407488,5.714055741798824,-0.15817073233844572,3.810136068912814,119.70950594454668,8.361807319565798,7.393846850117352,7.393846850117352,4.327185821959348,3.5557481086698592,3.5557481086698592,3.688170640419861,3.688170640419861,0.8781829704044747,0.8781829704044747,0.4196278254943949,0.4196278254943949,-0.53,75.1914571177504,9.47,3.0394269293618237,4.3587538349811625,62.568913158156434,4.736862953800049,5.601050810983688,0.0,0.0,0.0,5.969305287951849,4.794537184071822,0.0,0.0,0.0,13.847474399381248,20.771211599071872,0.0,5.917906046161393,9.53140013787187,5.969305287951849,0.0,0.0,5.917906046161393,40.21973680943681,0.0,0.0,0.0,0.0,0.0,0.0,0.0,0.0,11.570356098935537,9.53140013787187,5.917906046161393,34.61868599845312,0.0,0.0,0.0,0.0,26.3,0.0,4.794537184071822,0.0,17.488262145096932,0.0,0.0,0.0,0.0,34.61868599845312,0.0,4.736862953800049,5.060185185185185,0.0,10.936226851851853,0.0,-0.3458796296296296,-0.16043981481481429,0.0,0.0,9.259907407407407,0.0,0.875,10,0,2,0,0,0,0,0,0,2,0,2,1,0,0,0,0,1.9841,40.68300000000001,0,0,0,0,0,0,0,0,0,0,1,1,0,0,0,0,0,0,0,0,0,0,0,0,0,0,0,0,0,0,0,0,0,0,0,0,0,0,0,0,1,1,0,0,0,0,0,0,0,0,0,0,0,0,0,0,0,0,0,0,0,0,0,0,0,0,0,0,0,0,0,0,0,0,0,0,0,0,0,0,0,0,0,0,0
"2,2-Dimethylpropyl propanoate",CCC(=O)OCC(C)(C)C,3581-69-9,Not biofuel,10.63625,-0.11581018518518493,10.63625,0.08812500000000001,0.5538422237381403,144.21399999999997,128.08599999999998,144.115029752,60,0,0.30501628403443753,-0.465123813631392,0.465123813631392,0.30501628403443753,1.4,1.9,2.2,16.533461203538995,9.986661814206345,2.1155997169850154,-2.166304319361084,2.123414716523962,-2.1708614530736208,5.6833514185731655,-0.14547273436623254,3.455281040689958,110.91622381280224,8.198670612749268,7.230710143300821,7.230710143300821,4.454507021897173,3.611136987431771,3.611136987431771,3.574897164896054,3.574897164896054,0.9548442578505801,0.9548442578505801,0.3990622424194977,0.3990622424194977,-0.53,99.59282168544263,9.47,3.5925082832361293,5.603868808567606,62.568913158156434,4.736862953800049,0.0,0.0,0.0,0.0,5.969305287951849,4.794537184071822,0.0,0.0,0.0,27.694948798762496,5.41499046939678,6.4208216229260096,6.606881964512918,9.53140013787187,5.969305287951849,0.0,0.0,5.41499046939678,34.11577042168851,6.606881964512918,0.0,0.0,0.0,0.0,0.0,0.0,0.0,12.576187252464766,9.53140013787187,5.41499046939678,34.11577042168851,0.0,0.0,0.0,0.0,26.3,0.0,4.794537184071822,0.0,11.384295757348628,13.027703587438928,0.0,0.0,6.923737199690624,20.771211599071872,0.0,4.736862953800049,4.916666666666667,0.0,10.63625,0.0,0.08812500000000001,-0.11581018518518493,0.0,0.4683333333333335,8.423101851851852,0.0,0.875,10,0,2,0,0,0,0,0,0,2,0,2,2,0,0,0,0,1.9857,40.705000000000005,0,0,0,0,0,0,0,0,0,0,1,1,0,0,0,0,0,0,0,0,0,0,0,0,0,0,0,0,0,0,0,0,0,0,0,0,0,0,0,0,1,1,0,0,0,0,0,0,0,0,0,0,0,0,0,0,0,0,0,0,0,0,0,0,0,0,0,0,0,0,0,0,0,0,0,0,0,0,0,0,0,0,0,0,0
"1,3-Dimethylbutyl acetate",CC(C)CC(C)OC(C)=O,108-84-9,Not biofuel,10.413433484504914,-0.18689814814814798,10.413433484504914,0.06712962962962932,0.5660374890254205,144.21399999999997,128.08599999999998,144.115029752,60,0,0.30238939009526955,-0.46285057128161217,0.46285057128161217,0.30238939009526955,1.4,1.9,2.2,16.54132281512589,10.079548846205965,2.059746478763011,-2.1260972026744027,2.0642538191434165,-2.1367450335849685,5.65591148747172,-0.14556128499703067,3.4313807383393122,107.82521876648651,8.146264369941973,7.178303900493525,7.178303900493525,4.519744507803582,3.6924979393559827,3.6924979393559827,3.049599082033868,3.049599082033868,1.1704799422128032,1.1704799422128032,0.9952848097889246,0.9952848097889246,-0.53,88.34747999952293,9.47,4.311528394676563,5.603868808567606,62.56891315815644,4.736862953800049,0.0,0.0,0.0,0.0,5.969305287951849,4.794537184071822,0.0,0.0,0.0,13.847474399381248,19.262464868778025,6.923737199690624,6.103966387748303,9.53140013787187,5.969305287951849,0.0,0.0,5.917906046161393,40.21973680943681,0.0,0.0,0.0,0.0,0.0,0.0,0.0,0.0,12.073271675700152,9.53140013787187,5.917906046161393,34.11577042168851,0.0,0.0,0.0,0.0,26.3,0.0,4.794537184071822,0.0,12.073271675700152,5.917906046161393,6.4208216229260096,6.923737199690624,0.0,6.923737199690624,13.847474399381248,4.736862953800049,4.922083333333333,0.0,10.413433484504914,0.0,0.0,0.40509259259259256,0.0,1.0111574074074072,7.581566515495086,0.0,0.875,10,0,2,0,0,0,0,0,0,2,0,2,3,0,0,0,0,1.9841,40.68300000000001,0,0,0,0,0,0,0,0,0,0,1,1,0,0,0,0,0,0,0,0,0,0,0,0,0,0,0,0,0,0,0,0,0,0,0,0,0,0,0,0,1,1,0,0,0,0,0,0,0,0,0,0,0,0,0,0,0,0,0,0,0,0,0,0,0,0,0,0,0,0,0,0,0,0,0,0,0,0,0,0,0,0,0,0,0
"2,3-Dimethylbutyl acetate",CC(C)C(C)COC(C)=O,71412-26-5,Not biofuel,10.348572373393802,-0.18749999999999978,10.348572373393802,0.18749999999999978,0.5648358693923418,144.21399999999997,128.08599999999998,144.115029752,60,0,0.30213302755156024,-0.46558251561743674,0.46558251561743674,0.30213302755156024,1.4,1.9,2.2,16.532073705260004,9.994751199908398,2.0707020169100367,-2.13525691857498,2.0859207476807686,-2.135065695347891,5.653549030267142,-0.14205704300918123,3.39218891816955,107.82521876648651,8.146264369941973,7.178303900493525,7.178303900493525,4.536581260209188,3.6705558564247505,3.6705558564247505,3.023886677810275,3.023886677810275,1.6875593647189218,1.6875593647189218,0.4412499697009994,0.4412499697009994,-0.53,111.0417522239666,9.47,4.311528394676563,4.3587538349811625,62.56891315815644,4.736862953800049,0.0,0.0,0.0,0.0,5.969305287951849,4.794537184071822,0.0,0.0,0.0,20.771211599071872,11.835812092322787,6.923737199690624,6.606881964512918,9.53140013787187,5.969305287951849,0.0,0.0,11.835812092322787,27.694948798762496,6.606881964512918,0.0,0.0,0.0,0.0,0.0,0.0,0.0,12.576187252464766,9.53140013787187,11.835812092322787,27.694948798762496,0.0,0.0,0.0,0.0,26.3,0.0,4.794537184071822,0.0,5.969305287951849,18.442694056835705,0.0,6.923737199690624,0.0,0.0,20.771211599071872,4.736862953800049,4.826018518518518,0.0,10.348572373393802,0.0,0.0,0.8571759259259257,0.0,0.0,8.301566515495086,0.0,0.875,10,0,2,0,0,0,0,0,0,2,0,2,3,0,0,0,0,1.8416000000000001,40.635000000000005,0,0,0,0,0,0,0,0,0,0,1,1,0,0,0,0,0,0,0,0,0,0,0,0,0,0,0,0,0,0,0,0,0,0,0,0,0,0,0,0,1,1,0,0,0,0,0,0,0,0,0,0,0,0,0,0,0,0,0,0,0,0,0,0,0,0,0,0,0,0,0,0,0,0,0,0,0,0,0,0,0,0,0,0,0
"1,1,2-Trimethylpropyl acetate",CC(C)C(C)(C)OC(C)=O,4806-33-1,Not biofuel,10.541597222222222,-0.3275462962962963,10.541597222222222,0.20953703703703686,0.553830234135179,144.21399999999997,128.08599999999998,144.115029752,60,0,0.3026661377052564,-0.4595816959926625,0.4595816959926625,0.3026661377052564,1.4,1.8,1.9,16.55279866153327,9.946678552044583,2.243882242731713,-2.278268629736311,2.193893599413693,-2.3221671331974703,5.660155490928208,-0.15711637610405826,3.9902933317514906,125.21928094887362,8.3618073195658,7.393846850117352,7.393846850117352,4.359877892410453,3.5557481086698592,3.5557481086698592,3.3517939246436605,3.3517939246436605,1.7971812483882104,1.7971812483882104,0.48829043507813624,0.48829043507813624,-0.53,78.54953235935311,9.47,3.0394269293618237,2.852566645594043,62.56891315815643,4.736862953800049,5.601050810983688,0.0,0.0,0.0,5.969305287951849,4.794537184071822,0.0,0.0,0.0,13.847474399381248,19.76538044554264,6.923737199690624,0.0,9.53140013787187,5.969305287951849,0.0,0.0,5.917906046161393,40.21973680943681,0.0,0.0,0.0,0.0,0.0,0.0,0.0,0.0,11.570356098935537,9.53140013787187,5.917906046161393,34.61868599845312,0.0,0.0,0.0,0.0,26.3,0.0,4.794537184071822,0.0,11.570356098935537,5.917906046161393,0.0,6.923737199690624,0.0,27.694948798762496,0.0,4.736862953800049,5.060185185185185,0.0,10.541597222222222,0.0,-0.3275462962962963,0.14824074074074078,0.0,0.0,9.327523148148149,0.0,0.875,10,0,2,0,0,0,0,0,0,2,0,2,2,0,0,0,0,1.9841,40.68300000000001,0,0,0,0,0,0,0,0,0,0,1,1,0,0,0,0,0,0,0,0,0,0,0,0,0,0,0,0,0,0,0,0,0,0,0,0,0,0,0,0,1,1,0,0,0,0,0,0,0,0,0,0,0,0,0,0,0,0,0,0,0,0,0,0,0,0,0,0,0,0,0,0,0,0,0,0,0,0,0,0,0,0,0,0,0
"1,2,2-Trimethylpropyl acetate",CC(OC(C)=O)C(C)(C)C,616-51-3,Not biofuel,10.47861111111111,-0.20608796296296306,10.47861111111111,0.009259259259259967,0.5259048403025379,144.21399999999997,128.08599999999998,144.115029752,60,0,0.30240915251795664,-0.4623019060253835,0.4623019060253835,0.30240915251795664,1.4,1.8,1.9,16.54257647897891,9.902277627088683,2.2150390638617687,-2.256131389312107,2.207779699432895,-2.271555927739996,5.656827999460357,-0.14997477369089798,3.850572585652918,121.70950594454668,8.361807319565798,7.393846850117352,7.393846850117352,4.337222523091416,3.5099759546438176,3.5099759546438176,3.6176866829674794,3.6176866829674794,1.562319142304576,1.562319142304576,0.4257221742419771,0.4257221742419771,-0.53,76.90359109819562,9.47,3.0394269293618237,3.4868174048208713,62.568913158156434,4.736862953800049,6.103966387748303,0.0,0.0,0.0,5.969305287951849,4.794537184071822,0.0,0.0,0.0,20.771211599071872,12.338727669087405,6.923737199690624,0.0,9.53140013787187,5.969305287951849,0.0,0.0,5.41499046939678,40.72265238620142,0.0,0.0,0.0,0.0,0.0,0.0,0.0,0.0,12.073271675700152,9.53140013787187,5.41499046939678,34.61868599845312,0.0,0.0,0.0,0.0,26.3,0.0,4.794537184071822,0.0,17.488262145096932,0.0,0.0,6.923737199690624,0.0,27.694948798762496,0.0,4.736862953800049,4.975694444444445,0.0,10.47861111111111,0.0,0.04729166666666673,-0.20608796296296306,0.0,-0.009259259259259967,9.463750000000001,0.0,0.875,10,0,2,0,0,0,0,0,0,2,0,2,1,0,0,0,0,1.9841,40.68300000000001,0,0,0,0,0,0,0,0,0,0,1,1,0,0,0,0,0,0,0,0,0,0,0,0,0,0,0,0,0,0,0,0,0,0,0,0,0,0,0,0,1,1,0,0,0,0,0,0,0,0,0,0,0,0,0,0,0,0,0,0,0,0,0,0,0,0,0,0,0,0,0,0,0,0,0,0,0,0,0,0,0,0,0,0,0
1-Ethyl-2-methylpropyl acetate,CCC(C(C)C)OC(=O)C,35897-16-6,Biofuel,10.495277777777778,-0.18004629629629587,10.495277777777778,0.094907407407407,0.5660374890254205,144.214,128.08599999999998,144.115029752,60,0,0.3024090327707147,-0.46230373614285414,0.46230373614285414,0.3024090327707147,1.5,2.0,2.1,16.542441924715597,10.05627261824693,2.1228855163353644,-2.1760302141929695,2.0925119768166427,-2.205263270735509,5.656600287232751,-0.1481573669599321,3.7130910838091817,107.82521876648651,8.146264369941973,7.178303900493525,7.178303900493525,4.574586062669972,3.7473394942223743,3.7473394942223743,2.8001496708652476,2.8001496708652476,1.4632773425366603,1.4632773425366603,0.9039938013393964,0.9039938013393964,-0.53,112.49251649732604,9.47,4.311528394676563,3.4868174048208713,62.568913158156434,4.736862953800049,6.103966387748303,0.0,0.0,0.0,5.969305287951849,4.794537184071822,0.0,0.0,0.0,20.771211599071872,12.338727669087403,6.923737199690624,0.0,9.53140013787187,5.969305287951849,0.0,0.0,5.917906046161393,40.21973680943681,0.0,0.0,0.0,0.0,0.0,0.0,0.0,0.0,12.073271675700152,9.53140013787187,5.917906046161393,34.11577042168851,0.0,0.0,0.0,0.0,26.3,0.0,4.794537184071822,0.0,12.073271675700152,5.917906046161393,6.4208216229260096,6.923737199690624,0.0,6.923737199690624,13.847474399381248,4.736862953800049,5.0219907407407405,0.0,10.495277777777778,0.0,0.0,0.2448611111111113,0.0,0.9949537037037033,7.576250000000001,0.0,0.875,10,0,2,0,0,0,0,0,0,2,0,2,3,0,0,0,0,1.9841,40.68300000000001,0,0,0,0,0,0,0,0,0,0,1,1,0,0,0,0,0,0,0,0,0,0,0,0,0,0,0,0,0,0,0,0,0,0,0,0,0,0,0,0,1,1,0,0,0,0,0,0,0,0,0,0,0,0,0,0,0,0,0,0,0,0,0,0,0,0,0,0,0,0,0,0,0,0,0,0,0,0,0,0,0,0,0,0,0
Dimethyl carbonate,COC(=O)OC,616-38-6,Not biofuel,9.73611111111111,-0.6574074074074077,9.73611111111111,0.6574074074074077,0.40368692642150095,90.078,84.03,90.031694052,36,0,0.5071977938803105,-0.4376213233778794,0.5071977938803105,0.4376213233778794,1.3333333333333333,1.6666666666666667,1.6666666666666667,16.71404282514737,11.299247075569985,1.8836358650609495,-1.8925549360509393,1.7165600139270971,-1.9728889479900649,5.586087118375043,0.0924074904084094,2.9881608821342693,44.0,4.99156383156272,3.7247448713915894,3.7247448713915894,2.808060412490447,1.4288690166235207,1.4288690166235207,0.6582482904638631,0.6582482904638631,0.3333333333333334,0.3333333333333334,0.08333333333333336,0.08333333333333336,-0.73,19.800269059780252,5.27,2.504192037470726,1.575810397553516,35.8577478156803,9.473725907600098,0.0,0.0,0.0,0.0,6.155365629538759,0.0,4.794537184071822,0.0,0.0,0.0,0.0,0.0,14.219595082555067,14.268263091671919,6.155365629538759,0.0,0.0,0.0,0.0,14.219595082555067,0.0,0.0,0.0,0.0,4.794537184071822,0.0,0.0,20.374960712093824,9.473725907600098,0.0,0.0,0.0,0.0,0.0,0.0,35.53,6.155365629538759,4.794537184071822,0.0,0.0,0.0,0.0,14.219595082555067,0.0,0.0,9.473725907600098,0.0,8.07638888888889,0.0,9.73611111111111,0.0,0.0,0.0,0.0,-0.6574074074074077,0.0,2.511574074074074,0.6666666666666666,6,0,3,0,0,0,0,0,0,3,0,3,0,0,0,0,0,0.3992,19.413999999999994,0,0,0,0,0,0,0,0,0,0,1,1,0,0,0,0,0,0,0,0,0,0,0,0,0,0,0,0,0,0,0,0,0,0,0,0,0,0,0,0,0,2,0,0,0,0,0,0,0,0,0,0,0,0,0,2,0,0,0,0,0,0,0,0,0,0,0,0,0,0,0,0,0,0,0,0,0,0,0,0,0,0,0,0,0
Diethyl carbonate,CCOC(=O)OCC,105-58-8,Biofuel,10.198611111111111,-0.587962962962963,10.198611111111111,0.37384259259259256,0.5105361098562152,118.13199999999999,108.05199999999998,118.06299418,48,0,0.5077358221025684,-0.43458785003783723,0.5077358221025684,0.43458785003783723,1.25,1.625,1.875,16.72206668054827,10.847260475546785,1.9558092328295853,-1.9801168852194393,1.8133374016852077,-2.0521600823401838,5.590973707319101,0.06302697851422577,3.0551722039096187,62.07403392114697,6.405777393935816,5.138958433764684,5.138958433764684,3.808060412490447,2.6039362672585153,2.6039362672585153,1.1160254037844388,1.1160254037844388,0.5243773949903288,0.5243773949903288,0.2773689270621826,0.2773689270621826,-0.73,50.25226450504587,7.27,4.429489633173843,3.4597533206831117,48.5876320444735,9.473725907600098,0.0,0.0,0.0,0.0,6.155365629538759,0.0,4.794537184071822,0.0,0.0,0.0,13.847474399381248,0.0,13.213763929025836,14.268263091671919,6.155365629538759,0.0,0.0,0.0,13.847474399381248,13.213763929025836,0.0,0.0,0.0,0.0,4.794537184071822,0.0,0.0,19.369129558564595,9.473725907600098,0.0,13.847474399381248,0.0,0.0,0.0,0.0,35.53,6.155365629538759,4.794537184071822,0.0,0.0,13.213763929025836,0.0,0.0,13.847474399381248,0.0,9.473725907600098,0.0,8.842222222222222,0.0,10.198611111111111,0.0,0.0,0.0,0.0,-0.587962962962963,4.213796296296296,0.0,0.8,8,0,3,0,0,0,0,0,0,3,0,3,2,0,0,0,0,1.1794,28.647999999999985,0,0,0,0,0,0,0,0,0,0,1,1,0,0,0,0,0,0,0,0,0,0,0,0,0,0,0,0,0,0,0,0,0,0,0,0,0,0,0,0,0,2,0,0,0,0,0,0,0,0,0,0,0,0,0,0,0,0,0,0,0,0,0,0,0,0,0,0,0,0,0,0,0,0,0,0,0,0,0,0,0,0,0,0,0
Ethyl 2-hydroxypropanoate,CCOC(=O)C(C)O,97-64-3,Biofuel,10.270601851851852,-0.9907870370370373,10.270601851851852,0.3231481481481482,0.5161288838079469,118.13199999999998,108.05199999999998,118.06299418,48,0,0.33414768930295624,-0.464078219287178,0.464078219287178,0.33414768930295624,1.875,2.375,2.5,16.54475181145466,10.422064410675155,2.0656970575207936,-2.0068880223769656,1.835236769635595,-2.182683143369384,5.731709791807217,-0.1514198674347531,3.329150037184473,77.74296763342026,6.568914100752346,5.048167226803858,5.048167226803858,3.6807392125526213,2.528254499776823,2.528254499776823,1.4280217648366234,1.4280217648366234,0.6277079814640807,0.6277079814640807,0.2628600313905422,0.2628600313905422,-0.5700000000000001,45.11498676384928,7.43,3.43425867993602,2.5774208427157883,48.26832056716263,9.843390348640755,6.103966387748303,0.0,0.0,0.0,5.969305287951849,0.0,4.794537184071822,0.0,0.0,0.0,13.847474399381248,0.0,6.606881964512918,14.637927532712576,5.969305287951849,0.0,0.0,0.0,19.95144078712955,6.606881964512918,0.0,0.0,0.0,0.0,0.0,0.0,0.0,23.786681035053775,9.53140013787187,0.0,13.847474399381248,0.0,0.0,0.0,0.0,46.53,12.073271675700152,4.794537184071822,0.0,0.0,6.606881964512918,0.0,6.923737199690624,6.923737199690624,0.0,4.736862953800049,5.106527394840706,4.414351851851852,0.0,10.270601851851852,8.477453703703704,0.0,-0.5624999999999998,0.0,-0.9907870370370373,3.3908796296296293,0.0,0.8,8,1,3,0,0,0,0,0,0,3,1,3,2,0,0,0,0,-0.06970000000000004,28.313799999999986,0,1,1,0,0,0,0,0,0,0,1,1,0,0,0,0,0,0,0,0,0,0,0,0,0,0,0,0,0,0,0,0,0,0,0,0,0,0,0,0,1,1,0,0,0,0,0,0,0,0,0,0,0,0,0,0,0,0,0,0,0,0,0,0,0,0,0,0,0,0,0,0,0,0,0,0,0,0,0,0,0,0,0,0,0
Ethyl levulinate,CCOC(=O)CCC(=O)C,539-88-8,Not biofuel,10.573055555555555,-0.2937962962962961,10.573055555555555,0.021345427059713096,0.5508382023018105,144.17,132.07399999999998,144.078644244,58,0,0.3057165562315728,-0.46595945589073423,0.46595945589073423,0.3057165562315728,1.3,1.9,2.3,16.531839677151808,10.230277145197732,2.016666611354077,-1.9729343883894142,1.9229108742043934,-2.049905076942651,5.8041241962983765,-0.1437131729102471,3.3038725481541023,128.81290899230692,7.983127663125442,6.346065214951231,6.346065214951231,4.663902460147014,3.3152611326637027,3.3152611326637027,2.0070362729429774,2.0070362729429774,0.9865114228601484,0.9865114228601484,0.5112495302874965,0.5112495302874965,-0.8600000000000001,125.48550784437856,9.14,4.967392039224512,5.2800560224089645,60.3654931438036,9.53140013787187,5.783244946364939,0.0,0.0,0.0,5.969305287951849,4.794537184071822,0.0,0.0,0.0,0.0,13.847474399381248,6.4208216229260096,13.027703587438928,14.325937321943691,11.75255023431679,0.0,0.0,0.0,26.689117645233267,6.606881964512918,0.0,0.0,0.0,0.0,0.0,0.0,0.0,18.359432198829705,14.325937321943691,0.0,26.689117645233267,0.0,0.0,0.0,0.0,43.370000000000005,0.0,9.589074368143644,0.0,18.1733718572428,13.027703587438928,0.0,6.923737199690624,6.923737199690624,0.0,4.736862953800049,0.0,4.601111111111111,0.0,20.917731009070295,0.0,0.0,-0.272450869236583,0.0,0.5019907407407405,3.58495134164777,0.0,0.7142857142857143,10,0,3,0,0,0,0,0,0,3,0,3,4,0,0,0,0,0.9187,36.547999999999995,0,0,0,0,0,0,0,0,0,0,2,2,0,0,0,0,0,0,0,0,0,0,0,0,0,0,0,0,0,0,0,0,0,0,0,0,0,0,0,0,1,1,0,0,0,0,0,0,0,0,0,1,1,0,0,0,0,0,0,0,0,0,0,0,0,0,0,0,0,0,0,0,0,0,0,0,0,0,0,0,0,0,0,0,0
Butyl levulinate,CCCCOC(=O)CCC(=O)C,2052-15-5,Not biofuel,10.847874149659864,-0.2651388888888888,10.847874149659864,0.030038449021584146,0.45211739607026175,172.22399999999996,156.09599999999998,172.109944372,70,0,0.30572664468796773,-0.46566543976936314,0.46566543976936314,0.30572664468796773,1.25,1.9166666666666667,2.4166666666666665,16.532395050375822,10.227612288908887,2.0292710908015117,-2.0104808392235123,1.9539217474672919,-2.066993422773481,5.804234407946521,-0.14434754916349496,3.2765533155320856,151.85263754543283,9.397341225498538,7.760278777324327,7.760278777324327,5.663902460147014,4.315261132663703,4.315261132663703,2.7760386741733694,2.7760386741733694,1.4421268860693879,1.4421268860693879,0.6806036938341314,0.6806036938341314,-0.8600000000000001,360.45445705343354,11.14,6.825900679776567,7.249409190371992,73.09537737259681,9.53140013787187,5.783244946364939,0.0,0.0,0.0,5.969305287951849,4.794537184071822,0.0,0.0,0.0,13.344558822616634,13.344558822616634,6.4208216229260096,13.027703587438928,14.325937321943691,11.75255023431679,0.0,0.0,0.0,39.53076089108528,6.606881964512918,0.0,0.0,0.0,0.0,0.0,0.0,0.0,18.359432198829705,14.325937321943691,0.0,39.53076089108528,0.0,0.0,0.0,0.0,43.370000000000005,0.0,9.589074368143644,0.0,18.1733718572428,13.027703587438928,12.841643245852019,6.923737199690624,0.0,6.923737199690624,0.0,4.736862953800049,4.841666666666667,0.0,21.318263337742504,0.0,0.0,-0.23510043986730467,0.0,2.426394557823129,3.9821092109683383,0.0,0.7777777777777778,12,0,3,0,0,0,0,0,0,3,0,3,6,0,0,0,0,1.6989,45.782000000000025,0,0,0,0,0,0,0,0,0,0,2,2,0,0,0,0,0,0,0,0,0,0,0,0,0,0,0,0,0,0,0,0,0,0,0,0,0,0,0,0,1,1,0,0,0,0,0,0,0,0,0,1,1,0,0,0,0,0,0,0,0,0,0,0,0,0,0,0,0,0,0,0,0,0,0,0,0,0,0,0,0,0,0,1,0
5-Methyl-2(3H)-furanone,CC1=CCC(=O)O1,591-12-8,Biofuel,10.179166666666667,-0.1412037037037035,10.179166666666667,0.1412037037037035,0.4194343403362061,98.101,92.05299999999998,98.036779432,38,0,0.31432054583531577,-0.43146684379940975,0.43146684379940975,0.31432054583531577,1.8571428571428572,2.5714285714285716,2.7142857142857144,16.540742777486827,10.417934333573728,2.075643397802531,-1.8734744414660593,2.0722113036159047,-1.900436860228121,5.743358729730661,-0.13591876596798091,2.5803181355669738,124.04184397996642,5.276020881938894,4.1009536313038994,4.1009536313038994,3.287693700234704,2.162849251347744,2.162849251347744,1.4929692410324775,1.4929692410324775,0.831009305878112,0.831009305878112,0.4899537841475702,0.4899537841475702,-0.79,46.670482779147534,4.371030595813205,1.3699843332972323,0.7964554233347821,41.77865262925314,4.736862953800049,5.759164871656176,0.0,0.0,0.0,5.969305287951849,4.794537184071822,0.0,0.0,0.0,0.0,12.999757306524504,0.0,6.4208216229260096,9.53140013787187,5.969305287951849,0.0,0.0,0.0,13.344558822616634,0.0,11.835184978490057,0.0,0.0,0.0,0.0,0.0,0.0,5.969305287951849,9.53140013787187,0.0,13.344558822616634,11.835184978490057,0.0,0.0,0.0,26.3,0.0,4.794537184071822,0.0,5.969305287951849,6.4208216229260096,5.759164871656176,0.0,12.999757306524504,0.0,4.736862953800049,0.0,4.583333333333333,0.0,10.179166666666667,0.0,0.0,0.5856481481481486,0.0,2.216435185185185,1.76875,0.0,0.4,7,0,2,0,1,1,0,0,0,2,0,2,0,0,0,0,1,0.8371,24.465999999999994,0,0,0,0,0,0,0,0,0,0,1,1,0,0,0,0,0,0,0,0,0,0,0,0,0,0,1,0,0,0,0,0,0,0,0,0,0,0,0,0,1,1,0,0,0,0,0,0,0,0,0,0,0,0,1,0,0,0,0,0,0,0,0,0,0,0,0,0,0,0,0,0,0,0,0,0,0,0,0,0,0,0,0,0,0
5-Propyldihydro-2(3H)-furanone,CCCC1CCC(=O)O1,105-21-5,Biofuel,10.506068594104308,-0.019953703703703418,10.506068594104308,0.019953703703703418,0.5265280274418117,128.171,116.07499999999997,128.083729624,52,0,0.3056979842779709,-0.4623453140979902,0.4623453140979902,0.3056979842779709,1.7777777777777777,2.5555555555555554,3.0,16.548384663771625,10.141144702500883,2.209780124419385,-2.041350009811961,2.1684202990251356,-2.0452941382672023,5.708805081218252,-0.1410852755554619,2.2185064296321557,109.4837783761905,6.69023444431199,5.722273974863542,5.722273974863542,4.325698502695489,3.521107303566926,3.521107303566926,2.4392183352436763,2.4392183352436763,1.5791999204159983,1.5791999204159983,1.1078208178780702,1.1078208178780702,-0.53,147.27981845836288,6.588063754427392,2.852566645594043,1.6989023562471834,55.19813989023062,4.736862953800049,6.103966387748303,0.0,0.0,0.0,5.969305287951849,4.794537184071822,0.0,0.0,0.0,13.344558822616634,12.841643245852019,6.4208216229260096,0.0,9.53140013787187,5.969305287951849,0.0,0.0,0.0,38.710990079142974,0.0,0.0,0.0,0.0,0.0,0.0,0.0,0.0,12.073271675700152,9.53140013787187,0.0,32.60702369139466,0.0,0.0,0.0,0.0,26.3,0.0,4.794537184071822,0.0,12.073271675700152,6.4208216229260096,19.26246486877803,0.0,0.0,0.0,6.923737199690624,4.736862953800049,4.962777777777778,0.0,10.506068594104308,0.0,0.0,-0.019953703703703418,0.0,3.9477777777777776,2.1033295540438397,0.0,0.8571428571428571,9,0,2,0,1,1,0,0,0,2,0,2,2,0,1,1,1,1.4921,34.02199999999999,0,0,0,0,0,0,0,0,0,0,1,1,0,0,0,0,0,0,0,0,0,0,0,0,0,0,0,0,0,0,0,0,0,0,0,0,0,0,0,0,1,1,0,0,0,0,0,0,0,0,0,0,0,0,1,0,0,0,0,0,0,0,0,0,0,0,0,0,0,0,0,0,0,0,0,0,0,0,0,0,0,0,0,0,0
Methoxymethane,COC,115-10-6,Not biofuel,4.25,1.625,4.25,1.625,0.3800398096193344,46.069,40.021,46.041864812,20,0,0.035078372220806404,-0.3879283458815952,0.3879283458815952,0.035078372220806404,1.3333333333333333,1.3333333333333333,1.3333333333333333,16.449685395995985,11.561314604004028,1.254090895685948,-1.6059408693467365,1.2803521410140613,-1.5512521410140627,3.5615688931954113,0.2774311068045893,1.6329931618554523,2.7548875021634682,2.7071067811865475,2.408248290463863,2.408248290463863,1.4142135623730951,0.8164965809277261,0.8164965809277261,0.4082482904638631,0.4082482904638631,0.0,0.0,0.0,0.0,-0.04,2.7548875021634682,2.9600000000000004,1.96,1.9600000000000033,20.217738371733038,4.736862953800049,0.0,0.0,0.0,0.0,0.0,0.0,0.0,0.0,0.0,0.0,0.0,14.219595082555067,0.0,4.736862953800049,0.0,0.0,0.0,0.0,0.0,14.219595082555067,0.0,0.0,0.0,0.0,0.0,0.0,0.0,14.219595082555067,4.736862953800049,0.0,0.0,0.0,0.0,0.0,0.0,9.23,0.0,0.0,0.0,0.0,0.0,0.0,0.0,14.219595082555067,0.0,4.736862953800049,0.0,4.25,0.0,0.0,0.0,0.0,0.0,0.0,0.0,0.0,3.25,1.0,3,0,1,0,0,0,0,0,0,1,0,1,0,0,0,0,0,0.26260000000000006,12.933000000000002,0,0,0,0,0,0,0,0,0,0,0,0,0,0,0,0,0,0,0,0,0,0,0,0,0,0,0,0,0,0,0,0,0,0,0,0,0,0,0,0,0,1,0,0,0,0,0,0,0,0,0,0,0,0,0,1,0,0,0,0,0,0,0,0,0,0,0,0,0,0,0,0,0,0,0,0,0,0,0,0,0,0,0,0,0
Methoxyethane,CCOC,540-67-0,Not biofuel,4.541666666666666,0.8194444444444444,4.541666666666666,0.8194444444444444,0.4315009980580737,60.096000000000004,52.032,60.057514876,26,0,0.04334538911755918,-0.38497689316830574,0.38497689316830574,0.04334538911755918,1.75,2.0,2.0,16.460663633503746,10.885916564673533,1.5110686634299435,-1.7596969321742635,1.5195139792721877,-1.7296132660436792,3.9441406879138663,0.21544762350199076,1.9747448713915894,5.245112497836532,3.414213562373095,3.1153550716504106,3.1153550716504106,1.914213562373095,1.4040302062452235,1.4040302062452235,0.5773502691896258,0.5773502691896258,0.2886751345948129,0.2886751345948129,0.0,0.0,-0.04,6.854752972273345,3.9600000000000004,2.9600000000000004,1.96,26.582680486129647,4.736862953800049,0.0,0.0,0.0,0.0,0.0,0.0,0.0,0.0,0.0,0.0,6.923737199690624,13.716679505790452,0.0,4.736862953800049,0.0,0.0,0.0,0.0,6.923737199690624,13.716679505790452,0.0,0.0,0.0,0.0,0.0,0.0,0.0,13.716679505790452,4.736862953800049,0.0,6.923737199690624,0.0,0.0,0.0,0.0,9.23,0.0,0.0,0.0,0.0,0.0,6.606881964512918,0.0,7.109797541277533,6.923737199690624,4.736862953800049,0.0,4.541666666666666,0.0,0.0,0.0,0.0,0.0,0.0,0.0,2.7777777777777777,1.6805555555555556,1.0,4,0,1,0,0,0,0,0,0,1,0,1,1,0,0,0,0,0.6527000000000001,17.55,0,0,0,0,0,0,0,0,0,0,0,0,0,0,0,0,0,0,0,0,0,0,0,0,0,0,0,0,0,0,0,0,0,0,0,0,0,0,0,0,0,1,0,0,0,0,0,0,0,0,0,0,0,0,0,1,0,0,0,0,0,0,0,0,0,0,0,0,0,0,0,0,0,0,0,0,0,0,0,0,0,0,0,0,0
Methoxypropane,CCCOC,557-17-5,Biofuel,4.690972222222222,0.8888888888888888,4.690972222222222,0.8888888888888888,0.4752681489358652,74.12299999999999,64.043,74.07316494,32,0,0.04591316695736666,-0.38470097706288764,0.38470097706288764,0.04591316695736666,1.6,2.2,2.2,16.461309313875407,10.539969589356826,1.6563692857189096,-1.8398668076895464,1.7007725977644663,-1.8020518967335624,4.147814697479967,0.19893466112972882,2.19060968716425,11.119415478763749,4.121320343559642,3.822461852836958,3.822461852836958,2.414213562373095,1.9040302062452235,1.9040302062452235,0.9927992798267442,0.9927992798267442,0.40824829046386296,0.40824829046386296,0.20412414523193148,0.20412414523193148,-0.04,11.245112497836532,4.960000000000001,3.9600000000000004,3.9600000000000004,32.94762260052625,4.736862953800049,0.0,0.0,0.0,0.0,0.0,0.0,0.0,0.0,0.0,6.923737199690624,6.4208216229260096,13.716679505790452,0.0,4.736862953800049,0.0,0.0,0.0,0.0,13.344558822616634,13.716679505790452,0.0,0.0,0.0,0.0,0.0,0.0,0.0,13.716679505790452,4.736862953800049,0.0,13.344558822616634,0.0,0.0,0.0,0.0,9.23,0.0,0.0,0.0,0.0,0.0,13.027703587438928,0.0,7.109797541277533,0.0,6.923737199690624,4.736862953800049,4.690972222222222,0.0,0.0,0.0,0.0,0.0,0.0,1.1215277777777777,2.975694444444444,1.7118055555555556,1.0,5,0,1,0,0,0,0,0,0,1,0,1,2,0,0,0,0,1.0428,22.166999999999994,0,0,0,0,0,0,0,0,0,0,0,0,0,0,0,0,0,0,0,0,0,0,0,0,0,0,0,0,0,0,0,0,0,0,0,0,0,0,0,0,0,1,0,0,0,0,0,0,0,0,0,0,0,0,0,1,0,0,0,0,0,0,0,0,0,0,0,0,0,0,0,0,0,0,0,0,0,0,0,0,0,0,0,0,0
Ethoxyethane,CCOCC,60-29-7,Biofuel,4.833333333333333,0.84375,4.833333333333333,0.84375,0.4752681489358652,74.123,64.04299999999999,74.07316494,32,0,0.043708412524692805,-0.3820258357826421,0.3820258357826421,0.043708412524692805,1.2,1.6,1.6,16.471489792223306,10.800690364709848,1.635249239958044,-1.8589755250228044,1.6400163366950407,-1.837381208276838,4.066771354077524,0.16176261138507,2.19060968716425,11.119415478763749,4.121320343559642,3.822461852836958,3.822461852836958,2.414213562373095,1.9915638315627207,1.9915638315627207,0.7814744144215573,0.7814744144215573,0.408248290463863,0.408248290463863,0.2041241452319315,0.2041241452319315,-0.04,11.245112497836532,4.960000000000001,3.9600000000000004,3.9600000000000004,32.94762260052625,4.736862953800049,0.0,0.0,0.0,0.0,0.0,0.0,0.0,0.0,0.0,0.0,13.847474399381248,13.213763929025836,0.0,4.736862953800049,0.0,0.0,0.0,0.0,13.847474399381248,13.213763929025836,0.0,0.0,0.0,0.0,0.0,0.0,0.0,13.213763929025836,4.736862953800049,0.0,13.847474399381248,0.0,0.0,0.0,0.0,9.23,0.0,0.0,0.0,0.0,0.0,13.213763929025836,0.0,0.0,13.847474399381248,0.0,4.736862953800049,4.833333333333333,0.0,0.0,0.0,0.0,0.0,0.0,0.0,5.666666666666666,0.0,1.0,5,0,1,0,0,0,0,0,0,1,0,1,2,0,0,0,0,1.0428000000000002,22.166999999999994,0,0,0,0,0,0,0,0,0,0,0,0,0,0,0,0,0,0,0,0,0,0,0,0,0,0,0,0,0,0,0,0,0,0,0,0,0,0,0,0,0,1,0,0,0,0,0,0,0,0,0,0,0,0,0,0,0,0,0,0,0,0,0,0,0,0,0,0,0,0,0,0,0,0,0,0,0,0,0,0,0,0,0,0,0
2-Methoxypropane,COC(C)C,598-53-8,Not biofuel,4.75,0.3842592592592591,4.75,0.3842592592592591,0.45127679326201153,74.123,64.04299999999999,74.07316494,32,0,0.05145964055023859,-0.38203521630443266,0.38203521630443266,0.05145964055023859,1.4,1.6,1.6,16.47268650363336,10.490662850663652,1.7818458910316348,-1.9432884844947138,1.7741454901933686,-1.9375763756775846,4.265421591964147,0.13386921922197825,2.5395388613593908,17.609640474436812,4.284457050376173,3.985598559653489,3.985598559653489,2.270055610029662,1.7986510892386307,1.7986510892386307,1.2844570503761736,1.2844570503761736,0.4714045207910318,0.4714045207910318,0.0,0.0,-0.04,9.65148445440323,4.960000000000001,2.212525252525253,3.9600000000000004,32.94762260052625,4.736862953800049,0.0,0.0,0.0,0.0,0.0,0.0,0.0,0.0,0.0,0.0,13.847474399381248,7.109797541277533,6.103966387748303,4.736862953800049,0.0,0.0,0.0,0.0,19.95144078712955,7.109797541277533,0.0,0.0,0.0,0.0,0.0,0.0,0.0,13.213763929025836,4.736862953800049,0.0,13.847474399381248,0.0,0.0,0.0,0.0,9.23,0.0,0.0,0.0,0.0,6.103966387748303,0.0,0.0,7.109797541277533,13.847474399381248,0.0,4.736862953800049,4.75,0.0,0.0,0.0,0.0,0.0,0.0,0.3842592592592591,4.0,1.699074074074074,1.0,5,0,1,0,0,0,0,0,0,1,0,1,1,0,0,0,0,1.0412,22.144999999999992,0,0,0,0,0,0,0,0,0,0,0,0,0,0,0,0,0,0,0,0,0,0,0,0,0,0,0,0,0,0,0,0,0,0,0,0,0,0,0,0,0,1,0,0,0,0,0,0,0,0,0,0,0,0,0,1,0,0,0,0,0,0,0,0,0,0,0,0,0,0,0,0,0,0,0,0,0,0,0,0,0,0,0,0,0
2-Methoxy-2-methylpropane,COC(C)(C)C,1634-04-4,Not biofuel,4.9375,0.04166666666666652,4.9375,0.04166666666666652,0.4349873803799564,88.14999999999999,76.05399999999999,88.088815004,38,0,0.05942520764405295,-0.3791035972502146,0.3791035972502146,0.05942520764405295,1.1666666666666667,1.3333333333333333,1.3333333333333333,16.485888200906235,10.18266724307358,2.03473767054179,-2.136597244215035,2.015449046862881,-2.1490451937805957,4.546678721394422,0.039726571220053485,3.168489872670569,33.69332843436965,5.207106781186548,4.908248290463863,4.908248290463863,2.5606601717798214,2.1123724356957947,2.1123724356957947,2.3164965809277263,2.3164965809277263,0.6123724356957946,0.6123724356957946,0.0,0.0,-0.04,12.16479703638053,5.959999999999999,1.6056599286563615,3.9600000000000004,39.31256471492286,4.736862953800049,0.0,0.0,0.0,0.0,0.0,0.0,0.0,0.0,0.0,0.0,20.771211599071872,7.109797541277533,5.601050810983688,4.736862953800049,0.0,0.0,0.0,0.0,26.37226241005556,7.109797541277533,0.0,0.0,0.0,0.0,0.0,0.0,0.0,12.710848352261221,4.736862953800049,0.0,20.771211599071872,0.0,0.0,0.0,0.0,9.23,0.0,0.0,0.0,5.601050810983688,0.0,0.0,0.0,7.109797541277533,20.771211599071872,0.0,4.736862953800049,4.9375,0.0,0.0,0.0,0.04166666666666652,0.0,0.0,0.0,6.0625,1.7083333333333333,1.0,6,0,1,0,0,0,0,0,0,1,0,1,0,0,0,0,0,1.4313,26.761999999999986,0,0,0,0,0,0,0,0,0,0,0,0,0,0,0,0,0,0,0,0,0,0,0,0,0,0,0,0,0,0,0,0,0,0,0,0,0,0,0,0,0,1,0,0,0,0,0,0,0,0,0,0,0,0,0,1,0,0,0,0,0,0,0,0,0,0,0,0,0,0,0,0,0,0,0,0,0,0,0,0,0,0,0,0,0
2-Ethoxypropane,CCOC(C)C,625-54-7,Biofuel,5.041666666666667,0.3981481481481479,5.041666666666667,0.3981481481481479,0.49586589172881845,88.15,76.05399999999999,88.088815004,38,0,0.0518220512053576,-0.37908455621669,0.37908455621669,0.0518220512053576,1.5,2.0,2.0,16.4833436255969,10.478907205781336,1.8329036942619648,-1.9990269269711,1.826164579614869,-1.993584732302331,4.30108749376963,0.08992742654285137,2.6272148478988635,25.11941547876375,4.99156383156272,4.692705340840036,4.692705340840036,2.770055610029662,2.3861847145561277,2.3861847145561277,1.5040965912421371,1.5040965912421371,0.5000000000000001,0.5000000000000001,0.3333333333333334,0.3333333333333334,-0.04,14.834466856136647,5.959999999999999,3.1616129032258065,3.9600000000000004,39.31256471492286,4.736862953800049,0.0,0.0,0.0,0.0,0.0,0.0,0.0,0.0,0.0,0.0,20.771211599071872,6.606881964512918,6.103966387748303,4.736862953800049,0.0,0.0,0.0,0.0,26.875177986820173,6.606881964512918,0.0,0.0,0.0,0.0,0.0,0.0,0.0,12.71084835226122,4.736862953800049,0.0,20.771211599071872,0.0,0.0,0.0,0.0,9.23,0.0,0.0,0.0,0.0,6.103966387748303,6.606881964512918,0.0,0.0,20.771211599071872,0.0,4.736862953800049,5.041666666666667,0.0,0.0,0.0,0.0,0.0,0.0,0.3981481481481479,6.893518518518519,0.0,1.0,6,0,1,0,0,0,0,0,0,1,0,1,2,0,0,0,0,1.4313,26.761999999999986,0,0,0,0,0,0,0,0,0,0,0,0,0,0,0,0,0,0,0,0,0,0,0,0,0,0,0,0,0,0,0,0,0,0,0,0,0,0,0,0,0,1,0,0,0,0,0,0,0,0,0,0,0,0,0,0,0,0,0,0,0,0,0,0,0,0,0,0,0,0,0,0,0,0,0,0,0,0,0,0,0,0,0,0,0
2-Ethoxy-2-methylpropane,CCOC(C)(C)C,637-92-3,Biofuel,5.229166666666667,0.05034722222222232,5.229166666666667,0.05034722222222232,0.4904141269367242,102.17699999999999,88.06499999999998,102.104465068,44,0,0.0597870072614378,-0.3761533363675448,0.3761533363675448,0.0597870072614378,1.2857142857142858,1.7142857142857142,1.7142857142857142,16.49635711444865,10.178239488903213,2.0583112123160605,-2.1668121409626457,2.039907186738207,-2.1780440322157975,4.561036143975259,0.00531682652583551,3.154490065368808,42.63193444574935,5.914213562373095,5.615355071650411,5.615355071650411,3.060660171779821,2.6999060610132917,2.6999060610132917,2.5453851375880143,2.5453851375880143,0.5773502691896258,0.5773502691896258,0.4330127018922194,0.4330127018922194,-0.04,18.14170945007629,6.96,2.3141072195146584,5.960000000000001,45.67750682931947,4.736862953800049,0.0,0.0,0.0,0.0,0.0,0.0,0.0,0.0,0.0,0.0,27.694948798762496,6.606881964512918,5.601050810983688,4.736862953800049,0.0,0.0,0.0,0.0,33.29599960974618,6.606881964512918,0.0,0.0,0.0,0.0,0.0,0.0,0.0,12.207932775496605,4.736862953800049,0.0,27.694948798762496,0.0,0.0,0.0,0.0,9.23,0.0,0.0,0.0,5.601050810983688,0.0,6.606881964512918,0.0,0.0,6.923737199690624,20.771211599071872,4.736862953800049,5.229166666666667,0.0,0.0,0.0,0.05034722222222232,0.0,0.0,0.0,8.970486111111112,0.0,1.0,7,0,1,0,0,0,0,0,0,1,0,1,1,0,0,0,0,1.8214000000000001,31.37899999999998,0,0,0,0,0,0,0,0,0,0,0,0,0,0,0,0,0,0,0,0,0,0,0,0,0,0,0,0,0,0,0,0,0,0,0,0,0,0,0,0,0,1,0,0,0,0,0,0,0,0,0,0,0,0,0,0,0,0,0,0,0,0,0,0,0,0,0,0,0,0,0,0,0,0,0,0,0,0,0,0,0,0,0,0,0
tert-Amyl methylether,CCC(C)(C)OC,994-05-8,Not biofuel,5.086805555555555,0.08333333333333348,5.086805555555555,0.08333333333333348,0.5164549742275013,102.17699999999998,88.06499999999998,102.104465068,44,0,0.06196829188924273,-0.3788268169818775,0.3788268169818775,0.06196829188924273,1.4285714285714286,1.8571428571428572,1.8571428571428572,16.486657251916792,10.082205967453326,2.1028138488348564,-2.189351052138515,2.0974753584342434,-2.1955526172358475,4.6210480325633645,0.01964275077124054,3.3604351426960575,42.14170945007629,5.914213562373096,5.615355071650411,5.615355071650411,3.121320343559643,2.6730326074756157,2.6730326074756157,2.317370174773022,2.317370174773022,1.4040302062452235,1.4040302062452235,0.14433756729740646,0.14433756729740646,-0.04,26.838740541269832,6.96,2.3141072195146584,2.6311409395973158,45.67750682931947,4.736862953800049,0.0,0.0,0.0,0.0,0.0,0.0,0.0,0.0,0.0,6.923737199690624,20.268296022307258,7.109797541277533,5.601050810983688,4.736862953800049,0.0,0.0,0.0,0.0,32.79308403298157,7.109797541277533,0.0,0.0,0.0,0.0,0.0,0.0,0.0,12.710848352261221,4.736862953800049,0.0,27.19203322199788,0.0,0.0,0.0,0.0,9.23,0.0,0.0,0.0,5.601050810983688,0.0,6.4208216229260096,0.0,7.109797541277533,0.0,20.771211599071872,4.736862953800049,5.086805555555555,0.0,0.0,0.0,0.08333333333333348,0.0,0.0,1.0729166666666667,6.267361111111111,1.7395833333333333,1.0,7,0,1,0,0,0,0,0,0,1,0,1,2,0,0,0,0,1.8214000000000001,31.37899999999998,0,0,0,0,0,0,0,0,0,0,0,0,0,0,0,0,0,0,0,0,0,0,0,0,0,0,0,0,0,0,0,0,0,0,0,0,0,0,0,0,0,1,0,0,0,0,0,0,0,0,0,0,0,0,0,1,0,0,0,0,0,0,0,0,0,0,0,0,0,0,0,0,0,0,0,0,0,0,0,0,0,0,0,0,0
2-Propoxypropane,CCCOC(C)C,627-08-7,Not biofuel,5.190972222222222,0.4027314814814813,5.190972222222222,0.4027314814814813,0.527838421936117,102.17699999999998,88.065,102.104465068,44,0,0.05183597391606995,-0.378808647594631,0.378808647594631,0.05183597391606995,1.4285714285714286,2.0,2.142857142857143,16.483966994090874,10.446923897325819,1.8647947589641423,-2.0253547125897478,1.8702721498575536,-2.014988225120607,4.332879435913269,0.07940114859798965,2.678257743164726,33.16125945873016,5.698670612749268,5.399812122026583,5.399812122026583,3.270055610029662,2.8861847145561277,2.8861847145561277,1.9195456018792556,1.9195456018792556,0.6553086087630229,0.6553086087630229,0.35355339059327373,0.35355339059327373,-0.04,29.01955000865388,6.96,4.127785234899329,5.960000000000001,45.67750682931947,4.736862953800049,0.0,0.0,0.0,0.0,0.0,0.0,0.0,0.0,0.0,6.923737199690624,20.268296022307258,6.606881964512918,6.103966387748303,4.736862953800049,0.0,0.0,0.0,0.0,33.29599960974618,6.606881964512918,0.0,0.0,0.0,0.0,0.0,0.0,0.0,12.71084835226122,4.736862953800049,0.0,27.19203322199788,0.0,0.0,0.0,0.0,9.23,0.0,0.0,0.0,0.0,6.103966387748303,13.027703587438928,0.0,0.0,0.0,20.771211599071872,4.736862953800049,5.190972222222222,0.0,0.0,0.0,0.0,0.0,0.0,1.5259259259259257,7.1164351851851855,0.0,1.0,7,0,1,0,0,0,0,0,0,1,0,1,3,0,0,0,0,1.8214000000000001,31.378999999999984,0,0,0,0,0,0,0,0,0,0,0,0,0,0,0,0,0,0,0,0,0,0,0,0,0,0,0,0,0,0,0,0,0,0,0,0,0,0,0,0,0,1,0,0,0,0,0,0,0,0,0,0,0,0,0,0,0,0,0,0,0,0,0,0,0,0,0,0,0,0,0,0,0,0,0,0,0,0,0,0,0,0,0,0,0
2-Isopropoxypropane,CC(C)OC(C)C,108-20-3,Not biofuel,5.25,0.3749999999999998,5.25,0.3749999999999998,0.5164411302422239,102.17699999999999,88.065,102.104465068,44,0,0.052185621038162336,-0.37614367594581366,0.37614367594581366,0.052185621038162336,0.8571428571428571,1.1428571428571428,1.1428571428571428,16.49500987386878,10.407647540679555,1.9361064839679714,-2.0886679113802384,1.9267050351083734,-2.088649795484417,4.396943927974851,0.02998594211953486,2.9532231745612925,33.44467835888275,5.8618073195657985,5.562948828843115,5.562948828843115,3.125897657686229,2.780805597549535,2.780805597549535,2.2335923434492697,2.2335923434492697,0.5443310539518176,0.5443310539518176,0.5443310539518176,0.5443310539518176,-0.04,19.093583929800843,6.96,3.026851631655436,5.960000000000001,45.677506829319455,4.736862953800049,0.0,0.0,0.0,0.0,0.0,0.0,0.0,0.0,0.0,0.0,27.694948798762496,0.0,12.207932775496605,4.736862953800049,0.0,0.0,0.0,0.0,39.9028815742591,0.0,0.0,0.0,0.0,0.0,0.0,0.0,0.0,12.207932775496605,4.736862953800049,0.0,27.694948798762496,0.0,0.0,0.0,0.0,9.23,0.0,0.0,0.0,0.0,12.207932775496605,0.0,0.0,0.0,27.694948798762496,0.0,4.736862953800049,5.25,0.0,0.0,0.0,0.0,0.0,0.0,0.7499999999999997,8.166666666666666,0.0,1.0,7,0,1,0,0,0,0,0,0,1,0,1,2,0,0,0,0,1.8197999999999999,31.356999999999978,0,0,0,0,0,0,0,0,0,0,0,0,0,0,0,0,0,0,0,0,0,0,0,0,0,0,0,0,0,0,0,0,0,0,0,0,0,0,0,0,0,1,0,0,0,0,0,0,0,0,0,0,0,0,0,0,0,0,0,0,0,0,0,0,0,0,0,0,0,0,0,0,0,0,0,0,0,0,0,0,0,0,0,0,0
tert-Amyl ethylether,CCOC(C)(C)CC,919-94-8,Not biofuel,5.378472222222222,0.09201388888888906,5.378472222222222,0.09201388888888906,0.5490048846455657,116.204,100.07599999999998,116.120115132,50,0,0.0623300428531733,-0.37587656015639054,0.37587656015639054,0.0623300428531733,1.25,1.75,1.875,16.497113170431284,10.079197164634488,2.121064870864382,-2.213670556160819,2.115058767441356,-2.2197603664451404,4.631838866710209,-0.012443738870901335,3.373381552563661,57.4071655715584,6.621320343559643,6.322461852836959,6.322461852836959,3.6213203435596424,3.260566232793113,3.260566232793113,2.5462587314333103,2.5462587314333103,1.3865191229921392,1.3865191229921392,0.49279927982674443,0.49279927982674443,-0.04,41.8157298068742,7.96,3.079539221938775,3.026851631655436,52.04244894371607,4.736862953800049,0.0,0.0,0.0,0.0,0.0,0.0,0.0,0.0,0.0,6.923737199690624,27.19203322199788,6.606881964512918,5.601050810983688,4.736862953800049,0.0,0.0,0.0,0.0,39.71682123267219,6.606881964512918,0.0,0.0,0.0,0.0,0.0,0.0,0.0,12.207932775496605,4.736862953800049,0.0,34.11577042168851,0.0,0.0,0.0,0.0,9.23,0.0,0.0,0.0,5.601050810983688,0.0,13.027703587438928,0.0,0.0,6.923737199690624,20.771211599071872,4.736862953800049,5.378472222222222,0.0,0.0,0.0,0.09201388888888906,0.0,0.0,1.0841666666666667,9.195347222222223,0.0,1.0,8,0,1,0,0,0,0,0,0,1,0,1,3,0,0,0,0,2.2115,35.99599999999999,0,0,0,0,0,0,0,0,0,0,0,0,0,0,0,0,0,0,0,0,0,0,0,0,0,0,0,0,0,0,0,0,0,0,0,0,0,0,0,0,0,1,0,0,0,0,0,0,0,0,0,0,0,0,0,0,0,0,0,0,0,0,0,0,0,0,0,0,0,0,0,0,0,0,0,0,0,0,0,0,0,0,0,0,0
Tetrahydrofuran,C1CCOC1,109-99-9,Biofuel,4.944444444444445,1.0,4.944444444444445,1.0,0.410937601049349,72.107,64.043,72.057514876,30,0,0.046638169849841704,-0.3814493819627182,0.3814493819627182,0.046638169849841704,1.0,1.6,1.8,16.478080853478218,10.39358404523885,1.9427470876857735,-1.764025781856996,1.9782597734636078,-1.743026702609948,4.431751901071205,0.19783349261359057,2.083333333333333,15.219280948873621,3.5355339059327378,3.236675415210053,3.236675415210053,2.5,2.0773502691896253,2.0773502691896253,1.319479216882342,1.319479216882342,0.8273502691896256,0.8273502691896256,0.5103103630798287,0.5103103630798287,-0.04,22.886435386960574,3.1616129032258065,1.4103121748178982,0.6183636836628511,31.941791446997026,4.736862953800049,0.0,0.0,0.0,0.0,0.0,0.0,0.0,0.0,0.0,0.0,12.841643245852019,13.213763929025836,0.0,4.736862953800049,0.0,0.0,0.0,0.0,12.841643245852019,13.213763929025836,0.0,0.0,0.0,0.0,0.0,0.0,0.0,13.213763929025836,4.736862953800049,0.0,12.841643245852019,0.0,0.0,0.0,0.0,9.23,0.0,0.0,0.0,0.0,0.0,13.213763929025836,12.841643245852019,0.0,0.0,0.0,4.736862953800049,4.944444444444445,0.0,0.0,0.0,0.0,0.0,0.0,2.5555555555555554,2.0,0.0,1.0,5,0,1,0,1,1,0,0,0,1,0,1,0,0,1,1,1,0.7968,20.052999999999997,0,0,0,0,0,0,0,0,0,0,0,0,0,0,0,0,0,0,0,0,0,0,0,0,0,0,0,0,0,0,0,0,0,0,0,0,0,0,0,0,0,1,0,0,0,0,0,0,0,0,0,0,0,0,0,0,0,0,0,0,0,0,0,0,0,0,0,0,0,0,0,0,0,0,0,0,0,0,0,0,0,0,0,0,0
"2,3-Dihydrofuran",C1CC=CO1,1191-99-7,Biofuel,4.763888888888889,0.8888888888888888,4.763888888888889,0.8888888888888888,0.4115111803650166,70.09100000000001,64.04299999999999,70.041864812,28,0,0.09082985096583857,-0.5012055688332037,0.5012055688332037,0.09082985096583857,1.6,2.6,2.8,16.470620392079976,10.49366714385678,1.8347270390923867,-1.7917263607256433,1.9274206434440166,-1.700309623402226,4.779461469582238,0.2814533983475781,2.3238508690240813,41.60964047443681,3.5355339059327378,2.9771623912162095,2.9771623912162095,2.5,1.7659590187875251,1.7659590187875251,1.0312509703768813,1.0312509703768813,0.5948190167920578,0.5948190167920578,0.3402069087198859,0.3402069087198859,-0.46,22.886435386960574,2.7602643171806167,1.1080490597527606,0.4073174329018611,31.252188414812768,4.736862953800049,0.0,0.0,0.0,0.0,0.0,0.0,0.0,0.0,0.0,0.0,6.076020106833881,6.4208216229260096,12.868962412933708,4.736862953800049,0.0,0.0,0.0,0.0,6.4208216229260096,6.606881964512918,12.338100555254671,0.0,0.0,0.0,0.0,0.0,0.0,6.606881964512918,4.736862953800049,0.0,6.4208216229260096,12.338100555254671,0.0,0.0,0.0,9.23,0.0,0.0,0.0,0.0,0.0,13.027703587438928,0.0,6.26208044842079,6.076020106833881,0.0,4.736862953800049,4.763888888888889,0.0,0.0,0.0,0.0,0.0,0.0,4.847222222222222,0.8888888888888888,0.0,0.5,5,0,1,0,1,1,0,0,0,1,0,1,0,0,0,0,1,0.9204,19.708999999999996,0,0,0,0,0,0,0,0,0,0,0,0,0,0,0,0,0,0,0,0,0,0,0,0,0,0,0,0,0,0,0,0,0,0,0,0,0,0,0,0,0,1,0,0,0,0,0,0,0,0,0,0,0,0,0,0,0,0,0,0,0,0,0,0,0,0,0,0,0,0,0,0,0,0,0,0,0,0,0,0,0,0,0,0,0
"2,5-Dihydrofuran",C1OCC=C1,1708-29-8,Not biofuel,4.833333333333334,0.8194444444444444,4.833333333333334,0.8194444444444444,0.37853534575170567,70.091,64.04299999999999,70.041864812,28,0,0.06520718238836457,-0.3733460536209474,0.3733460536209474,0.06520718238836457,1.2,1.8,2.0,16.4757720348082,10.597395904339054,1.8262593188945633,-1.774227968446711,1.8525421459438798,-1.763274209832694,4.857596666634197,0.21259631957170702,2.3238508690240818,41.60964047443681,3.5355339059327378,2.9771623912162095,2.9771623912162095,2.5,1.7271801834506855,1.7271801834506855,1.0088619993562966,1.0088619993562966,0.5948190167920578,0.5948190167920578,0.3402069087198859,0.3402069087198859,-0.30000000000000004,22.886435386960574,2.9127659574468083,1.2210502489814397,0.48406518786781355,31.252188414812768,4.736862953800049,0.0,0.0,0.0,0.0,0.0,0.0,0.0,0.0,0.0,12.152040213667762,0.0,0.0,13.213763929025836,4.736862953800049,0.0,0.0,0.0,0.0,0.0,13.213763929025836,12.152040213667762,0.0,0.0,0.0,0.0,0.0,0.0,13.213763929025836,4.736862953800049,0.0,0.0,12.152040213667762,0.0,0.0,0.0,9.23,0.0,0.0,0.0,0.0,0.0,13.213763929025836,0.0,0.0,12.152040213667762,0.0,4.736862953800049,4.833333333333334,0.0,0.0,0.0,0.0,0.0,0.0,4.027777777777778,1.6388888888888888,0.0,0.5,5,0,1,0,1,1,0,0,0,1,0,1,0,0,0,0,1,0.5728000000000001,19.958999999999996,0,0,0,0,0,0,0,0,0,0,0,0,0,0,0,0,0,0,0,0,0,0,0,0,0,0,0,0,0,0,0,0,0,0,0,0,0,0,0,0,0,1,0,0,0,0,0,0,0,0,0,0,0,0,0,0,0,0,0,0,0,0,0,0,0,0,0,0,0,0,0,0,0,0,0,0,0,0,0,0,0,0,0,0,0
Tetrahydropyran,C1CCOCC1,142-68-7,Not biofuel,5.069444444444445,1.0,5.069444444444445,1.0,0.42994002180165675,86.134,76.054,86.07316494,36,0,0.04655485505248134,-0.3814524244186342,0.3814524244186342,0.04655485505248134,0.8333333333333334,1.5,1.6666666666666667,16.474097370040248,10.212503090659883,1.9448198809346338,-2.0754199407182474,2.0149842435977825,-2.025069148100972,4.447718102014308,0.09682559917152198,2.0,19.40990953421706,4.242640687119286,3.9437821963966004,3.9437821963966004,3.0,2.5773502691896253,2.5773502691896253,1.6730326074756157,1.6730326074756157,1.0773502691896255,1.0773502691896255,0.6870870583764656,0.6870870583764656,-0.04,34.3994618804395,4.127785234899329,2.189674338993739,0.9767560019818928,38.30673356139363,4.736862953800049,0.0,0.0,0.0,0.0,0.0,0.0,0.0,0.0,0.0,0.0,19.26246486877803,13.213763929025836,0.0,4.736862953800049,0.0,0.0,0.0,0.0,19.26246486877803,13.213763929025836,0.0,0.0,0.0,0.0,0.0,0.0,0.0,13.213763929025836,4.736862953800049,0.0,19.26246486877803,0.0,0.0,0.0,0.0,9.23,0.0,0.0,0.0,0.0,0.0,13.213763929025836,19.26246486877803,0.0,0.0,0.0,4.736862953800049,5.069444444444445,0.0,0.0,0.0,0.0,0.0,0.0,3.9305555555555554,2.0,0.0,1.0,6,0,1,0,1,1,0,0,0,1,0,1,0,0,1,1,1,1.1869,24.66999999999999,0,0,0,0,0,0,0,0,0,0,0,0,0,0,0,0,0,0,0,0,0,0,0,0,0,0,0,0,0,0,0,0,0,0,0,0,0,0,0,0,0,1,0,0,0,0,0,0,0,0,0,0,0,0,0,0,0,0,0,0,0,0,0,0,0,0,0,0,0,0,0,0,0,0,0,0,0,0,0,0,0,0,0,0,0
2-Methyltetrahydrofuran,CC1CCCO1,96-47-9,Biofuel,5.152777777777778,0.5462962962962961,5.152777777777778,0.5462962962962961,0.4299172783206054,86.134,76.05399999999999,86.07316494,36,0,0.054739048687911816,-0.3785074202433747,0.3785074202433747,0.054739048687911816,1.6666666666666667,2.5,2.6666666666666665,16.49016842820489,10.268610667109474,2.067183860897903,-1.9397115232282525,2.087263903615659,-1.9382765553481114,4.5580952949422695,0.12522304222273078,2.184105569636068,37.20310343869659,4.405777393935816,4.106918903213131,4.106918903213131,2.893846850117352,2.509975954643818,2.509975954643818,1.8236365546127304,1.8236365546127304,1.1573569043840912,1.1573569043840912,0.7386419420963561,0.7386419420963561,-0.04,33.548875021634686,4.127785234899329,1.6056599286563615,0.716242568370987,38.30673356139363,4.736862953800049,0.0,0.0,0.0,0.0,0.0,0.0,0.0,0.0,0.0,0.0,19.765380445542643,6.606881964512918,6.103966387748303,4.736862953800049,0.0,0.0,0.0,0.0,25.869346833290944,6.606881964512918,0.0,0.0,0.0,0.0,0.0,0.0,0.0,12.71084835226122,4.736862953800049,0.0,19.765380445542643,0.0,0.0,0.0,0.0,9.23,0.0,0.0,0.0,0.0,6.103966387748303,6.606881964512918,12.841643245852019,0.0,0.0,6.923737199690624,4.736862953800049,5.152777777777778,0.0,0.0,0.0,0.0,0.0,0.0,3.075231481481481,3.105324074074074,0.0,1.0,6,0,1,0,1,1,0,0,0,1,0,1,0,0,1,1,1,1.1853,24.64799999999999,0,0,0,0,0,0,0,0,0,0,0,0,0,0,0,0,0,0,0,0,0,0,0,0,0,0,0,0,0,0,0,0,0,0,0,0,0,0,0,0,0,1,0,0,0,0,0,0,0,0,0,0,0,0,0,0,0,0,0,0,0,0,0,0,0,0,0,0,0,0,0,0,0,0,0,0,0,0,0,0,0,0,0,0,0
3-Methyltetrahydrofuran,CC1CCOC1,13423-15-9,Not biofuel,5.056712962962963,0.824074074074074,5.056712962962963,0.824074074074074,0.4277560764363279,86.134,76.05399999999999,86.07316494,36,0,0.04919784903773206,-0.38116158929618466,0.38116158929618466,0.04919784903773206,1.6666666666666667,2.5,2.6666666666666665,16.479141805164318,10.162638889504963,2.070801553008921,-1.8871697619612688,2.085023731279824,-1.8780704587015211,4.553159230228852,0.1881265130735622,2.184105569636068,37.20310343869659,4.405777393935816,4.106918903213131,4.106918903213131,2.893846850117352,2.4711971193069777,2.4711971193069777,1.9687618072478816,1.9687618072478816,1.1573569043840912,1.1573569043840912,0.6523689270621825,0.6523689270621825,-0.04,33.548875021634686,4.127785234899329,1.6056599286563615,0.716242568370987,38.30673356139363,4.736862953800049,0.0,0.0,0.0,0.0,0.0,0.0,0.0,0.0,0.0,6.923737199690624,12.338727669087403,13.213763929025836,0.0,4.736862953800049,0.0,0.0,0.0,5.917906046161393,13.344558822616634,13.213763929025836,0.0,0.0,0.0,0.0,0.0,0.0,0.0,13.213763929025836,4.736862953800049,5.917906046161393,13.344558822616634,0.0,0.0,0.0,0.0,9.23,0.0,0.0,0.0,0.0,0.0,19.13166997518723,6.4208216229260096,0.0,0.0,6.923737199690624,4.736862953800049,5.056712962962963,0.0,0.0,0.0,0.0,0.824074074074074,0.0,1.2638888888888888,4.188657407407407,0.0,1.0,6,0,1,0,1,1,0,0,0,1,0,1,0,0,1,1,1,1.0428,24.59999999999999,0,0,0,0,0,0,0,0,0,0,0,0,0,0,0,0,0,0,0,0,0,0,0,0,0,0,0,0,0,0,0,0,0,0,0,0,0,0,0,0,0,1,0,0,0,0,0,0,0,0,0,0,0,0,0,0,0,0,0,0,0,0,0,0,0,0,0,0,0,0,0,0,0,0,0,0,0,0,0,0,0,0,0,0,0
"5-Methyl-2,3-dihydrofuran",CC1=CCCO1,1487-15-6,Not biofuel,5.013888888888889,0.8946759259259259,5.013888888888889,0.8946759259259259,0.42968901482928296,84.11800000000001,76.05399999999999,84.057514876,34,0,0.0912337290729683,-0.4982440718226571,0.4982440718226571,0.0912337290729683,1.8333333333333333,2.6666666666666665,2.8333333333333335,16.482094059928347,10.430075803285117,1.9426134523735097,-1.892349709771633,2.0497872699790176,-1.7583971900314372,4.923908085096885,0.24651199774181906,2.4496233009682675,74.00763013991067,4.405777393935816,3.899812122026584,3.899812122026584,2.893846850117352,2.18972270488542,2.18972270488542,1.4519114023805848,1.4519114023805848,0.8793791493071349,0.8793791493071349,0.541027465407767,0.541027465407767,-0.46,33.548875021634686,3.720505415162455,1.3301691776786466,0.5339679600482563,37.617130529209376,4.736862953800049,0.0,0.0,0.0,0.0,0.0,0.0,0.0,0.0,0.0,0.0,12.999757306524504,6.4208216229260096,12.366046836169094,4.736862953800049,0.0,0.0,0.0,0.0,13.344558822616634,6.606881964512918,11.835184978490057,0.0,0.0,0.0,0.0,0.0,0.0,6.606881964512918,4.736862953800049,0.0,13.344558822616634,11.835184978490057,0.0,0.0,0.0,9.23,0.0,0.0,0.0,0.0,0.0,18.786868459095103,0.0,0.0,6.923737199690624,6.076020106833881,4.736862953800049,5.013888888888889,0.0,0.0,0.0,0.0,1.0787037037037037,0.0,3.200231481481482,2.8738425925925926,0.0,0.6,6,0,1,0,1,1,0,0,0,1,0,1,0,0,0,0,1,1.3105,24.32599999999999,0,0,0,0,0,0,0,0,0,0,0,0,0,0,0,0,0,0,0,0,0,0,0,0,0,0,1,0,0,0,0,0,0,0,0,0,0,0,0,0,0,1,0,0,0,0,0,0,0,0,0,0,0,0,0,0,0,0,0,0,0,0,0,0,0,0,0,0,0,0,0,0,0,0,0,0,0,0,0,0,0,0,0,0,0
2-Methyloxane,CC1CCCCO1,10141-72-7,Not biofuel,5.277777777777778,0.5358796296296294,5.277777777777778,0.5358796296296294,0.44873678423554825,100.161,88.06499999999998,100.088815004,42,0,0.05465573276839791,-0.3785106631416853,0.3785106631416853,0.05465573276839791,1.4285714285714286,2.2857142857142856,2.5714285714285716,16.486039984699925,10.12722657829663,2.053228050228402,-2.16854432616251,2.0999270258773914,-2.1373393523376887,4.5530515665164,0.028483428418575957,2.1229179499593664,46.14170945007629,5.112884175122364,4.814025684399679,4.814025684399679,3.393846850117352,3.009975954643818,3.009975954643818,2.177189945206004,2.177189945206004,1.4073569043840912,1.4073569043840912,0.9017082486763951,0.9017082486763951,-0.04,47.19725257297226,5.10367816091954,2.3141072195146584,1.4750627509406329,44.67167567579023,4.736862953800049,0.0,0.0,0.0,0.0,0.0,0.0,0.0,0.0,0.0,0.0,26.186202068468653,6.606881964512918,6.103966387748303,4.736862953800049,0.0,0.0,0.0,0.0,32.29016845621695,6.606881964512918,0.0,0.0,0.0,0.0,0.0,0.0,0.0,12.71084835226122,4.736862953800049,0.0,26.186202068468653,0.0,0.0,0.0,0.0,9.23,0.0,0.0,0.0,0.0,6.103966387748303,6.606881964512918,19.26246486877803,0.0,0.0,6.923737199690624,4.736862953800049,5.277777777777778,0.0,0.0,0.0,0.0,0.0,0.0,4.430231481481481,3.125324074074074,0.0,1.0,7,0,1,0,1,1,0,0,0,1,0,1,0,0,1,1,1,1.5754000000000001,29.264999999999983,0,0,0,0,0,0,0,0,0,0,0,0,0,0,0,0,0,0,0,0,0,0,0,0,0,0,0,0,0,0,0,0,0,0,0,0,0,0,0,0,0,1,0,0,0,0,0,0,0,0,0,0,0,0,0,0,0,0,0,0,0,0,0,0,0,0,0,0,0,0,0,0,0,0,0,0,0,0,0,0,0,0,0,0,0
3-Methyloxane,CC1CCCOC1,26093-63-0,Not biofuel,5.181712962962963,0.8136574074074072,5.181712962962963,0.8136574074074072,0.4472009406681704,100.161,88.06499999999998,100.088815004,42,0,0.0491139770087157,-0.3811751404586186,0.3811751404586186,0.0491139770087157,1.5714285714285714,2.4285714285714284,2.7142857142857144,16.474887704243255,10.058606195981913,2.056466107750946,-2.1621763643020198,2.1033361899475698,-2.129234049399552,4.550728075462204,0.06157549498991055,2.1229179499593664,46.14170945007629,5.112884175122364,4.814025684399679,4.814025684399679,3.393846850117352,2.971197119306978,2.971197119306978,2.322315197841155,2.322315197841155,1.3879674867156713,1.3879674867156713,0.901708248676395,0.901708248676395,-0.04,47.19725257297226,5.10367816091954,2.3141072195146584,1.4750627509406329,44.67167567579023,4.736862953800049,0.0,0.0,0.0,0.0,0.0,0.0,0.0,0.0,0.0,6.923737199690624,18.75954929201341,13.213763929025836,0.0,4.736862953800049,0.0,0.0,0.0,5.917906046161393,19.765380445542643,13.213763929025836,0.0,0.0,0.0,0.0,0.0,0.0,0.0,13.213763929025836,4.736862953800049,5.917906046161393,19.765380445542643,0.0,0.0,0.0,0.0,9.23,0.0,0.0,0.0,0.0,0.0,19.13166997518723,12.841643245852019,0.0,0.0,6.923737199690624,4.736862953800049,5.181712962962963,0.0,0.0,0.0,0.0,0.8136574074074072,0.0,2.6261574074074074,4.211805555555555,0.0,1.0,7,0,1,0,1,1,0,0,0,1,0,1,0,0,1,1,1,1.4329,29.216999999999985,0,0,0,0,0,0,0,0,0,0,0,0,0,0,0,0,0,0,0,0,0,0,0,0,0,0,0,0,0,0,0,0,0,0,0,0,0,0,0,0,0,1,0,0,0,0,0,0,0,0,0,0,0,0,0,0,0,0,0,0,0,0,0,0,0,0,0,0,0,0,0,0,0,0,0,0,0,0,0,0,0,0,0,0,0
4-Methyloxane,CC1CCOCC1,4717-96-8,Not biofuel,5.139861111111111,0.9108796296296294,5.139861111111111,0.9108796296296294,0.4472009406681704,100.161,88.06499999999998,100.088815004,42,0,0.04680914069789547,-0.3814310751749786,0.3814310751749786,0.04680914069789547,1.2857142857142858,1.8571428571428572,2.142857142857143,16.474270743510058,10.038321913518045,2.0560967710062497,-2.1612555040175594,2.1133872590429075,-2.115932198358357,4.553778125497621,0.0715577166074522,2.1229179499593664,46.14170945007629,5.112884175122364,4.814025684399679,4.814025684399679,3.393846850117352,2.9711971193069777,2.9711971193069777,2.2948944204079593,2.2948944204079593,1.5099759546438176,1.5099759546438176,0.8154352336422214,0.8154352336422214,-0.04,47.19725257297226,5.10367816091954,2.3141072195146584,1.4750627509406329,44.67167567579024,4.736862953800049,0.0,0.0,0.0,0.0,0.0,0.0,0.0,0.0,0.0,6.923737199690624,18.75954929201341,13.213763929025836,0.0,4.736862953800049,0.0,0.0,0.0,5.917906046161393,19.765380445542643,13.213763929025836,0.0,0.0,0.0,0.0,0.0,0.0,0.0,13.213763929025836,4.736862953800049,5.917906046161393,19.765380445542643,0.0,0.0,0.0,0.0,9.23,0.0,0.0,0.0,0.0,0.0,19.13166997518723,12.841643245852019,0.0,0.0,6.923737199690624,4.736862953800049,5.139861111111111,0.0,0.0,0.0,0.0,0.9108796296296294,0.0,2.5277777777777777,4.254814814814814,0.0,1.0,7,0,1,0,1,1,0,0,0,1,0,1,0,0,1,1,1,1.4329,29.216999999999985,0,0,0,0,0,0,0,0,0,0,0,0,0,0,0,0,0,0,0,0,0,0,0,0,0,0,0,0,0,0,0,0,0,0,0,0,0,0,0,0,0,1,0,0,0,0,0,0,0,0,0,0,0,0,0,0,0,0,0,0,0,0,0,0,0,0,0,0,0,0,0,0,0,0,0,0,0,0,0,0,0,0,0,0,0
"2,3-Dimethyltetrahydrofuran",CC1CCOC1C,16251-73-3,Not biofuel,5.265046296296297,0.5138888888888886,5.265046296296297,0.5138888888888886,0.4471823855977805,100.16099999999999,88.06499999999998,100.088815004,42,0,0.057286251639324784,-0.378219182591141,0.378219182591141,0.057286251639324784,1.4285714285714286,2.142857142857143,2.2857142857142856,16.491300855012955,10.069993098559367,2.1771801876146504,-2.038977969921311,2.1773600712551797,-2.0528103151063917,4.6602239503547995,0.10923422029959196,2.325296719877603,53.200359476037924,5.276020881938894,4.9771623912162095,4.9771623912162095,3.304530452640311,2.920659557166777,2.920659557166777,2.341868187902927,2.341868187902927,1.7552791752703412,1.7552791752703412,0.8388008806470061,0.8388008806470061,-0.04,49.54039820861129,5.10367816091954,1.8263903061224485,0.9421454492669472,44.67167567579024,4.736862953800049,0.0,0.0,0.0,0.0,0.0,0.0,0.0,0.0,0.0,6.923737199690624,19.262464868778025,6.606881964512918,6.103966387748303,4.736862953800049,0.0,0.0,0.0,5.917906046161393,26.37226241005556,6.606881964512918,0.0,0.0,0.0,0.0,0.0,0.0,0.0,12.71084835226122,4.736862953800049,5.917906046161393,20.268296022307258,0.0,0.0,0.0,0.0,9.23,0.0,0.0,0.0,0.0,6.103966387748303,12.52478801067431,6.4208216229260096,0.0,0.0,13.847474399381248,4.736862953800049,5.265046296296297,0.0,0.0,0.0,0.0,0.7916666666666665,0.0,1.765046296296296,5.3449074074074066,0.0,1.0,7,0,1,0,1,1,0,0,0,1,0,1,0,0,1,1,1,1.4313,29.194999999999986,0,0,0,0,0,0,0,0,0,0,0,0,0,0,0,0,0,0,0,0,0,0,0,0,0,0,0,0,0,0,0,0,0,0,0,0,0,0,0,0,0,1,0,0,0,0,0,0,0,0,0,0,0,0,0,0,0,0,0,0,0,0,0,0,0,0,0,0,0,0,0,0,0,0,0,0,0,0,0,0,0,0,0,0,0
"2,5-Dimethyltetrahydrofuran",CC1CCC(C)O1,1003-38-9,Not biofuel,5.361111111111111,0.5231481481481479,5.361111111111111,0.5231481481481479,0.44872078476858884,100.16099999999999,88.06499999999998,100.088815004,42,0,0.055113272923729896,-0.3755658565629716,0.3755658565629716,0.055113272923729896,1.1428571428571428,1.5714285714285714,1.7142857142857142,16.502071870995447,10.209864201930968,2.1556836632932797,-2.009275638082413,2.1682738306064873,-2.0124984210609203,4.643775362083305,0.06725621603432479,2.2571532373031413,53.200359476037924,5.276020881938894,4.9771623912162095,4.9771623912162095,3.287693700234704,2.942601640098009,2.942601640098009,2.3346674677296715,2.3346674677296715,1.4443348129575924,1.4443348129575924,1.002073095271049,1.002073095271049,-0.04,46.670482779147534,5.10367816091954,1.8263903061224485,1.164181281887755,44.67167567579023,4.736862953800049,0.0,0.0,0.0,0.0,0.0,0.0,0.0,0.0,0.0,0.0,26.689117645233267,0.0,12.207932775496605,4.736862953800049,0.0,0.0,0.0,0.0,38.89705042072987,0.0,0.0,0.0,0.0,0.0,0.0,0.0,0.0,12.207932775496605,4.736862953800049,0.0,26.689117645233267,0.0,0.0,0.0,0.0,9.23,0.0,0.0,0.0,0.0,12.207932775496605,0.0,12.841643245852019,0.0,0.0,13.847474399381248,4.736862953800049,5.361111111111111,0.0,0.0,0.0,0.0,0.0,0.0,3.5486111111111107,4.256944444444445,0.0,1.0,7,0,1,0,1,1,0,0,0,1,0,1,0,0,1,1,1,1.5737999999999999,29.242999999999984,0,0,0,0,0,0,0,0,0,0,0,0,0,0,0,0,0,0,0,0,0,0,0,0,0,0,0,0,0,0,0,0,0,0,0,0,0,0,0,0,0,1,0,0,0,0,0,0,0,0,0,0,0,0,0,0,0,0,0,0,0,0,0,0,0,0,0,0,0,0,0,0,0,0,0,0,0,0,0,0,0,0,0,0,0
"2,4-Dimethyltetrahydrofuran",CC1COC(C)C1,64265-26-5,Not biofuel,5.265046296296296,0.5231481481481479,5.265046296296296,0.5231481481481479,0.4471823855977805,100.16099999999999,88.065,100.088815004,42,0,0.055007159991790476,-0.3782195939916184,0.3782195939916184,0.055007159991790476,1.4285714285714286,2.142857142857143,2.2857142857142856,16.49122843443995,10.109204315099584,2.1590406824484494,-1.9443250497465334,2.164723235771936,-1.9413639720350935,4.6421314382707,0.12086237643852735,2.2571532373031413,53.200359476037924,5.276020881938894,4.9771623912162095,4.9771623912162095,3.287693700234704,2.9038228047611696,2.9038228047611696,2.484824526777434,2.484824526777434,1.399556870916423,1.399556870916423,1.0312509703768813,1.0312509703768813,-0.04,46.670482779147534,5.10367816091954,1.8263903061224485,1.164181281887755,44.67167567579024,4.736862953800049,0.0,0.0,0.0,0.0,0.0,0.0,0.0,0.0,0.0,6.923737199690624,19.262464868778025,6.606881964512918,6.103966387748303,4.736862953800049,0.0,0.0,0.0,5.917906046161393,26.37226241005556,6.606881964512918,0.0,0.0,0.0,0.0,0.0,0.0,0.0,12.71084835226122,4.736862953800049,5.917906046161393,20.268296022307258,0.0,0.0,0.0,0.0,9.23,0.0,0.0,0.0,0.0,6.103966387748303,12.52478801067431,6.4208216229260096,0.0,0.0,13.847474399381248,4.736862953800049,5.265046296296296,0.0,0.0,0.0,0.0,0.8009259259259257,0.0,1.773148148148148,5.327546296296297,0.0,1.0,7,0,1,0,1,1,0,0,0,1,0,1,0,0,1,1,1,1.4313,29.194999999999986,0,0,0,0,0,0,0,0,0,0,0,0,0,0,0,0,0,0,0,0,0,0,0,0,0,0,0,0,0,0,0,0,0,0,0,0,0,0,0,0,0,1,0,0,0,0,0,0,0,0,0,0,0,0,0,0,0,0,0,0,0,0,0,0,0,0,0,0,0,0,0,0,0,0,0,0,0,0,0,0,0,0,0,0,0
2-Ethyltetrahydrofuran,CCC1CCCO1,1003-30-1,Not biofuel,5.302083333333334,0.5972222222222221,5.302083333333334,0.5972222222222221,0.4857465864871273,100.161,88.06499999999998,100.088815004,42,0,0.05729342461009275,-0.3782308175146742,0.3782308175146742,0.05729342461009275,1.7142857142857142,2.5714285714285716,2.857142857142857,16.490872190084477,10.190276377339254,2.108356642007814,-2.0086797904507367,2.1317413207392253,-1.9986644770717532,4.604628676267592,0.10806129545041275,2.1399633186493645,46.14170945007629,5.112884175122364,4.814025684399679,4.814025684399679,3.431851652578137,3.047980757104603,3.047980757104603,2.043276095478694,2.043276095478694,1.4793321798137806,1.4793321798137806,0.966312842727096,0.966312842727096,-0.04,66.31310982742876,5.10367816091954,2.3141072195146584,1.164181281887755,44.67167567579023,4.736862953800049,0.0,0.0,0.0,0.0,0.0,0.0,0.0,0.0,0.0,6.923737199690624,19.26246486877803,6.606881964512918,6.103966387748303,4.736862953800049,0.0,0.0,0.0,0.0,32.29016845621695,6.606881964512918,0.0,0.0,0.0,0.0,0.0,0.0,0.0,12.71084835226122,4.736862953800049,0.0,26.186202068468653,0.0,0.0,0.0,0.0,9.23,0.0,0.0,0.0,0.0,6.103966387748303,6.606881964512918,19.26246486877803,0.0,0.0,6.923737199690624,4.736862953800049,5.302083333333334,0.0,0.0,0.0,0.0,0.0,0.0,4.356157407407407,3.1750925925925926,0.0,1.0,7,0,1,0,1,1,0,0,0,1,0,1,1,0,1,1,1,1.5754000000000001,29.264999999999983,0,0,0,0,0,0,0,0,0,0,0,0,0,0,0,0,0,0,0,0,0,0,0,0,0,0,0,0,0,0,0,0,0,0,0,0,0,0,0,0,0,1,0,0,0,0,0,0,0,0,0,0,0,0,0,0,0,0,0,0,0,0,0,0,0,0,0,0,0,0,0,0,0,0,0,0,0,0,0,0,0,0,0,0,0
2-Ethyloxane,CCC1CCCCO1,3857-14-5,Not biofuel,5.427083333333334,0.5868055555555554,5.427083333333334,0.5868055555555554,0.5060735203854042,114.188,100.07599999999998,114.104465068,48,0,0.05721010819484169,-0.37823406357337225,0.37823406357337225,0.05721010819484169,1.5,2.375,2.75,16.486737259626715,10.082110081117783,2.0923765024584986,-2.1987889387370942,2.137335651538648,-2.1677859914193616,4.595835404198955,0.014255158557709062,2.1250162554146717,55.407165571558394,5.819990956308912,5.521132465586227,5.521132465586227,3.931851652578137,3.547980757104603,3.547980757104603,2.396829486071968,2.396829486071968,1.7293321798137806,1.7293321798137806,1.1293791493071348,1.1293791493071348,-0.04,91.36757727918736,6.085628140703518,3.079539221938775,1.4780561603845095,51.03661779018684,4.736862953800049,0.0,0.0,0.0,0.0,0.0,0.0,0.0,0.0,0.0,6.923737199690624,25.683286491704038,6.606881964512918,6.103966387748303,4.736862953800049,0.0,0.0,0.0,0.0,38.71099007914296,6.606881964512918,0.0,0.0,0.0,0.0,0.0,0.0,0.0,12.71084835226122,4.736862953800049,0.0,32.60702369139466,0.0,0.0,0.0,0.0,9.23,0.0,0.0,0.0,0.0,6.103966387748303,6.606881964512918,25.683286491704038,0.0,0.0,6.923737199690624,4.736862953800049,5.427083333333334,0.0,0.0,0.0,0.0,0.0,0.0,5.717268518518518,3.1889814814814814,0.0,1.0,8,0,1,0,1,1,0,0,0,1,0,1,1,0,1,1,1,1.9655,33.88199999999999,0,0,0,0,0,0,0,0,0,0,0,0,0,0,0,0,0,0,0,0,0,0,0,0,0,0,0,0,0,0,0,0,0,0,0,0,0,0,0,0,0,1,0,0,0,0,0,0,0,0,0,0,0,0,0,0,0,0,0,0,0,0,0,0,0,0,0,0,0,0,0,0,0,0,0,0,0,0,0,0,0,0,0,0,0
3-Ethyloxane,CCC1CCCOC1,,Not biofuel,5.272962962962962,0.8645833333333333,5.272962962962962,0.8645833333333333,0.5049729532272239,114.188,100.07599999999998,114.104465068,48,0,0.04936769298501533,-0.3811644790356429,0.3811644790356429,0.04936769298501533,1.625,2.5,2.875,16.474942538819285,10.000201119532836,2.094879838017414,-2.1921671227535704,2.150616734810314,-2.1532922001936474,4.592956110357139,0.053536363361482306,2.1250162554146717,55.407165571558394,5.819990956308912,5.521132465586227,5.521132465586227,3.931851652578137,3.509201921767763,3.509201921767763,2.4914171765669177,2.4914171765669177,1.8319512300735068,1.8319512300735068,1.1293791493071348,1.1293791493071348,-0.04,91.36757727918736,6.085628140703518,3.079539221938775,1.4780561603845095,51.03661779018684,4.736862953800049,0.0,0.0,0.0,0.0,0.0,0.0,0.0,0.0,0.0,13.344558822616634,18.75954929201341,13.213763929025836,0.0,4.736862953800049,0.0,0.0,0.0,5.917906046161393,26.186202068468653,13.213763929025836,0.0,0.0,0.0,0.0,0.0,0.0,0.0,13.213763929025836,4.736862953800049,5.917906046161393,26.186202068468653,0.0,0.0,0.0,0.0,9.23,0.0,0.0,0.0,0.0,0.0,19.13166997518723,19.26246486877803,0.0,0.0,6.923737199690624,4.736862953800049,5.272962962962962,0.0,0.0,0.0,0.0,0.8645833333333333,0.0,3.9533796296296297,4.242407407407407,0.0,1.0,8,0,1,0,1,1,0,0,0,1,0,1,1,0,1,1,1,1.823,33.83399999999999,0,0,0,0,0,0,0,0,0,0,0,0,0,0,0,0,0,0,0,0,0,0,0,0,0,0,0,0,0,0,0,0,0,0,0,0,0,0,0,0,0,1,0,0,0,0,0,0,0,0,0,0,0,0,0,0,0,0,0,0,0,0,0,0,0,0,0,0,0,0,0,0,0,0,0,0,0,0,0,0,0,0,0,0,0
4-Ethyloxane,CCC1CCOCC1,,Not biofuel,5.201527777777778,0.9618055555555554,5.201527777777778,0.9618055555555554,0.5049729532272239,114.188,100.07599999999998,114.104465068,48,0,0.04681915243268072,-0.38143070987848077,0.38143070987848077,0.04681915243268072,1.375,2.0,2.375,16.47428569291448,9.979089479729602,2.0939882885592533,-2.191494076119806,2.163395694618088,-2.1380408542482368,4.595922317621681,0.06535409752856867,2.1250162554146717,55.407165571558394,5.819990956308912,5.521132465586227,5.521132465586227,3.931851652578137,3.509201921767763,3.509201921767763,2.463996399133722,2.463996399133722,1.9182242451076803,1.9182242451076803,1.154647930377235,1.154647930377235,-0.04,91.36757727918736,6.085628140703518,3.079539221938775,1.4780561603845095,51.03661779018684,4.736862953800049,0.0,0.0,0.0,0.0,0.0,0.0,0.0,0.0,0.0,13.344558822616634,18.75954929201341,13.213763929025836,0.0,4.736862953800049,0.0,0.0,0.0,5.917906046161393,26.186202068468653,13.213763929025836,0.0,0.0,0.0,0.0,0.0,0.0,0.0,13.213763929025836,4.736862953800049,5.917906046161393,26.186202068468653,0.0,0.0,0.0,0.0,9.23,0.0,0.0,0.0,0.0,0.0,19.13166997518723,19.26246486877803,0.0,0.0,6.923737199690624,4.736862953800049,5.201527777777778,0.0,0.0,0.0,0.0,0.9618055555555554,0.0,3.9130555555555553,4.256944444444445,0.0,1.0,8,0,1,0,1,1,0,0,0,1,0,1,1,0,1,1,1,1.823,33.83399999999999,0,0,0,0,0,0,0,0,0,0,0,0,0,0,0,0,0,0,0,0,0,0,0,0,0,0,0,0,0,0,0,0,0,0,0,0,0,0,0,0,0,1,0,0,0,0,0,0,0,0,0,0,0,0,0,0,0,0,0,0,0,0,0,0,0,0,0,0,0,0,0,0,0,0,0,0,0,0,0,0,0,0,0,0,0
"2,6-Dimethyloxane",CC1CCCC(C)O1,73237-48-6,Not biofuel,5.486111111111111,0.5127314814814813,5.486111111111111,0.5127314814814813,0.4675045727457227,114.18799999999999,100.07599999999998,114.104465068,48,0,0.055019488389903726,-0.3755693014217805,0.3755693014217805,0.055019488389903726,1.125,1.625,1.875,16.497793634860557,10.06797411334856,2.130932634972111,-2.239043966838982,2.1660984035795665,-2.217113361164566,4.625227332310648,-0.029197047440283976,2.2306376583301173,62.78707744334402,5.983127663125442,5.684269172402757,5.684269172402757,3.787693700234704,3.442601640098009,3.442601640098009,2.6882208583229446,2.6882208583229446,1.6859164367547885,1.6859164367547885,1.2254230857780486,1.2254230857780486,-0.04,64.0524865010122,6.085628140703518,2.492201093530749,1.4780561603845095,51.036617790186845,4.736862953800049,0.0,0.0,0.0,0.0,0.0,0.0,0.0,0.0,0.0,0.0,33.10993926815928,0.0,12.207932775496605,4.736862953800049,0.0,0.0,0.0,0.0,45.31787204365588,0.0,0.0,0.0,0.0,0.0,0.0,0.0,0.0,12.207932775496605,4.736862953800049,0.0,33.10993926815928,0.0,0.0,0.0,0.0,9.23,0.0,0.0,0.0,0.0,12.207932775496605,0.0,19.26246486877803,0.0,0.0,13.847474399381248,4.736862953800049,5.486111111111111,0.0,0.0,0.0,0.0,0.0,0.0,4.883611111111111,4.296944444444445,0.0,1.0,8,0,1,0,1,1,0,0,0,1,0,1,0,0,1,1,1,1.9639,33.859999999999985,0,0,0,0,0,0,0,0,0,0,0,0,0,0,0,0,0,0,0,0,0,0,0,0,0,0,0,0,0,0,0,0,0,0,0,0,0,0,0,0,0,1,0,0,0,0,0,0,0,0,0,0,0,0,0,0,0,0,0,0,0,0,0,0,0,0,0,0,0,0,0,0,0,0,0,0,0,0,0,0,0,0,0,0,0
"2,3,5-Trimethyltetrahydrofuran",CC1CC(C)C(C)O1,,Not biofuel,5.47337962962963,0.4907407407407405,5.47337962962963,0.4907407407407405,0.4664732789228942,114.18799999999999,100.07599999999998,114.104465068,48,0,0.057660468756731593,-0.37527758545910794,0.37527758545910794,0.057660468756731593,1.25,1.875,2.0,16.503202137141507,10.040425273991957,2.2435287610113064,-2.0496753578956697,2.239896925021952,-2.0640214851280243,4.7243699450078225,0.058012877834614736,2.388075523080426,70.45601115561732,6.146264369941973,5.847405879219288,5.847405879219288,3.6983773027576627,3.3532852426209683,3.3532852426209683,2.8648044828190313,2.8648044828190313,1.95201372319835,1.95201372319835,1.2713132586307092,1.2713132586307092,-0.04,66.63043175066748,6.085628140703518,2.0581671905802117,1.025055200724824,51.03661779018683,4.736862953800049,0.0,0.0,0.0,0.0,0.0,0.0,0.0,0.0,0.0,6.923737199690624,26.18620206846865,0.0,12.207932775496605,4.736862953800049,0.0,0.0,0.0,5.917906046161393,39.39996599749449,0.0,0.0,0.0,0.0,0.0,0.0,0.0,0.0,12.207932775496605,4.736862953800049,5.917906046161393,27.19203322199788,0.0,0.0,0.0,0.0,9.23,0.0,0.0,0.0,0.0,12.207932775496605,5.917906046161393,6.4208216229260096,0.0,0.0,20.771211599071872,4.736862953800049,5.47337962962963,0.0,0.0,0.0,0.0,0.7685185185185184,0.0,2.2280092592592586,6.530092592592592,0.0,1.0,8,0,1,0,1,1,0,0,0,1,0,1,0,0,1,1,1,1.8197999999999999,33.789999999999985,0,0,0,0,0,0,0,0,0,0,0,0,0,0,0,0,0,0,0,0,0,0,0,0,0,0,0,0,0,0,0,0,0,0,0,0,0,0,0,0,0,1,0,0,0,0,0,0,0,0,0,0,0,0,0,0,0,0,0,0,0,0,0,0,0,0,0,0,0,0,0,0,0,0,0,0,0,0,0,0,0,0,0,0,0
2-Propyltetrahydrofuran,CCCC1CCCO1,3208-22-8,Not biofuel,5.3933333333333335,0.6111111111111109,5.3933333333333335,0.6111111111111109,0.5329458769069826,114.188,100.07599999999998,114.104465068,48,0,0.057546005566246276,-0.3782201715438975,0.3782201715438975,0.057546005566246276,1.625,2.5,3.0,16.490921462242408,10.142701020130778,2.123521356882801,-2.0395885531691826,2.1533429495117313,-2.0191560917074574,4.623087973462723,0.1034999303095929,2.0584046167758574,55.407165571558394,5.819990956308912,5.521132465586227,5.521132465586227,3.931851652578137,3.547980757104603,3.547980757104603,2.423702939609644,2.423702939609644,1.634640788576803,1.634640788576803,1.1939837433578355,1.1939837433578355,-0.04,107.1071906974106,6.085628140703518,3.079539221938775,1.4780561603845095,51.03661779018685,4.736862953800049,0.0,0.0,0.0,0.0,0.0,0.0,0.0,0.0,0.0,13.344558822616634,19.26246486877803,6.606881964512918,6.103966387748303,4.736862953800049,0.0,0.0,0.0,0.0,38.710990079142974,6.606881964512918,0.0,0.0,0.0,0.0,0.0,0.0,0.0,12.71084835226122,4.736862953800049,0.0,32.60702369139466,0.0,0.0,0.0,0.0,9.23,0.0,0.0,0.0,0.0,6.103966387748303,6.606881964512918,25.683286491704038,0.0,0.0,6.923737199690624,4.736862953800049,5.3933333333333335,0.0,0.0,0.0,0.0,0.0,0.0,5.72537037037037,3.2146296296296297,0.0,1.0,8,0,1,0,1,1,0,0,0,1,0,1,2,0,1,1,1,1.9655,33.88199999999999,0,0,0,0,0,0,0,0,0,0,0,0,0,0,0,0,0,0,0,0,0,0,0,0,0,0,0,0,0,0,0,0,0,0,0,0,0,0,0,0,0,1,0,0,0,0,0,0,0,0,0,0,0,0,0,0,0,0,0,0,0,0,0,0,0,0,0,0,0,0,0,0,0,0,0,0,0,0,0,0,0,0,0,0,0
2-Propyloxane,CCCC1CCCCO1,3857-17-8,Not biofuel,5.5183333333333335,0.6006944444444442,5.5183333333333335,0.6006944444444442,0.5543873820063958,128.215,112.08699999999997,128.120115132,54,0,0.057462689534101205,-0.3782234177429629,0.3782234177429629,0.057462689534101205,1.4444444444444444,2.3333333333333335,2.888888888888889,16.486786260610934,10.056899285598723,2.1074857858543483,-2.210012022137261,2.1562220821615554,-2.176667246044999,4.61361468156686,0.010890679304548826,2.0778607554610558,62.2129994085646,6.52709773749546,6.228239246772775,6.228239246772775,4.431851652578137,4.047980757104603,4.047980757104603,2.7772563302029174,2.7772563302029174,1.884640788576803,1.884640788576803,1.3570500499378744,1.3570500499378744,-0.04,145.16653667335345,7.071607142857144,3.8869850486282487,2.3538808673877143,57.401559904583465,4.736862953800049,0.0,0.0,0.0,0.0,0.0,0.0,0.0,0.0,0.0,13.344558822616634,25.683286491704038,6.606881964512918,6.103966387748303,4.736862953800049,0.0,0.0,0.0,0.0,45.13181170206899,6.606881964512918,0.0,0.0,0.0,0.0,0.0,0.0,0.0,12.71084835226122,4.736862953800049,0.0,39.02784531432067,0.0,0.0,0.0,0.0,9.23,0.0,0.0,0.0,0.0,6.103966387748303,6.606881964512918,32.10410811463005,0.0,0.0,6.923737199690624,4.736862953800049,5.5183333333333335,0.0,0.0,0.0,0.0,0.0,0.0,7.090166288737717,3.2248337112622827,0.0,1.0,9,0,1,0,1,1,0,0,0,1,0,1,2,0,1,1,1,2.355600000000001,38.499,0,0,0,0,0,0,0,0,0,0,0,0,0,0,0,0,0,0,0,0,0,0,0,0,0,0,0,0,0,0,0,0,0,0,0,0,0,0,0,0,0,1,0,0,0,0,0,0,0,0,0,0,0,0,0,0,0,0,0,0,0,0,0,0,0,0,0,0,0,0,0,0,0,0,0,0,0,0,0,0,0,0,0,0,0
"2,3,4,5-Tetramethyltetrahydrofuran",CC1OC(C)C(C)C1C,,Not biofuel,5.585648148148148,0.46759259259259245,5.585648148148148,0.46759259259259245,0.48497358884459013,128.21499999999997,112.08699999999997,128.120115132,54,0,0.057929194045232384,-0.37498921414194125,0.37498921414194125,0.057929194045232384,0.7777777777777778,1.1111111111111112,1.2222222222222223,16.504361310209426,9.916801308761311,2.324332729547292,-2.0994719017889993,2.304390564638395,-2.119174033111376,4.796422933788755,0.052429241071901986,2.543759430242489,88.74075768464921,7.016507857945051,6.717649367222367,6.717649367222367,4.125897657686229,3.780805597549535,3.780805597549535,3.264552990714647,3.264552990714647,2.7395122045097855,2.7395122045097855,1.4414142917742168,1.4414142917742168,-0.04,109.16177843814495,7.071607142857144,2.295733882030179,1.110043027367919,57.40155990458345,4.736862953800049,0.0,0.0,0.0,0.0,0.0,0.0,0.0,0.0,0.0,13.847474399381248,25.68328649170403,0.0,12.207932775496605,4.736862953800049,0.0,0.0,0.0,11.835812092322787,39.9028815742591,0.0,0.0,0.0,0.0,0.0,0.0,0.0,0.0,12.207932775496605,4.736862953800049,11.835812092322787,27.694948798762496,0.0,0.0,0.0,0.0,9.23,0.0,0.0,0.0,0.0,12.207932775496605,11.835812092322787,0.0,0.0,0.0,27.694948798762496,4.736862953800049,5.585648148148148,0.0,0.0,0.0,0.0,1.4722222222222219,0.0,0.935185185185185,8.840277777777777,0.0,1.0,9,0,1,0,1,1,0,0,0,1,0,1,0,0,1,1,1,2.0658,38.336999999999996,0,0,0,0,0,0,0,0,0,0,0,0,0,0,0,0,0,0,0,0,0,0,0,0,0,0,0,0,0,0,0,0,0,0,0,0,0,0,0,0,0,1,0,0,0,0,0,0,0,0,0,0,0,0,0,0,0,0,0,0,0,0,0,0,0,0,0,0,0,0,0,0,0,0,0,0,0,0,0,0,0,0,0,0,0
2-Isobutyltetrahydrofuran,CC(C)CC1CCCO1,651057-21-5,Not biofuel,5.46375,0.5879629629629628,5.46375,0.5879629629629628,0.5537179613932961,128.215,112.08699999999997,128.120115132,54,0,0.05779960667597771,-0.3782094504621007,0.3782094504621007,0.05779960667597771,1.5555555555555556,2.3333333333333335,2.7777777777777777,16.490976547411144,10.043242960169124,2.1524875454238916,-2.1007357918465126,2.182860848355442,-2.073487561803656,4.652048098676019,0.09391380219589625,2.1127901449768736,72.63682062300136,6.69023444431199,6.391375953589305,6.391375953589305,4.287693700234704,3.9038228047611696,3.9038228047611696,3.2645769155276985,3.2645769155276985,1.7582866108749369,1.7582866108749369,1.3560135023023498,1.3560135023023498,-0.04,144.18497538897435,7.071607142857144,3.2100399595076996,2.3538808673877143,57.40155990458345,4.736862953800049,0.0,0.0,0.0,0.0,0.0,0.0,0.0,0.0,0.0,13.847474399381248,25.18037091493942,6.606881964512918,6.103966387748303,4.736862953800049,0.0,0.0,0.0,5.917906046161393,39.21390565590758,6.606881964512918,0.0,0.0,0.0,0.0,0.0,0.0,0.0,12.71084835226122,4.736862953800049,5.917906046161393,33.10993926815928,0.0,0.0,0.0,0.0,9.23,0.0,0.0,0.0,0.0,6.103966387748303,12.52478801067431,19.26246486877803,0.0,0.0,13.847474399381248,4.736862953800049,5.46375,0.0,0.0,0.0,0.0,0.7991666666666666,0.0,4.403009259259259,5.500740740740741,0.0,1.0,9,0,1,0,1,1,0,0,0,1,0,1,2,0,1,1,1,2.2115,38.429,0,0,0,0,0,0,0,0,0,0,0,0,0,0,0,0,0,0,0,0,0,0,0,0,0,0,0,0,0,0,0,0,0,0,0,0,0,0,0,0,0,1,0,0,0,0,0,0,0,0,0,0,0,0,0,0,0,0,0,0,0,0,0,0,0,0,0,0,0,0,0,0,0,0,0,0,0,0,0,0,0,0,0,0,0
"2,5-Dimethoxytetrahydrofuran",COC1CCC(OC)O1,696-59-3,Not biofuel,5.215277777777778,-0.04634259259259288,5.215277777777778,0.04634259259259266,0.5543318643890545,132.159,120.06299999999997,132.078644244,54,0,0.16004470576085894,-0.355776148414609,0.355776148414609,0.16004470576085894,1.1111111111111112,1.5555555555555556,1.7777777777777777,16.758712824061792,10.335529028465139,2.2333234150047776,-2.0875747036303496,2.190545532781393,-2.12848467643484,4.579636918155397,-0.18542240686039896,2.204974083399939,74.37215811651096,6.69023444431199,5.793658972143936,5.793658972143936,4.363703305156274,3.075802203437515,3.075802203437515,2.0439543098651543,2.0439543098651543,1.4674158113618936,1.4674158113618936,0.9243509244276317,0.9243509244276317,-0.12,173.18323482748238,6.992612612612613,3.150977508650519,1.6422873345935731,54.89876613480399,14.210588861400147,0.0,12.580053458670426,0.0,0.0,0.0,0.0,0.0,0.0,0.0,0.0,0.0,27.061238328407086,0.0,14.210588861400147,0.0,0.0,0.0,0.0,25.421696704522446,14.219595082555067,0.0,0.0,0.0,0.0,0.0,0.0,0.0,26.799648541225494,14.210588861400147,0.0,12.841643245852019,0.0,0.0,0.0,0.0,27.69,0.0,0.0,0.0,12.580053458670426,0.0,12.841643245852019,0.0,14.219595082555067,0.0,0.0,14.210588861400147,15.097222222222221,0.0,0.0,0.0,0.0,0.0,0.0,1.786296296296296,0.0,3.283148148148148,1.0,9,0,3,0,1,1,0,0,0,3,0,3,2,0,1,1,1,0.7418,31.912999999999982,0,0,0,0,0,0,0,0,0,0,0,0,0,0,0,0,0,0,0,0,0,0,0,0,0,0,0,0,0,0,0,0,0,0,0,0,0,0,0,0,0,3,0,0,0,0,0,0,0,0,0,0,0,0,0,2,0,0,0,0,0,0,0,0,0,0,0,0,0,0,0,0,0,0,0,0,0,0,0,0,0,0,0,0,0
"2,5-Dimethoxy-2,5-dihydrofuran",COC1OC(OC)C=C1,332-77-4,Not biofuel,5.104166666666667,-0.22689814814814868,5.104166666666667,0.22689814814814846,0.509813342272874,130.143,120.06299999999999,130.06299418,52,0,0.17961344053003256,-0.3521126647852579,0.3521126647852579,0.17961344053003256,1.1111111111111112,1.5555555555555556,1.7777777777777777,16.75628394419061,10.52345357145573,2.160796351458242,-2.0919696016071,2.1052130957866946,-2.1421448688927414,4.940822010943918,-0.17323316749361486,2.308196968738003,98.87060032410332,6.69023444431199,5.534145948150093,5.534145948150093,4.363703305156274,2.7593056225097903,2.7593056225097903,1.72916860742043,1.72916860742043,1.1582423597190386,1.1582423597190386,0.6726028900046329,0.6726028900046329,-0.38,173.18323482748238,6.736009280742459,2.960887569557492,1.5111545831962445,54.20916310261973,14.210588861400147,0.0,12.580053458670426,0.0,0.0,0.0,0.0,0.0,0.0,0.0,0.0,12.152040213667762,14.219595082555067,0.0,14.210588861400147,0.0,0.0,0.0,0.0,12.580053458670426,14.219595082555067,12.152040213667762,0.0,0.0,0.0,0.0,0.0,0.0,26.799648541225494,14.210588861400147,0.0,0.0,12.152040213667762,0.0,0.0,0.0,27.69,0.0,0.0,0.0,12.580053458670426,0.0,0.0,0.0,14.219595082555067,12.152040213667762,0.0,14.210588861400147,14.8125,0.0,0.0,0.0,0.0,0.0,0.0,3.1735185185185175,0.0,3.180648148148148,0.6666666666666666,9,0,3,0,1,1,0,0,0,3,0,3,2,0,0,0,1,0.5178,31.81899999999998,0,0,0,0,0,0,0,0,0,0,0,0,0,0,0,0,0,0,0,0,0,0,0,0,0,0,0,0,0,0,0,0,0,0,0,0,0,0,0,0,0,3,0,0,0,0,0,0,0,0,0,0,0,0,0,2,0,0,0,0,0,0,0,0,0,0,0,0,0,0,0,0,0,0,0,0,0,0,0,0,0,0,0,0,0
Furan,O1C=CC=C1,110-00-9,Biofuel,4.583333333333333,1.625,4.583333333333333,1.625,0.44603148755014616,68.075,64.04299999999999,68.026214748,26,0,0.09020235450853635,-0.4726377692765222,0.4726377692765222,0.09020235450853635,1.0,1.6,1.8,16.322838790183496,10.690498814349613,1.584692378534697,-1.498738922124002,1.7925139830361358,-1.1635621514579968,4.7876606401862984,0.5671124179950152,3.1250000000000004,60.12481811269772,3.5355339059327378,2.717649367222366,2.717649367222366,2.5,1.4714045207910322,1.4714045207910322,0.7931484699236139,0.7931484699236139,0.42538079163846576,0.42538079163846576,0.22680460581325737,0.22680460581325737,-0.7200000000000001,22.886435386960574,2.5136448598130845,0.9307991964363703,0.29336361254258025,30.2257323835738,4.417150937053347,0.0,0.0,0.0,0.0,0.0,0.0,0.0,0.0,0.0,0.0,12.13273413692322,0.0,12.526325991278114,4.417150937053347,0.0,0.0,0.0,0.0,0.0,0.0,24.659060128201332,0.0,0.0,0.0,0.0,0.0,0.0,0.0,0.0,0.0,0.0,29.07621106525468,0.0,0.0,0.0,13.14,0.0,0.0,0.0,0.0,0.0,0.0,0.0,12.526325991278114,12.13273413692322,4.417150937053347,0.0,4.583333333333333,0.0,0.0,0.0,0.0,0.0,3.6666666666666665,3.25,0.0,0.0,0.0,5,0,1,0,0,0,0,1,1,1,0,1,0,0,0,0,1,1.2796,18.707999999999995,0,0,0,0,0,0,0,0,0,0,0,0,0,0,0,0,0,0,0,0,0,0,0,0,0,0,0,0,0,0,0,0,0,0,0,0,0,0,0,0,0,0,1,0,0,0,0,0,0,0,0,0,0,0,0,0,0,0,0,0,0,0,0,0,0,0,0,0,0,0,0,0,0,0,0,0,0,0,0,0,0,0,0,0,0
2-Methylfuran,CC1=CC=CO1,534-22-5,Biofuel,4.833333333333333,0.9675925925925928,4.833333333333333,0.9675925925925928,0.4628605847396023,82.102,76.05399999999999,82.041864812,32,0,0.10017047607147558,-0.469664556492416,0.469664556492416,0.10017047607147558,1.6666666666666667,2.5,2.6666666666666665,16.331810320106246,10.516826885003017,1.7542868797014255,-1.686512360265907,1.9288971019272538,-1.4790398616728275,4.932245232446961,0.5340345909525056,3.049648321313926,107.4988650600484,4.405777393935816,3.6402990980327403,3.6402990980327403,2.893846850117352,1.8951682068889273,1.8951682068889273,1.2237010601067568,1.2237010601067568,0.6634344070931327,0.6634344070931327,0.36068497693851154,0.36068497693851154,-0.72,33.548875021634686,3.4693939393939397,1.1675410767171084,0.432338837275346,36.590674497970404,4.417150937053347,5.760247418874442,0.0,0.0,0.0,0.0,0.0,0.0,0.0,0.0,0.0,19.056471336613843,0.0,6.263162995639057,4.417150937053347,0.0,0.0,0.0,0.0,6.923737199690624,0.0,24.156144551436718,0.0,0.0,0.0,0.0,0.0,0.0,0.0,0.0,6.923737199690624,5.760247418874442,22.813048069615622,0.0,0.0,0.0,13.14,0.0,0.0,0.0,0.0,0.0,5.760247418874442,0.0,6.263162995639057,19.056471336613843,0.0,4.417150937053347,4.833333333333333,0.0,0.0,0.0,0.0,0.9675925925925928,3.787037037037037,1.662037037037037,1.9166666666666667,0.0,0.2,6,0,1,0,0,0,0,1,1,1,0,1,0,0,0,0,1,1.58802,23.444999999999993,0,0,0,0,0,0,0,0,0,0,0,0,0,0,0,0,0,0,0,0,0,0,0,0,0,0,0,0,0,0,1,0,0,0,0,0,0,0,0,0,0,0,1,0,0,0,0,0,0,0,0,0,0,0,0,0,0,0,0,0,0,0,0,0,0,0,0,0,0,0,0,0,0,0,0,0,0,0,0,0,0,0,0,0,0
3-Methylfuran,CC1=COC=C1,930-27-8,Biofuel,4.71412037037037,1.175925925925926,4.71412037037037,1.175925925925926,0.4628605847396023,82.10199999999999,76.054,82.041864812,32,0,0.0931155917807996,-0.4723500935427456,0.4723500935427456,0.0931155917807996,1.6666666666666667,2.5,2.6666666666666665,16.32336438190492,10.408060475222738,1.753583649585194,-1.631592827620701,1.929031261663488,-1.4786209432665753,4.9988331875827035,0.5652512286193355,3.049648321313926,107.4988650600484,4.405777393935816,3.6402990980327403,3.6402990980327403,2.893846850117352,1.882088123313991,1.882088123313991,1.3007002596966262,1.3007002596966262,0.6634344070931327,0.6634344070931327,0.3325013138175511,0.3325013138175511,-0.7200000000000001,33.548875021634686,3.4693939393939397,1.1675410767171084,0.432338837275346,36.590674497970404,4.417150937053347,0.0,0.0,0.0,0.0,0.0,0.0,0.0,0.0,0.0,0.0,18.55355575984923,0.0,12.526325991278114,4.417150937053347,0.0,0.0,0.0,0.0,6.923737199690624,0.0,24.156144551436718,0.0,0.0,0.0,0.0,0.0,0.0,0.0,0.0,6.923737199690624,5.563451491696996,23.00984399679307,0.0,0.0,0.0,13.14,0.0,0.0,0.0,0.0,0.0,0.0,5.563451491696996,12.526325991278114,12.990104268152233,0.0,4.417150937053347,4.71412037037037,0.0,0.0,0.0,1.175925925925926,0.0,1.9166666666666667,3.3703703703703702,1.9895833333333333,0.0,0.2,6,0,1,0,0,0,0,1,1,1,0,1,0,0,0,0,1,1.58802,23.444999999999993,0,0,0,0,0,0,0,0,0,0,0,0,0,0,0,0,0,0,0,0,0,0,0,0,0,0,0,0,0,0,1,0,0,0,0,0,0,0,0,0,0,0,1,0,0,0,0,0,0,0,0,0,0,0,0,0,0,0,0,0,0,0,0,0,0,0,0,0,0,0,0,0,0,0,0,0,0,0,0,0,0,0,0,0,0
"2,5-Dimethylfuran",CC1=CC=C(C)O1,625-86-5,Biofuel,5.083333333333333,0.9837962962962965,5.083333333333333,0.9837962962962965,0.4804036489034677,96.129,88.06499999999998,96.057514876,38,0,0.10057870797310317,-0.46669141350136323,0.46669141350136323,0.10057870797310317,1.1428571428571428,1.5714285714285714,1.7142857142857142,16.340678260079418,10.460267153111207,1.852215924160923,-1.7594908664718838,2.0169827380956793,-1.5344142336457822,5.022881260914839,0.5044422055929485,3.0420027674072885,136.46855847366513,5.276020881938894,4.562948828843115,4.562948828843115,3.287693700234704,2.3189318929868223,2.3189318929868223,1.6566962259983038,1.6566962259983038,0.8747247055843108,0.8747247055843108,0.5566833238403335,0.5566833238403335,-0.72,46.670482779147534,4.439235668789809,1.4107848491213335,0.8285542253028078,42.95561661236702,4.417150937053347,11.520494837748885,0.0,0.0,0.0,0.0,0.0,0.0,0.0,0.0,0.0,25.980208536304467,0.0,0.0,4.417150937053347,0.0,0.0,0.0,0.0,13.847474399381248,0.0,23.653228974672103,0.0,0.0,0.0,0.0,0.0,0.0,0.0,0.0,13.847474399381248,11.520494837748885,16.54988507397657,0.0,0.0,0.0,13.14,0.0,0.0,0.0,0.0,0.0,11.520494837748885,0.0,0.0,25.980208536304467,0.0,4.417150937053347,5.083333333333333,0.0,0.0,0.0,0.0,1.967592592592593,3.9074074074074074,0.0,3.875,0.0,0.3333333333333333,7,0,1,0,0,0,0,1,1,1,0,1,0,0,0,0,1,1.89644,28.181999999999988,0,0,0,0,0,0,0,0,0,0,0,0,0,0,0,0,0,0,0,0,0,0,0,0,0,0,0,0,0,0,2,0,0,0,0,0,0,0,0,0,0,0,1,0,0,0,0,0,0,0,0,0,0,0,0,0,0,0,0,0,0,0,0,0,0,0,0,0,0,0,0,0,0,0,0,0,0,0,0,0,0,0,0,0,0
"2,3-Dimethylfuran",CC1=C(C)C=CO1,14920-89-9,Not biofuel,4.96412037037037,1.013888888888889,4.96412037037037,1.013888888888889,0.4804036489034677,96.12899999999998,88.06499999999998,96.057514876,38,0,0.10307139431057805,-0.4693764408427642,0.4693764408427642,0.10307139431057805,1.4285714285714286,2.142857142857143,2.2857142857142856,16.332378967592913,10.302297106860538,1.8836854485018233,-1.787278827110719,2.038841035531648,-1.6334622464992432,5.113248303117949,0.5315513816783121,3.1179126764301257,136.46855847366513,5.276020881938894,4.562948828843115,4.562948828843115,3.3045304526403108,2.311834873555594,2.311834873555594,1.6597994800924958,1.6597994800924958,1.1181846637968424,1.1181846637968424,0.44844511628010975,0.44844511628010975,-0.72,49.54039820861129,4.439235668789809,1.4107848491213335,0.6596076099881095,42.95561661236702,4.417150937053347,5.760247418874442,0.0,0.0,0.0,0.0,0.0,0.0,0.0,0.0,0.0,25.477292959539852,0.0,6.263162995639057,4.417150937053347,0.0,0.0,0.0,0.0,13.847474399381248,0.0,23.653228974672103,0.0,0.0,0.0,0.0,0.0,0.0,0.0,0.0,13.847474399381248,11.323698910571437,16.746681001154013,0.0,0.0,0.0,13.14,0.0,0.0,0.0,0.0,0.0,5.760247418874442,5.563451491696996,6.263162995639057,19.913841467842857,0.0,4.417150937053347,4.96412037037037,0.0,0.0,0.0,1.2222222222222223,1.013888888888889,1.9537037037037037,1.699074074074074,3.980324074074074,0.0,0.3333333333333333,7,0,1,0,0,0,0,1,1,1,0,1,0,0,0,0,1,1.89644,28.181999999999988,0,0,0,0,0,0,0,0,0,0,0,0,0,0,0,0,0,0,0,0,0,0,0,0,0,0,0,0,0,0,2,0,0,0,0,0,0,0,0,0,0,0,1,0,0,0,0,0,0,0,0,0,0,0,0,0,0,0,0,0,0,0,0,0,0,0,0,0,0,0,0,0,0,0,0,0,0,0,0,0,0,0,0,0,0
"2,4-Dimethylfuran",CC1=CC(=CO1)C,3710-43-8,Biofuel,4.96412037037037,0.9837962962962964,4.96412037037037,0.9837962962962964,0.4804036489034677,96.12899999999999,88.06499999999998,96.057514876,38,0,0.1004502031757861,-0.4693768396143795,0.4693768396143795,0.1004502031757861,1.4285714285714286,2.142857142857143,2.2857142857142856,16.332337967940624,10.354261456464434,1.853727624502795,-1.6890680657642527,2.0170824470939133,-1.5338017929956342,5.077268652488941,0.5326156963542533,3.042002767407289,136.46855847366513,5.276020881938894,4.562948828843115,4.562948828843115,3.2876937002347035,2.305851809411886,2.305851809411886,1.7347071735737172,1.7347071735737172,0.8616446220093744,0.8616446220093744,0.5745510502873197,0.5745510502873197,-0.72,46.670482779147534,4.439235668789809,1.4107848491213335,0.8285542253028078,42.95561661236701,4.417150937053347,5.760247418874442,0.0,0.0,0.0,0.0,0.0,0.0,0.0,0.0,0.0,25.477292959539852,0.0,6.263162995639057,4.417150937053347,0.0,0.0,0.0,0.0,13.847474399381248,0.0,23.653228974672103,0.0,0.0,0.0,0.0,0.0,0.0,0.0,0.0,13.847474399381248,11.323698910571437,16.746681001154013,0.0,0.0,0.0,13.14,0.0,0.0,0.0,0.0,0.0,5.760247418874442,5.563451491696996,6.263162995639057,19.913841467842857,0.0,4.417150937053347,4.96412037037037,0.0,0.0,0.0,1.1921296296296298,0.9837962962962964,2.0,1.7453703703703702,3.9479166666666665,0.0,0.3333333333333333,7,0,1,0,0,0,0,1,1,1,0,1,0,0,0,0,1,1.89644,28.181999999999988,0,0,0,0,0,0,0,0,0,0,0,0,0,0,0,0,0,0,0,0,0,0,0,0,0,0,0,0,0,0,2,0,0,0,0,0,0,0,0,0,0,0,1,0,0,0,0,0,0,0,0,0,0,0,0,0,0,0,0,0,0,0,0,0,0,0,0,0,0,0,0,0,0,0,0,0,0,0,0,0,0,0,0,0,0
2-Ethylfuran,CCC1=CC=CO1,3208-16-0,Biofuel,4.982638888888889,0.9930555555555556,4.982638888888889,0.9930555555555556,0.5195790437613876,96.12899999999998,88.06499999999998,96.057514876,38,0,0.10298009445277806,-0.46937984635173974,0.46937984635173974,0.10298009445277806,1.7142857142857142,2.5714285714285716,2.857142857142857,16.332379335288273,10.367594844918584,1.8390445757916671,-1.790192166699196,1.976545116193683,-1.6610424943339084,4.96177381450653,0.5158605313983015,2.762608341443769,118.73595983423269,5.112884175122364,4.347405879219288,4.347405879219288,3.431851652578137,2.4558283786687483,2.4558283786687483,1.432916883402624,1.432916883402624,0.9285627862891374,0.9285627862891374,0.5137569180371341,0.5137569180371341,-0.72,66.31310982742876,4.439235668789809,1.8249824900374354,0.8285542253028078,42.95561661236702,4.417150937053347,5.760247418874442,0.0,0.0,0.0,0.0,0.0,0.0,0.0,0.0,6.923737199690624,12.13273413692322,6.4208216229260096,6.263162995639057,4.417150937053347,0.0,0.0,0.0,0.0,13.344558822616634,0.0,24.156144551436718,0.0,0.0,0.0,0.0,0.0,0.0,0.0,6.4208216229260096,0.0,12.683984618565066,22.813048069615622,0.0,0.0,0.0,13.14,0.0,0.0,0.0,0.0,0.0,12.181069041800452,0.0,6.263162995639057,12.13273413692322,6.923737199690624,4.417150937053347,4.982638888888889,0.0,0.0,0.0,0.0,1.0555555555555558,3.8738425925925926,2.6863425925925926,2.068287037037037,0.0,0.3333333333333333,7,0,1,0,0,0,0,1,1,1,0,1,1,0,0,0,1,1.842,28.08599999999999,0,0,0,0,0,0,0,0,0,0,0,0,0,0,0,0,0,0,0,0,0,0,0,0,0,0,0,0,0,0,1,0,0,0,0,0,0,0,0,0,0,0,1,0,0,0,0,0,0,0,0,0,0,0,0,0,0,0,0,0,0,0,0,0,0,0,0,0,0,0,0,0,0,0,0,0,0,0,0,0,0,0,0,0,0
"2,3,4-Trimethylfuran",CC1=C(C)C(=CO1)C,10599-57-2,Not biofuel,5.094907407407407,1.0300925925925926,5.094907407407407,1.0300925925925926,0.49868055815154294,110.15599999999998,100.07599999999998,110.07316494,44,0,0.10335167684706276,-0.46908863388624544,0.46908863388624544,0.10335167684706276,1.25,1.875,2.0,16.3329195955118,10.192287228186029,1.969092895452344,-1.8344816814061726,2.116766801456606,-1.7066095782794277,5.2281466107995325,0.5303541084279765,3.1949455021386375,166.76693767520084,6.146264369941973,5.485598559653489,5.485598559653489,3.71521405516327,2.7285015402222603,2.7285015402222603,2.0999011801356327,2.0999011801356327,1.5320784155622111,1.5320784155622111,0.6312159930993994,0.6312159930993994,-0.72,75.40505219661968,5.417362637362637,1.6566900331572019,0.6413937548409003,49.32055872676362,4.417150937053347,5.760247418874442,0.0,0.0,0.0,0.0,0.0,0.0,0.0,0.0,0.0,31.898114582465862,0.0,6.263162995639057,4.417150937053347,0.0,0.0,0.0,0.0,20.771211599071872,0.0,23.15031339790749,0.0,0.0,0.0,0.0,0.0,0.0,0.0,0.0,20.771211599071872,16.887150402268432,10.680313932692403,0.0,0.0,0.0,13.14,0.0,0.0,0.0,0.0,0.0,5.760247418874442,11.126902983393991,6.263162995639057,13.847474399381248,6.923737199690624,4.417150937053347,5.094907407407407,0.0,0.0,0.0,2.5069444444444446,1.0300925925925926,0.0,1.7824074074074074,6.085648148148149,0.0,0.42857142857142855,8,0,1,0,0,0,0,1,1,1,0,1,0,0,0,0,1,2.20486,32.91899999999998,0,0,0,0,0,0,0,0,0,0,0,0,0,0,0,0,0,0,0,0,0,0,0,0,0,0,0,0,0,0,2,0,0,0,0,0,0,0,0,0,0,0,1,0,0,0,0,0,0,0,0,0,0,0,0,0,0,0,0,0,0,0,0,0,0,0,0,0,0,0,0,0,0,0,0,0,0,0,0,0,0,0,0,0,0
"2,3,5-Trimethylfuran",CC1=CC(=C(C)O1)C,10504-04-8,Biofuel,5.21412037037037,1.0,5.21412037037037,1.0,0.49868055815154305,110.15599999999999,100.07599999999998,110.07316494,44,0,0.10347962740062999,-0.4664032567917562,0.4664032567917562,0.10347962740062999,1.25,1.875,2.0,16.34124847089434,10.27756876384059,1.9493063339611,-1.8000359883522825,2.1010422042597536,-1.6334626886482246,5.167786345105427,0.5024811864979838,3.1432884389630606,166.76693767520084,6.146264369941973,5.485598559653489,5.485598559653489,3.6983773027576627,2.735598559653489,2.735598559653489,2.0962489696779913,2.0962489696779913,1.2891754349934397,1.2891754349934397,0.7579643227716997,0.7579643227716997,-0.72,66.63043175066748,5.417362637362637,1.6566900331572019,0.7601569337558475,49.32055872676362,4.417150937053347,11.520494837748885,0.0,0.0,0.0,0.0,0.0,0.0,0.0,0.0,0.0,32.40103015923047,0.0,0.0,4.417150937053347,0.0,0.0,0.0,0.0,20.771211599071872,0.0,23.15031339790749,0.0,0.0,0.0,0.0,0.0,0.0,0.0,0.0,20.771211599071872,17.08394632944588,10.483518005514957,0.0,0.0,0.0,13.14,0.0,0.0,0.0,0.0,0.0,11.520494837748885,5.563451491696996,0.0,26.83757866753348,0.0,4.417150937053347,5.21412037037037,0.0,0.0,0.0,1.238425925925926,2.0300925925925926,2.037037037037037,0.0,5.980324074074074,0.0,0.42857142857142855,8,0,1,0,0,0,0,1,1,1,0,1,0,0,0,0,1,2.20486,32.91899999999998,0,0,0,0,0,0,0,0,0,0,0,0,0,0,0,0,0,0,0,0,0,0,0,0,0,0,0,0,0,0,3,0,0,0,0,0,0,0,0,0,0,0,1,0,0,0,0,0,0,0,0,0,0,0,0,0,0,0,0,0,0,0,0,0,0,0,0,0,0,0,0,0,0,0,0,0,0,0,0,0,0,0,0,0,0
2-Propylfuran,CCCC1=CC=CO1,4229-91-8,Biofuel,5.073888888888889,1.0625,5.073888888888889,1.0625,0.5686194675485515,110.15599999999996,100.07599999999998,110.07316494,44,0,0.10324528491494542,-0.46936900046315005,0.46936900046315005,0.10324528491494542,1.625,2.5,3.0,16.33242273408173,10.268607632427745,1.8830350829785658,-1.8534247850391155,2.0119110540363074,-1.7345915180815379,4.968939702981865,0.5061258766504815,2.500248651523409,130.10687160139648,5.819990956308912,5.054512660405836,5.054512660405836,3.931851652578137,2.9558283786687483,2.9558283786687483,1.82936349280935,1.82936349280935,1.0765007136731712,1.0765007136731712,0.7012309928516273,0.7012309928516273,-0.72,107.1071906974106,5.417362637362637,2.5536819995799207,1.1231183115338885,49.32055872676363,4.417150937053347,5.760247418874442,0.0,0.0,0.0,0.0,0.0,0.0,0.0,0.0,6.923737199690624,18.55355575984923,6.4208216229260096,6.263162995639057,4.417150937053347,0.0,0.0,0.0,0.0,19.765380445542643,0.0,24.156144551436718,0.0,0.0,0.0,0.0,0.0,0.0,0.0,6.4208216229260096,0.0,19.104806241491076,22.813048069615622,0.0,0.0,0.0,13.14,0.0,0.0,0.0,0.0,0.0,18.60189066472646,0.0,6.263162995639057,12.13273413692322,6.923737199690624,4.417150937053347,5.073888888888889,0.0,0.0,0.0,0.0,1.090277777777778,3.9250925925925926,3.9360185185185186,2.141388888888889,0.0,0.42857142857142855,8,0,1,0,0,0,0,1,1,1,0,1,2,0,0,0,1,2.2321,32.70299999999999,0,0,0,0,0,0,0,0,0,0,0,0,0,0,0,0,0,0,0,0,0,0,0,0,0,0,0,0,0,0,1,0,0,0,0,0,0,0,0,0,0,0,1,0,0,0,0,0,0,0,0,0,0,0,0,0,0,0,0,0,0,0,0,0,0,0,0,0,0,0,0,0,0,0,0,0,0,0,0,0,0,0,0,0,0
"2,3,4,5-Tetramethylfuran",CC1=C(C)C(=C(C)O1)C,10599-58-3,Not biofuel,5.344907407407407,1.0462962962962963,5.344907407407407,1.0462962962962963,0.5176059020033307,124.18299999999998,112.08699999999997,124.088815004,50,0,0.10375999824933552,-0.46611500998809874,0.46611500998809874,0.10375999824933552,0.7777777777777778,1.1111111111111112,1.2222222222222223,16.341832083283133,10.153056087475264,2.036317852815605,-1.8470703718670514,2.1782285090212032,-1.733694054540281,5.287991859207452,0.5007455835482238,3.2921656663149554,198.2166615309899,7.016507857945051,6.408248290463863,6.408248290463863,4.125897657686229,3.158248290463863,3.158248290463863,2.4644345083117605,2.4644345083117605,1.9248724356957947,1.9248724356957947,0.9108258812338204,0.9108258812338204,-0.72,109.16177843814495,6.400772946859902,1.903942959606998,0.8692656451303417,55.685500841160234,4.417150937053347,11.520494837748885,0.0,0.0,0.0,0.0,0.0,0.0,0.0,0.0,0.0,38.821851782156486,0.0,0.0,4.417150937053347,0.0,0.0,0.0,0.0,27.694948798762496,0.0,22.647397821142874,0.0,0.0,0.0,0.0,0.0,0.0,0.0,0.0,27.694948798762496,22.647397821142874,4.417150937053347,0.0,0.0,0.0,13.14,0.0,0.0,0.0,0.0,0.0,11.520494837748885,11.126902983393991,0.0,13.847474399381248,13.847474399381248,4.417150937053347,5.344907407407407,0.0,0.0,0.0,2.5694444444444446,2.0925925925925926,0.0,0.0,8.159722222222221,0.0,0.5,9,0,1,0,0,0,0,1,1,1,0,1,0,0,0,0,1,2.513280000000001,37.656,0,0,0,0,0,0,0,0,0,0,0,0,0,0,0,0,0,0,0,0,0,0,0,0,0,0,0,0,0,0,2,0,0,0,0,0,0,0,0,0,0,0,1,0,0,0,0,0,0,0,0,0,0,0,0,0,0,0,0,0,0,0,0,0,0,0,0,0,0,0,0,0,0,0,0,0,0,0,0,0,0,0,0,0,0
2-Butylfuran,CCCCC1=CC=CO1,4466-24-4,Biofuel,5.135555555555555,1.0868055555555556,5.135555555555555,1.0868055555555556,0.6033106231949554,124.18299999999996,112.08699999999997,124.088815004,50,0,0.10325553779461026,-0.4693688155339281,0.4693688155339281,0.10325553779461026,1.5555555555555556,2.4444444444444446,3.0,16.332428305364612,10.204159431463584,1.9078878010273344,-1.896210609637737,2.0365525446998403,-1.7736868568202802,4.970908684096438,0.5003437111719085,2.300190124309911,141.6110615387331,6.52709773749546,5.761619441592384,5.761619441592384,4.431851652578137,3.4558283786687483,3.4558283786687483,2.182916883402624,2.182916883402624,1.3568307995630817,1.3568307995630817,0.805838904499561,0.805838904499561,-0.72,187.47026788919595,6.400772946859902,3.333916468489892,1.920494178564399,55.685500841160234,4.417150937053347,5.760247418874442,0.0,0.0,0.0,0.0,0.0,0.0,0.0,0.0,13.344558822616634,18.55355575984923,6.4208216229260096,6.263162995639057,4.417150937053347,0.0,0.0,0.0,0.0,26.186202068468653,0.0,24.156144551436718,0.0,0.0,0.0,0.0,0.0,0.0,0.0,6.4208216229260096,0.0,25.525627864417086,22.813048069615622,0.0,0.0,0.0,13.14,0.0,0.0,0.0,0.0,0.0,12.181069041800452,12.841643245852019,6.263162995639057,12.13273413692322,6.923737199690624,4.417150937053347,5.135555555555555,0.0,0.0,0.0,0.0,1.1081944444444445,3.958981481481482,5.280462962962963,2.183472222222222,0.0,0.5,9,0,1,0,0,0,0,1,1,1,0,1,3,0,0,0,1,2.622200000000001,37.32000000000001,0,0,0,0,0,0,0,0,0,0,0,0,0,0,0,0,0,0,0,0,0,0,0,0,0,0,0,0,0,0,1,0,0,0,0,0,0,0,0,0,0,0,1,0,0,0,0,0,0,0,0,0,0,0,0,0,0,0,0,0,0,0,0,0,0,0,0,0,0,0,0,0,0,0,0,0,0,0,0,0,0,0,0,0,0
2-Isobutylfuran,CC(C)CC1=CC=CO1,4229-92-9,Not biofuel,5.1443055555555555,0.6908796296296296,5.1443055555555555,0.6908796296296296,0.5899426012703496,124.18299999999996,112.08699999999997,124.088815004,50,0,0.10351156903756732,-0.4693580782170193,0.4693580782170193,0.10351156903756732,1.5555555555555556,2.3333333333333335,2.7777777777777777,16.3324717121268,10.107077359225828,1.9703118971840619,-1.9743029182022447,2.0644182569326763,-1.8996454135893441,4.978016443735436,0.4722361415826046,2.477963935223384,151.08538089985248,6.69023444431199,5.924756148408915,5.924756148408915,4.287693700234704,3.311670426325316,3.311670426325316,2.6773344881586336,2.6773344881586336,1.1895338277547534,1.1895338277547534,0.8310952857446714,0.8310952857446714,-0.72,144.18497538897435,6.400772946859902,2.7168423443201255,1.920494178564399,55.685500841160234,4.417150937053347,5.760247418874442,0.0,0.0,0.0,0.0,0.0,0.0,0.0,0.0,13.847474399381248,18.050640183084614,6.4208216229260096,6.263162995639057,4.417150937053347,0.0,0.0,0.0,5.917906046161393,20.268296022307258,0.0,24.156144551436718,0.0,0.0,0.0,0.0,0.0,0.0,0.0,6.4208216229260096,5.917906046161393,19.60772181825569,22.813048069615622,0.0,0.0,0.0,13.14,0.0,0.0,0.0,0.0,5.917906046161393,12.181069041800452,0.0,6.263162995639057,12.13273413692322,13.847474399381248,4.417150937053347,5.1443055555555555,0.0,0.0,0.0,0.0,1.7788425925925928,3.942175925925926,2.7685648148148148,4.3661111111111115,0.0,0.5,9,0,1,0,0,0,0,1,1,1,0,1,2,0,0,0,1,2.4781000000000004,37.25,0,0,0,0,0,0,0,0,0,0,0,0,0,0,0,0,0,0,0,0,0,0,0,0,0,0,0,0,0,0,0,0,0,0,0,0,0,0,0,0,0,0,1,0,0,0,0,0,0,0,0,0,0,0,0,0,0,0,0,0,0,0,0,0,0,0,0,0,0,0,0,0,0,0,0,0,0,0,0,0,0,0,0,0,0
"2,2'-Oxybis(methylene)dihydrofuran",C(OCC1=CC=CO1)C2=CC=CO2,4437-22-3,Not biofuel,5.334907407407408,0.47986111111111107,5.334907407407408,0.47986111111111107,0.7213532648928302,178.18699999999998,168.10699999999997,178.06299418,68,0,0.12895081380401838,-0.4668980744139287,0.4668980744139287,0.12895081380401838,0.9230769230769231,1.4615384615384615,1.8461538461538463,16.4948947032842,10.443088629039602,1.9739241747215606,-1.9751218312730812,2.0580694845185636,-1.9029399231552666,4.976637703162954,0.0803380140028897,1.7582787523684806,286.69322131442874,8.932875131431278,7.1030600489024405,7.1030600489024405,6.449489742783179,4.074793464154028,4.074793464154028,2.651526265445445,2.651526265445445,1.6488440896159544,1.6488440896159544,1.0416268354600746,1.0416268354600746,-1.4799999999999998,2109.2524608324447,8.133459359593342,3.958277181422042,2.2264500930638293,75.92058531201475,13.571164827906742,24.734258766774722,0.0,0.0,0.0,0.0,0.0,0.0,0.0,0.0,0.0,24.26546827384644,0.0,12.526325991278114,13.571164827906742,0.0,0.0,0.0,0.0,13.213763929025836,0.0,48.312289102873436,0.0,0.0,0.0,0.0,0.0,0.0,0.0,17.950626882825887,0.0,11.520494837748885,45.62609613923125,0.0,0.0,0.0,35.510000000000005,0.0,0.0,0.0,0.0,13.213763929025836,11.520494837748885,0.0,12.526325991278114,24.26546827384644,0.0,13.571164827906742,15.529511526832955,0.0,0.0,0.0,0.0,1.6510298563869994,7.431987433862433,3.2610822940287227,0.9597222222222221,0.0,0.2,13,0,3,0,0,0,0,2,2,3,0,3,4,0,0,0,2,2.5894000000000004,45.90900000000003,0,0,0,0,0,0,0,0,0,0,0,0,0,0,0,0,0,0,0,0,0,0,0,0,0,0,0,0,0,0,0,0,0,0,0,0,0,0,0,0,0,1,2,0,0,0,0,0,0,0,0,0,0,0,0,0,0,0,0,0,0,0,0,0,0,0,0,0,0,0,0,0,0,0,0,0,0,0,0,0,0,0,0,0,0
Phenol,C1=CC=C(C=C1)O,108-95-2,Biofuel,8.632222222222222,0.3217592592592595,8.632222222222222,0.3217592592592595,0.514729544768675,94.11299999999997,88.06499999999998,94.041864812,36,0,0.11507481947527982,-0.5079669948663066,0.5079669948663066,0.11507481947527982,1.0,1.5714285714285714,1.8571428571428572,16.254620152063808,10.346234440824086,1.7432187000138564,-1.8193535764132127,2.0225737403160666,-1.559498924160049,5.1797398060365785,0.4751166825208842,3.0214653097240864,134.10736969541455,5.112884175122364,3.833964941448087,3.833964941448087,3.393846850117352,2.1342904002729384,2.1342904002729384,1.3355491589367874,1.3355491589367874,0.756193600181959,0.756193600181959,0.4279941042701235,0.4279941042701235,-0.98,47.19725257297226,4.18611295681063,1.6461962159398054,0.9290591797144502,42.22563687169298,5.106527394840706,5.749511833283905,0.0,0.0,0.0,0.0,0.0,0.0,0.0,0.0,18.19910120538483,12.13273413692322,0.0,0.0,5.106527394840706,0.0,0.0,0.0,0.0,0.0,0.0,30.33183534230805,0.0,5.749511833283905,0.0,0.0,5.749511833283905,0.0,5.106527394840706,0.0,0.0,0.0,30.33183534230805,0.0,0.0,0.0,20.23,0.0,0.0,0.0,0.0,5.749511833283905,0.0,0.0,24.26546827384644,6.06636706846161,0.0,5.106527394840706,0.0,0.0,0.0,8.632222222222222,0.0,0.3217592592592595,8.712685185185185,0.0,0.0,0.0,0.0,7,1,1,0,0,0,1,0,1,1,1,1,0,0,0,0,1,1.3921999999999997,28.106799999999993,0,0,0,0,0,0,0,1,0,0,0,0,0,0,0,0,0,0,0,0,0,0,0,0,0,0,0,0,0,0,0,0,0,0,1,0,0,0,0,0,0,0,0,0,0,0,0,0,0,0,0,0,0,0,0,0,0,0,0,0,0,0,0,0,1,1,1,0,0,0,0,0,0,0,0,0,0,0,0,0,0,0,0,0,0
Anisole,COC1=CC=CC=C1,100-66-3,Biofuel,4.914166666666667,0.9097222222222223,4.914166666666667,0.9097222222222223,0.5316253154127668,108.13999999999997,100.07599999999998,108.057514876,42,0,0.11835771513702235,-0.4967685686134767,0.4967685686134767,0.11835771513702235,1.125,1.75,2.125,16.465240463867097,10.341905912721627,1.7971474404811068,-1.9345412245137041,2.0496311270648695,-1.7796390621257159,5.198905536384115,0.4145702171982055,2.8320858350070908,145.73281445033504,5.819990956308912,4.794999636411992,4.794999636411992,3.931851652578137,2.5230560382187543,2.5230560382187543,1.5171766748170736,1.5171766748170736,0.9789074255654433,0.9789074255654433,0.5565779913075294,0.5565779913075294,-0.9800000000000001,91.36757727918736,5.162450142450142,2.3586048594225155,0.9971092570832982,48.90989046340045,4.736862953800049,5.749511833283905,0.0,0.0,0.0,0.0,0.0,0.0,0.0,0.0,18.19910120538483,12.13273413692322,0.0,7.109797541277533,4.736862953800049,0.0,0.0,0.0,0.0,0.0,7.109797541277533,30.33183534230805,0.0,5.749511833283905,4.736862953800049,0.0,5.749511833283905,0.0,7.109797541277533,0.0,0.0,0.0,30.33183534230805,0.0,0.0,0.0,9.23,0.0,0.0,0.0,0.0,0.0,5.749511833283905,0.0,7.109797541277533,30.33183534230805,0.0,4.736862953800049,4.914166666666667,0.0,0.0,0.0,0.0,0.9097222222222223,9.680740740740742,0.0,0.0,1.662037037037037,0.14285714285714285,8,0,1,0,0,0,1,0,1,1,0,1,1,0,0,0,1,1.6952,32.99399999999999,0,0,0,0,0,0,0,0,0,0,0,0,0,0,0,0,0,0,0,0,0,0,0,0,0,0,0,0,0,0,0,0,0,0,1,0,0,0,0,0,0,1,0,0,0,0,0,0,0,0,0,0,0,0,0,1,0,0,0,0,0,0,0,0,1,0,0,0,0,0,0,0,0,0,0,0,0,0,0,0,0,0,0,0,0
Benzyl alcohol,C1=CC=C(C=C1)CO,100-51-6,Biofuel,8.537592592592592,0.1397222222222223,8.537592592592592,0.1397222222222223,0.5723436119287516,108.13999999999997,100.07599999999998,108.057514876,42,0,0.06813693972174781,-0.3916804684282009,0.3916804684282009,0.06813693972174781,1.125,1.75,2.125,16.250243496756667,10.226480034689379,1.8063014821023533,-1.887328946978376,1.9491003361878607,-1.7726836754112498,5.124430982766703,0.28160926643985446,2.8320858350070903,145.73281445033504,5.819990956308912,4.541071722634635,4.541071722634635,3.931851652578137,2.580464759133071,2.580464759133071,1.6437124426619083,1.6437124426619083,1.0253988479125442,1.0253988479125442,0.5834198265146368,0.5834198265146368,-0.8200000000000001,91.36757727918736,5.319275766016713,2.4782287289052554,1.073981896801325,48.59057898608958,5.106527394840706,0.0,0.0,0.0,0.0,0.0,0.0,0.0,0.0,0.0,30.33183534230805,5.563451491696996,0.0,6.606881964512918,5.106527394840706,0.0,0.0,0.0,0.0,6.606881964512918,0.0,35.89528683400505,0.0,0.0,0.0,0.0,0.0,0.0,5.106527394840706,6.606881964512918,0.0,5.563451491696996,30.33183534230805,0.0,0.0,0.0,20.23,0.0,0.0,0.0,6.606881964512918,0.0,5.563451491696996,0.0,0.0,30.33183534230805,0.0,5.106527394840706,0.0,0.0,0.0,8.537592592592592,0.9652777777777779,0.0,9.524074074074075,0.0,0.1397222222222223,0.0,0.14285714285714285,8,1,1,0,0,0,1,0,1,1,1,1,1,0,0,0,1,1.1788999999999998,32.364799999999995,0,1,1,0,0,0,0,0,0,0,0,0,0,0,0,0,0,0,0,0,0,0,0,0,0,0,0,0,0,0,0,0,0,0,1,0,0,0,0,0,0,0,0,0,0,0,0,0,0,0,0,0,0,0,0,0,0,0,0,0,0,0,0,0,0,0,0,0,0,0,0,0,0,0,0,0,0,0,0,0,0,0,0,0,0
O-Cresol,CC1=CC=CC=C1O,95-48-7,Biofuel,8.91925925925926,0.3680555555555558,8.91925925925926,0.3680555555555558,0.5359354364287862,108.13999999999999,100.07599999999998,108.057514876,42,0,0.11797961868439863,-0.5076872844527907,0.5076872844527907,0.11797961868439863,1.25,1.875,2.25,16.25527441287757,10.214592440524152,1.864690118404954,-1.9179349866154642,2.11713145249927,-1.683916199243291,5.292269352359672,0.47091519494026174,3.134861511345448,160.49662946459569,5.983127663125442,4.756614672258461,4.756614672258461,3.804530452640311,2.5509570669396053,2.5509570669396053,1.78648662573128,1.78648662573128,1.1154541553668325,1.1154541553668325,0.5634205269554476,0.5634205269554476,-0.98,72.49526582754562,5.162450142450142,1.8646221994975438,0.808016780809638,48.59057898608958,5.106527394840706,5.749511833283905,0.0,0.0,0.0,0.0,0.0,0.0,0.0,0.0,18.19910120538483,18.55355575984923,0.0,0.0,5.106527394840706,0.0,0.0,0.0,0.0,6.923737199690624,0.0,29.828919765543436,0.0,5.749511833283905,0.0,0.0,5.749511833283905,0.0,5.106527394840706,0.0,6.923737199690624,5.563451491696996,24.26546827384644,0.0,0.0,0.0,20.23,0.0,0.0,0.0,0.0,5.749511833283905,5.563451491696996,0.0,6.06636706846161,25.122838405075452,0.0,5.106527394840706,0.0,0.0,0.0,8.91925925925926,0.9236111111111113,0.3680555555555558,7.252037037037036,0.0,1.8703703703703702,0.0,0.14285714285714285,8,1,1,0,0,0,1,0,1,1,1,1,0,0,0,0,1,1.70062,32.843799999999995,0,0,0,0,0,0,0,1,0,0,0,0,0,0,0,0,0,0,0,0,0,0,0,0,0,0,0,0,0,0,1,0,0,0,1,0,0,0,0,0,0,0,0,0,0,0,0,0,0,0,0,0,0,0,0,0,0,0,0,0,0,0,0,0,1,1,1,0,0,0,0,0,0,0,0,0,0,0,0,0,0,0,0,0,0
M-Cresol,CC1=CC(=CC=C1)O,108-39-4,Biofuel,8.813055555555556,0.33796296296296324,8.813055555555556,0.33796296296296324,0.5359354364287862,108.13999999999997,100.07599999999998,108.057514876,42,0,0.11533965245343211,-0.5079565717457838,0.5079565717457838,0.11533965245343211,1.375,2.125,2.5,16.254656663338768,10.224553205488641,1.826185111866426,-1.8942898431050263,2.0782394469439156,-1.6646216320811125,5.250714755330712,0.4746651853356807,3.077660437970554,164.24662946459569,5.983127663125442,4.756614672258461,4.756614672258461,3.7876937002347035,2.5449740027958976,2.5449740027958976,1.8390034826307355,1.8390034826307355,1.001656401777274,1.001656401777274,0.6279702493922379,0.6279702493922379,-0.98,64.0524865010122,5.162450142450142,1.8646221994975438,0.9971092570832982,48.59057898608958,5.106527394840706,5.749511833283905,0.0,0.0,0.0,0.0,0.0,0.0,0.0,0.0,12.13273413692322,24.619922828310838,0.0,0.0,5.106527394840706,0.0,0.0,0.0,0.0,6.923737199690624,0.0,29.828919765543436,0.0,5.749511833283905,0.0,0.0,5.749511833283905,0.0,5.106527394840706,0.0,6.923737199690624,5.563451491696996,24.26546827384644,0.0,0.0,0.0,20.23,0.0,0.0,0.0,0.0,5.749511833283905,5.563451491696996,0.0,12.13273413692322,19.056471336613843,0.0,5.106527394840706,0.0,0.0,0.0,8.813055555555556,1.0879629629629632,0.33796296296296324,7.150185185185186,0.0,1.9441666666666666,0.0,0.14285714285714285,8,1,1,0,0,0,1,0,1,1,1,1,0,0,0,0,1,1.7006199999999996,32.843799999999995,0,0,0,0,0,0,0,1,0,0,0,0,0,0,0,0,0,0,0,0,0,0,0,0,0,0,0,0,0,0,1,0,0,0,1,0,0,0,0,0,0,0,0,0,0,0,0,0,0,0,0,0,0,0,0,0,0,0,0,0,0,0,0,0,0,1,1,0,0,0,0,0,0,0,0,0,0,0,0,0,0,0,0,0,0
P-Cresol,CC1=CC=C(C=C1)O,106-44-5,Biofuel,8.756666666666668,0.3292592592592596,8.756666666666668,0.3292592592592596,0.5359354364287862,108.13999999999999,100.07599999999998,108.057514876,42,0,0.11509448895139268,-0.5079666481555334,0.5079666481555334,0.11509448895139268,1.125,1.625,2.0,16.254628518288314,10.227242689963592,1.8155373233666154,-1.887893407206538,2.068038976596898,-1.6594050791138772,5.2397309880346254,0.4749476246687394,3.0324555320336755,143.24662946459569,5.983127663125442,4.756614672258461,4.756614672258461,3.787693700234704,2.5449740027958976,2.5449740027958976,1.8355491589367872,1.8355491589367872,1.0339713779597368,1.0339713779597368,0.5447634667576462,0.5447634667576462,-0.98,70.79892376087899,5.162450142450142,1.8646221994975438,0.9971092570832982,48.59057898608958,5.106527394840706,5.749511833283905,0.0,0.0,0.0,0.0,0.0,0.0,0.0,0.0,17.696185628620217,19.056471336613843,0.0,0.0,5.106527394840706,0.0,0.0,0.0,0.0,6.923737199690624,0.0,29.828919765543436,0.0,5.749511833283905,0.0,0.0,5.749511833283905,0.0,5.106527394840706,0.0,6.923737199690624,5.563451491696996,24.26546827384644,0.0,0.0,0.0,20.23,0.0,0.0,0.0,0.0,5.749511833283905,0.0,5.563451491696996,12.13273413692322,19.056471336613843,0.0,5.106527394840706,0.0,0.0,0.0,8.756666666666668,1.1692592592592594,0.3292592592592596,7.092592592592593,0.0,1.9855555555555555,0.0,0.14285714285714285,8,1,1,0,0,0,1,0,1,1,1,1,0,0,0,0,1,1.7006199999999996,32.843799999999995,0,0,0,0,0,0,0,1,0,0,0,0,0,0,0,0,0,0,0,0,0,0,0,0,0,0,0,0,0,0,1,0,0,0,1,0,0,0,0,0,0,0,0,0,0,0,0,0,0,0,0,0,0,0,0,0,0,0,0,0,0,0,0,0,0,1,1,0,0,0,0,0,0,0,0,0,0,0,0,0,0,0,0,0,0
Benzaldehyde,C1=CC=C(C=C1)C=O,100-52-7,Biofuel,10.006481481481481,0.7291666666666669,10.006481481481481,0.7291666666666669,0.4956362681365689,106.12399999999997,100.07599999999998,106.041864812,40,0,0.14954802883036308,-0.2978964116504968,0.2978964116504968,0.14954802883036308,1.125,1.75,2.125,16.128918620598032,10.236032132295671,1.7947307206774124,-1.814861063410933,1.9099593255102678,-1.7250862341623157,5.7375750026284,0.11183469450156037,2.9910469146846217,167.00151696675914,5.819990956308912,4.3723499056016175,4.3723499056016175,3.931851652578137,2.4350609975132884,2.4350609975132884,1.5285347327207177,1.5285347327207177,0.9356552548998028,0.9356552548998028,0.5316063389306863,0.5316063389306863,-1.11,91.36757727918736,5.035137880986937,2.262450086021194,0.936277398677246,47.95786733393734,0.0,6.286160523129555,0.0,0.0,0.0,0.0,4.794537184071822,0.0,0.0,0.0,30.33183534230805,0.0,5.563451491696996,0.0,4.794537184071822,6.286160523129555,0.0,0.0,0.0,0.0,0.0,35.89528683400505,0.0,0.0,0.0,0.0,0.0,0.0,6.286160523129555,0.0,0.0,10.357988675768818,30.33183534230805,0.0,0.0,0.0,17.07,0.0,4.794537184071822,0.0,0.0,0.0,11.849612014826551,0.0,12.13273413692322,18.19910120538483,0.0,0.0,0.0,0.0,10.006481481481481,0.0,0.7291666666666669,0.0,9.097685185185185,0.8333333333333333,0.0,0.0,0.0,8,0,1,0,0,0,1,0,1,1,0,1,1,0,0,0,1,1.4990999999999999,31.829499999999996,0,0,0,0,0,0,0,0,0,0,1,1,0,0,0,0,0,0,0,0,0,0,0,1,0,0,0,0,0,0,0,0,0,0,1,0,0,0,0,0,0,0,0,0,0,0,0,0,0,0,0,0,0,0,0,0,0,0,0,0,0,0,0,0,0,0,0,0,0,0,0,0,0,0,0,0,0,0,0,0,0,0,0,0,0
Phenetole,CCOC1=CC=CC=C1,103-73-1,Biofuel,5.2058333333333335,0.7400925925925926,5.2058333333333335,0.7400925925925926,0.5832071586937729,122.16699999999996,112.08699999999997,122.07316494,48,0,0.11876930548015822,-0.49389011429960394,0.49389011429960394,0.11876930548015822,1.2222222222222223,1.8888888888888888,2.4444444444444446,16.476003995268037,10.338990687468797,1.8328895846067013,-1.9861953922823021,2.0637466656506582,-1.8880488950856402,5.201365463441659,0.34003308027213747,2.61489994009295,157.4784207656209,6.52709773749546,5.50210641759854,5.50210641759854,4.431851652578137,3.1105896635362518,3.1105896635362518,1.7460652314773615,1.7460652314773615,1.0542093991340007,1.0542093991340007,0.6833869393511794,0.6833869393511794,-0.9800000000000001,145.16653667335345,6.144688279301746,3.1269217948780974,1.7620129800279678,55.274832577797056,4.736862953800049,5.749511833283905,0.0,0.0,0.0,0.0,0.0,0.0,0.0,0.0,18.19910120538483,19.056471336613843,0.0,6.606881964512918,4.736862953800049,0.0,0.0,0.0,0.0,6.923737199690624,6.606881964512918,30.33183534230805,0.0,5.749511833283905,4.736862953800049,0.0,5.749511833283905,0.0,6.606881964512918,0.0,0.0,6.923737199690624,30.33183534230805,0.0,0.0,0.0,9.23,0.0,0.0,0.0,0.0,0.0,12.356393797796823,0.0,0.0,37.255572541998674,0.0,4.736862953800049,5.2058333333333335,0.0,0.0,0.0,0.0,0.9444444444444446,9.79712962962963,0.0,2.7192592592592595,0.0,0.25,9,0,1,0,0,0,1,0,1,1,0,1,2,0,0,0,1,2.0853,37.61100000000001,0,0,0,0,0,0,0,0,0,0,0,0,0,0,0,0,0,0,0,0,0,0,0,0,0,0,0,0,0,0,0,0,0,0,1,0,0,0,0,0,0,1,0,0,0,0,0,0,0,0,0,0,0,0,0,0,0,0,0,0,0,0,0,0,1,0,0,0,0,0,0,0,0,0,0,0,0,0,0,0,0,0,0,0,0
4-Methylanisole,CC1=CC=C(C=C1)OC,104-93-8,Biofuel,4.969166666666666,0.9172222222222224,4.969166666666666,0.9172222222222224,0.5532379862472909,122.16699999999999,112.08699999999997,122.07316494,48,0,0.11837738457272944,-0.49676822175454044,0.49676822175454044,0.11837738457272944,1.1111111111111112,1.6666666666666667,2.111111111111111,16.46524673659835,10.225114531068288,1.8507724978319353,-1.9658828908870347,2.088570334205118,-1.8009364076282444,5.2538012828086185,0.4144614543051057,2.8815558776461367,176.26405299160075,6.69023444431199,5.717649367222366,5.717649367222366,4.325698502695489,2.933739640741713,2.933739640741713,2.017176674817074,2.017176674817074,1.2566852033432208,1.2566852033432208,0.6743520127395849,0.6743520127395849,-0.98,129.22533870330605,6.144688279301746,2.533930223385564,1.4567376919048354,55.274832577797056,4.736862953800049,5.749511833283905,0.0,0.0,0.0,0.0,0.0,0.0,0.0,0.0,17.696185628620217,19.056471336613843,0.0,7.109797541277533,4.736862953800049,0.0,0.0,0.0,0.0,6.923737199690624,7.109797541277533,29.828919765543436,0.0,5.749511833283905,4.736862953800049,0.0,5.749511833283905,0.0,7.109797541277533,0.0,6.923737199690624,5.563451491696996,24.26546827384644,0.0,0.0,0.0,9.23,0.0,0.0,0.0,0.0,0.0,5.749511833283905,5.563451491696996,7.109797541277533,24.26546827384644,6.923737199690624,4.736862953800049,4.969166666666666,0.0,0.0,0.0,1.2600000000000002,0.9172222222222224,7.960648148148148,0.0,2.055,1.6712962962962963,0.25,9,0,1,0,0,0,1,0,1,1,0,1,1,0,0,0,1,2.0036199999999997,37.73100000000001,0,0,0,0,0,0,0,0,0,0,0,0,0,0,0,0,0,0,0,0,0,0,0,0,0,0,0,0,0,0,1,0,0,0,1,0,0,0,0,0,0,1,0,0,0,0,0,0,0,0,0,0,0,0,0,1,0,0,0,0,0,0,0,0,0,0,0,0,0,0,0,0,0,0,0,0,0,0,0,0,0,0,0,0,0
1-Phenylethanol,CC(C1=CC=CC=C1)O,98-85-1,Biofuel,9.023703703703704,-0.3414814814814817,9.023703703703704,0.3414814814814817,0.6011560814583123,122.16699999999996,112.08699999999997,122.07316494,48,0,0.07614397553191857,-0.3887122290252251,0.3887122290252251,0.07614397553191857,1.2222222222222223,1.7777777777777777,2.111111111111111,16.265015360384407,10.136287556088323,1.9464895597836622,-2.004426538139198,2.084916698572398,-1.8741729757183663,5.156940867830354,0.1990721244478216,2.848234050597751,167.1823264341432,6.69023444431199,5.411315210637714,5.411315210637714,4.304530452640311,3.0349078960545595,3.0349078960545595,2.0866570717385144,2.0866570717385144,1.281977023245168,1.281977023245168,0.73155530511111,0.73155530511111,-0.8200000000000001,129.22533870330605,6.302249388753057,2.6460974753069504,1.5413467698836087,54.95552110048619,5.106527394840706,0.0,0.0,0.0,0.0,0.0,0.0,0.0,0.0,0.0,30.33183534230805,12.487188691387619,0.0,6.103966387748303,5.106527394840706,0.0,0.0,0.0,0.0,13.027703587438927,0.0,35.89528683400505,0.0,0.0,0.0,0.0,0.0,0.0,5.106527394840706,0.0,0.0,18.591155079135923,30.33183534230805,0.0,0.0,0.0,20.23,0.0,0.0,0.0,6.103966387748303,0.0,5.563451491696996,0.0,6.923737199690624,30.33183534230805,0.0,5.106527394840706,0.0,0.0,0.0,9.023703703703704,0.9699074074074077,0.0,9.58861111111111,-0.3414814814814817,1.7592592592592593,0.0,0.25,9,1,1,0,0,0,1,0,1,1,1,1,1,0,0,0,1,1.7399,37.0758,0,1,1,0,0,0,0,0,0,0,0,0,0,0,0,0,0,0,0,0,0,0,0,0,0,0,0,0,0,0,0,0,0,0,1,0,0,0,0,0,0,0,0,0,0,0,0,0,0,0,0,0,0,0,0,0,0,0,0,0,0,0,0,0,0,0,0,0,0,0,0,0,0,0,0,0,0,0,0,0,0,0,0,0,0
2-Phenylethanol ,C1=CC=C(C=C1)CCO,1960/12/8,Biofuel,8.519688208616781,0.24009259259259252,8.519688208616781,0.24009259259259252,0.6249752698115418,122.16699999999997,112.08699999999997,122.07316494,48,0,0.04709448741986935,-0.3960313152991432,0.3960313152991432,0.04709448741986935,1.1111111111111112,1.7777777777777777,2.3333333333333335,16.249950507455196,10.160386613032687,1.8487273253644452,-1.9290453238323406,1.967945528908244,-1.8758469596295992,5.138812350059321,0.2994023147340503,2.61489994009295,157.4784207656209,6.52709773749546,5.248178503821183,5.248178503821183,4.431851652578137,3.080464759133071,3.080464759133071,1.9592053574034682,1.9592053574034682,1.2433031955472913,1.2433031955472913,0.7737766827159379,0.7737766827159379,-0.8200000000000001,145.16653667335345,6.302249388753057,3.2539886368490754,1.8590386018272278,54.955521100486195,5.106527394840706,0.0,0.0,0.0,0.0,0.0,0.0,0.0,0.0,0.0,30.33183534230805,11.984273114623004,6.606881964512918,0.0,5.106527394840706,0.0,0.0,0.0,0.0,6.4208216229260096,6.606881964512918,35.89528683400505,0.0,0.0,0.0,0.0,0.0,0.0,11.713409359353623,6.4208216229260096,0.0,5.563451491696996,30.33183534230805,0.0,0.0,0.0,20.23,0.0,0.0,0.0,6.606881964512918,0.0,6.4208216229260096,5.563451491696996,0.0,30.33183534230805,0.0,5.106527394840706,0.0,0.0,0.0,8.519688208616781,1.1944444444444446,0.0,9.947719198790626,0.7647222222222222,0.24009259259259252,0.0,0.25,9,1,1,0,0,0,1,0,1,1,1,1,2,0,0,0,1,1.2213999999999998,37.23180000000001,0,1,1,0,0,0,0,0,0,0,0,0,0,0,0,0,0,0,0,0,0,0,0,0,0,0,0,0,0,0,0,0,0,0,1,0,0,0,0,0,0,0,0,0,0,0,0,0,0,0,0,0,0,0,0,0,0,0,0,0,0,0,0,0,0,0,0,0,0,0,0,0,0,0,0,0,0,0,0,0,0,0,0,0,0
"2,4-Xylenol",CC1=CC(=C(C=C1)O)C,105-67-9,Biofuel,9.043703703703704,0.37555555555555586,9.043703703703704,0.37555555555555586,0.5577043959706656,122.16699999999997,112.08699999999997,122.07316494,48,0,0.11799932341781073,-0.5076869366940918,0.5076869366940918,0.11799932341781073,1.2222222222222223,1.8888888888888888,2.3333333333333335,16.255283231028788,10.141013979595725,1.9121012180816046,-1.9662802561396768,2.1503676551195547,-1.7478908746833306,5.3353432292900465,0.4707220428245064,3.171678030440915,215.80766205433733,6.8533711511285205,5.679264403068836,5.679264403068836,4.198377302757662,2.961640669462564,2.961640669462564,2.2899409494252287,2.2899409494252287,1.3522952509676334,1.3522952509676334,0.805386579086908,0.805386579086908,-0.98,104.20091930659319,6.144688279301746,2.094917408045428,1.2244346499594405,54.955521100486195,5.106527394840706,5.749511833283905,0.0,0.0,0.0,0.0,0.0,0.0,0.0,0.0,17.696185628620217,25.477292959539852,0.0,0.0,5.106527394840706,0.0,0.0,0.0,0.0,13.847474399381248,0.0,29.32600418877882,0.0,5.749511833283905,0.0,0.0,5.749511833283905,0.0,5.106527394840706,0.0,13.847474399381248,11.126902983393991,18.19910120538483,0.0,0.0,0.0,20.23,0.0,0.0,0.0,0.0,5.749511833283905,5.563451491696996,5.563451491696996,6.06636706846161,25.980208536304467,0.0,5.106527394840706,0.0,0.0,0.0,9.043703703703704,2.1252777777777783,0.37555555555555586,5.55787037037037,0.0,3.8975925925925927,0.0,0.25,9,1,1,0,0,0,1,0,1,1,1,1,0,0,0,0,1,2.0090399999999997,37.5808,0,0,0,0,0,0,0,1,0,0,0,0,0,0,0,0,0,0,0,0,0,0,0,0,0,0,0,0,0,0,2,0,0,0,1,0,0,0,0,0,0,0,0,0,0,0,0,0,0,0,0,0,0,0,0,0,0,0,0,0,0,0,0,0,0,1,1,0,0,0,0,0,0,0,0,0,0,0,0,0,0,0,0,0,0
Cinnamaldehyde,C1=CC=C(C=C1)C=CC=O,104-55-2,Biofuel,9.891373299319728,0.7708333333333333,9.891373299319728,0.7708333333333333,0.4433687822838736,132.16199999999995,124.09799999999997,132.057514876,50,0,0.14235723136772482,-0.29856366004105594,0.29856366004105594,0.14235723136772482,1.1,1.8,2.4,16.128435387968327,10.195128696125776,1.7853875886738342,-1.8623354882854521,1.986022883916614,-1.673234577053967,5.731506930534548,-0.10356707923991626,2.7587670006154434,223.74339906009686,7.234204518682008,5.52705044398087,5.52705044398087,4.931851652578137,3.1017276641799554,3.1017276641799554,1.9058831224074562,1.9058831224074562,1.1668150461385,1.1668150461385,0.7145448510869893,0.7145448510869893,-1.3699999999999999,251.66716234355823,6.7458748551564325,3.6165878630836277,1.859789489800163,59.998148530546295,0.0,6.286160523129555,0.0,0.0,0.0,0.0,4.794537184071822,0.0,0.0,0.0,36.407855449141934,11.639471598530877,0.0,0.0,4.794537184071822,12.362180629963436,0.0,0.0,0.0,0.0,0.0,41.97130694083893,0.0,0.0,0.0,0.0,0.0,0.0,6.286160523129555,4.794537184071822,0.0,5.563451491696996,36.407855449141934,0.0,6.076020106833881,0.0,17.07,0.0,4.794537184071822,0.0,0.0,0.0,11.849612014826551,6.076020106833881,6.076020106833881,30.33183534230805,0.0,0.0,0.0,0.0,9.891373299319728,0.0,1.0505555555555557,0.0,9.701589663643235,4.023148148148148,0.0,0.0,0.0,10,0,1,0,0,0,1,0,1,1,0,1,2,0,0,0,1,1.8987,41.54000000000002,0,0,0,0,0,0,0,0,0,0,1,1,0,0,0,0,0,0,0,0,0,0,0,1,0,0,1,0,0,0,0,0,0,0,1,0,0,0,0,0,0,0,0,0,0,0,0,0,0,0,0,0,0,0,0,0,0,0,0,0,0,0,0,0,0,0,0,0,0,0,0,0,0,0,0,0,0,0,0,0,0,0,0,0,0
4-Propylanisole,CCCC1=CC=C(C=C1)OC,104-45-0,Biofuel,5.047309382086167,0.9350491307634167,5.047309382086167,0.9350491307634167,0.6432681116372203,150.22099999999995,136.10899999999998,150.104465068,60,0,0.11837773574254563,-0.49676821884911265,0.49676821884911265,0.11837773574254563,1.1818181818181819,1.8181818181818181,2.272727272727273,16.465249582772987,10.119179809514279,1.907651562674859,-2.0022064314941757,2.1147693198590654,-1.843825215163767,5.265174460410352,0.4143814325438141,2.664537066654608,200.61769139965662,8.104448006685086,7.131862929595462,7.131862929595462,5.363703305156274,3.994399812521535,3.994399812521535,2.5980746960913104,2.5980746960913104,1.6977292650002165,1.6977292650002165,1.0808782775321555,1.0808782775321555,-0.98,380.17580046477946,8.119800399201598,4.01556202779062,2.261438255111406,68.00471680659028,4.736862953800049,5.749511833283905,0.0,0.0,0.0,0.0,0.0,0.0,0.0,0.0,25.477292959539852,24.117007251546223,0.0,7.109797541277533,4.736862953800049,0.0,0.0,0.0,0.0,19.765380445542643,7.109797541277533,29.828919765543436,0.0,5.749511833283905,4.736862953800049,0.0,5.749511833283905,0.0,7.109797541277533,6.4208216229260096,0.0,18.90801031431363,24.26546827384644,0.0,0.0,0.0,9.23,0.0,0.0,0.0,0.0,0.0,12.170333456209914,11.984273114623004,7.109797541277533,12.13273413692322,19.056471336613843,4.736862953800049,5.047309382086167,0.0,0.0,0.0,1.3826851851851854,0.9350491307634167,8.236759259259259,2.357463388133031,2.1847541099773244,1.6893128779289492,0.4,11,0,1,0,0,0,1,0,1,1,0,1,3,0,0,0,1,2.6477000000000004,46.98900000000003,0,0,0,0,0,0,0,0,0,0,0,0,0,0,0,0,0,0,0,0,0,0,0,0,0,0,0,0,0,0,1,0,0,0,1,0,0,0,0,0,0,1,0,0,0,0,0,0,0,0,0,0,0,0,0,1,0,0,0,0,0,0,0,0,0,0,0,0,0,0,0,0,0,0,0,0,0,0,0,0,0,0,0,0,0
Guaiacol,COC1=CC=CC=C1O,1990/5/1,Biofuel,8.98550925925926,0.1805555555555558,8.98550925925926,0.1805555555555558,0.6127725486570802,124.13899999999997,116.07499999999997,124.052429496,48,0,0.159973721120165,-0.5042548357902157,0.5042548357902157,0.159973721120165,1.3333333333333333,2.0,2.4444444444444446,16.473959000435126,10.308952917667566,1.9357138577099908,-1.9872980717789168,2.224673531587158,-1.8031102621429882,5.370720836721778,0.3732712808331073,3.0065240073265844,195.86256853719752,6.69023444431199,5.164862962722324,5.164862962722324,4.342535255101096,2.6633295026354,2.6633295026354,1.6718488391821222,1.6718488391821222,1.0851702186431136,1.0851702186431136,0.6297770429967046,0.6297770429967046,-1.1800000000000002,130.65102508867633,5.947877237851663,2.3955617406597787,1.1340794947334671,53.704124215596465,9.843390348640755,0.0,11.49902366656781,0.0,0.0,0.0,0.0,0.0,0.0,0.0,12.13273413692322,12.13273413692322,0.0,7.109797541277533,9.843390348640755,0.0,0.0,0.0,0.0,0.0,7.109797541277533,24.26546827384644,0.0,11.49902366656781,4.736862953800049,0.0,11.49902366656781,0.0,12.216324936118239,0.0,0.0,0.0,24.26546827384644,0.0,0.0,0.0,29.46,0.0,0.0,0.0,5.749511833283905,5.749511833283905,0.0,7.109797541277533,24.26546827384644,0.0,0.0,9.843390348640755,4.794953703703704,0.0,0.0,8.98550925925926,0.0,0.69212962962963,6.837870370370371,0.0,0.0,1.5228703703703703,0.14285714285714285,9,1,2,0,0,0,1,0,1,2,1,2,1,0,0,0,1,1.4008,34.6588,0,0,0,0,0,0,0,1,0,0,0,0,0,0,0,0,0,0,0,0,0,0,0,0,0,0,0,0,0,0,0,0,0,0,1,0,0,0,0,0,0,1,0,0,0,0,0,0,0,0,0,0,0,0,0,1,0,0,0,0,0,0,0,0,2,1,1,0,0,0,0,0,0,0,0,0,0,0,0,0,0,0,0,0,0
4-Methylguaiacol,CC1=CC(=C(C=C1)O)OC,93-51-6,Biofuel,9.109953703703704,0.18805555555555586,9.109953703703704,0.18805555555555586,0.6397107129957215,138.16599999999997,128.08599999999998,138.06807956,54,0,0.1602383079639696,-0.5042546064276908,0.5042546064276908,0.1602383079639696,1.4,2.1,2.6,16.473988644002496,10.203302509063791,1.9734479445028763,-2.017552857189728,2.2487144348190746,-1.8295156526122591,5.405657689140642,0.3729221006181158,3.0906836464581975,230.69924244622516,7.560477932315068,6.087512693532699,6.087512693532699,4.736382105218448,3.074013105158359,3.074013105158359,2.175303162876071,2.175303162876071,1.3352245969680763,1.3352245969680763,0.7848439686222126,0.7848439686222126,-1.18,190.28823830466132,6.933378684807257,2.60339789453191,1.2095233527616807,60.06906632999306,9.843390348640755,0.0,11.49902366656781,0.0,0.0,0.0,0.0,0.0,0.0,0.0,6.06636706846161,24.619922828310838,0.0,7.109797541277533,9.843390348640755,0.0,0.0,0.0,0.0,6.923737199690624,7.109797541277533,23.762552697081826,0.0,11.49902366656781,4.736862953800049,0.0,11.49902366656781,0.0,12.216324936118239,0.0,6.923737199690624,5.563451491696996,18.19910120538483,0.0,0.0,0.0,29.46,0.0,0.0,0.0,5.749511833283905,5.749511833283905,5.563451491696996,7.109797541277533,12.13273413692322,12.990104268152233,0.0,9.843390348640755,4.875787037037037,0.0,0.0,9.109953703703704,1.0783796296296297,0.715833333333334,5.237453703703704,0.0,1.946388888888889,1.5362037037037037,0.25,10,1,2,0,0,0,1,0,1,2,1,2,1,0,0,0,1,1.7092199999999997,39.39580000000001,0,0,0,0,0,0,0,1,0,0,0,0,0,0,0,0,0,0,0,0,0,0,0,0,0,0,0,0,0,0,1,0,0,0,1,0,0,0,0,0,0,1,0,0,0,0,0,0,0,0,0,0,0,0,0,1,0,0,0,0,0,0,0,0,0,1,1,0,0,0,0,0,0,0,0,0,0,0,0,0,0,0,0,0,0
4-Ethylguaiacol,CCC1=CC(=C(C=C1)O)OC,2785-89-9,Biofuel,9.205475245653817,0.19879629629629658,9.205475245653817,0.19879629629629658,0.7015523595771086,152.19299999999996,140.09699999999998,152.083729624,60,0,0.16024866489326003,-0.5042546045190337,0.5042546045190337,0.16024866489326003,1.4545454545454546,2.1818181818181817,2.727272727272727,16.47399316187843,10.143207247098449,1.9930716829466628,-2.034936269444587,2.255707647595777,-1.8553483576523337,5.410821955004368,0.37275297453424494,3.021543291114781,243.3180909119066,8.267584713501616,6.794619474719247,6.794619474719247,5.274386907679233,3.63467327693818,3.63467327693818,2.3597545747435817,2.3597545747435817,1.6523818562815895,1.6523818562815895,0.9419527574285493,0.9419527574285493,-1.18,343.17627964649273,7.921832993890022,3.281754133191849,1.6391714308089909,66.43400844438968,9.843390348640755,0.0,11.49902366656781,0.0,0.0,0.0,0.0,0.0,0.0,0.0,12.990104268152233,24.117007251546223,0.0,7.109797541277533,9.843390348640755,0.0,0.0,0.0,0.0,13.344558822616634,7.109797541277533,23.762552697081826,0.0,11.49902366656781,4.736862953800049,0.0,11.49902366656781,0.0,12.216324936118239,6.4208216229260096,0.0,12.487188691387619,18.19910120538483,0.0,0.0,0.0,29.46,0.0,5.106527394840706,0.0,5.749511833283905,5.749511833283905,6.4208216229260096,5.563451491696996,13.176164609739143,12.13273413692322,6.923737199690624,4.736862953800049,4.937453703703704,0.0,0.0,9.205475245653817,1.1663425925925928,0.7444907407407413,5.379814814814814,0.9550000000000001,2.0613303099017384,1.5500925925925926,0.3333333333333333,11,1,2,0,0,0,1,0,1,2,1,2,2,0,0,0,1,1.9631999999999996,44.03680000000003,0,0,0,0,0,0,0,1,0,0,0,0,0,0,0,0,0,0,0,0,0,0,0,0,0,0,0,0,0,0,1,0,0,0,1,0,0,0,0,0,0,1,0,0,0,0,0,0,0,0,0,0,0,0,0,1,0,0,0,0,0,0,0,0,0,1,1,0,0,0,0,0,0,0,0,0,0,0,0,0,0,0,0,0,0
Methylamine,CN,74-89-5,Biofuel,4.5,1.5,4.5,1.5,0.3846582089034356,31.058,26.018,31.042199159999996,14,0,-0.019502380004263062,-0.33326905475707136,0.33326905475707136,0.019502380004263062,1.5,1.5,1.5,14.421800056625138,11.59619994337486,0.8358456699741997,-1.1886171047355343,0.4686852121771011,-1.6911852121771014,3.5371942507365968,1.4778057492634042,1.0,2.0,2.0,1.5773502691896257,1.5773502691896257,1.0,0.5773502691896258,0.5773502691896258,0.0,0.0,0.0,0.0,0.0,0.0,-0.04,2.0,1.96,0.9600000000000016,-27.040000000000028,14.079141724842266,5.733667477162185,0.0,0.0,0.0,0.0,0.0,0.0,0.0,0.0,0.0,0.0,7.04767198267719,0.0,0.0,0.0,0.0,0.0,0.0,5.733667477162185,0.0,7.04767198267719,0.0,0.0,0.0,5.733667477162185,0.0,0.0,0.0,7.04767198267719,0.0,0.0,0.0,0.0,0.0,0.0,0.0,26.02,0.0,0.0,0.0,0.0,0.0,0.0,7.04767198267719,0.0,0.0,5.733667477162185,0.0,0.0,0.0,0.0,0.0,4.5,0.0,0.0,0.0,0.0,1.5,1.0,2,2,1,0,0,0,0,0,0,1,1,1,0,0,0,0,0,-0.4251,10.111400000000001,0,0,0,0,0,0,0,0,0,0,0,0,0,0,0,0,0,1,0,0,0,0,0,0,0,0,0,0,0,0,0,0,0,0,0,0,0,0,0,0,0,0,0,0,0,0,0,0,0,0,0,0,0,0,0,0,0,0,0,0,0,0,0,0,0,0,0,0,0,0,0,0,0,0,0,0,0,0,0,0,0,0,0,0,0
Ethylamine,CCN,1975/4/7,Biofuel,4.847222222222222,0.75,4.847222222222222,0.75,0.40623709538988323,45.084999999999994,38.028999999999996,45.057849223999995,20,0,-0.010576265829206462,-0.3307484184390755,0.3307484184390755,0.010576265829206462,2.0,2.0,2.0,14.489350501685236,10.840990590774261,1.3223586846717188,-1.5255036511694584,1.1976547781828029,-1.871495321468652,3.9983956644101193,1.1354269715888405,1.6329931618554523,2.7548875021634682,2.7071067811865475,2.284457050376173,2.284457050376173,1.4142135623730951,1.1153550716504106,1.1153550716504106,0.408248290463863,0.408248290463863,0.0,0.0,0.0,0.0,-0.04,2.7548875021634682,2.9600000000000004,1.96,1.9600000000000033,20.444083839238875,5.733667477162185,0.0,0.0,0.0,0.0,0.0,0.0,0.0,0.0,0.0,6.923737199690624,6.544756405912575,0.0,0.0,0.0,0.0,0.0,0.0,5.733667477162185,6.923737199690624,6.544756405912575,0.0,0.0,0.0,5.733667477162185,0.0,0.0,0.0,6.544756405912575,0.0,0.0,6.923737199690624,0.0,0.0,0.0,0.0,26.02,0.0,0.0,0.0,0.0,0.0,6.544756405912575,0.0,0.0,6.923737199690624,0.0,5.733667477162185,0.0,0.0,0.0,0.0,4.847222222222222,0.0,0.0,0.0,2.6527777777777777,0.0,1.0,3,2,1,0,0,0,0,0,0,1,1,1,0,0,0,0,0,-0.03499999999999981,14.728400000000002,0,0,0,0,0,0,0,0,0,0,0,0,0,0,0,0,0,1,0,0,0,0,0,0,0,0,0,0,0,0,0,0,0,0,0,0,0,0,0,0,0,0,0,0,0,0,0,0,0,0,0,0,0,0,0,0,0,0,0,0,0,0,0,0,0,0,0,0,0,0,0,0,0,0,0,0,0,0,0,0,0,0,0,0,0
Acetonitrile,CC#N,1975/5/8,Not biofuel,7.319444444444445,1.4305555555555556,7.319444444444445,1.4305555555555556,0.3869805798690774,41.053,38.028999999999996,41.026549096,16,0,0.05871482377124906,-0.1986584259265234,0.1986584259265234,0.05871482377124906,2.0,2.0,2.0,14.199772541067192,10.95508811650909,1.1727325265919901,-1.1465232203603164,1.2146152150896594,-1.100101722274293,4.507020971444977,1.4896531954173182,2.475534205527556,24.264662506490403,2.7071067811865475,1.9472135954999579,1.9472135954999579,1.4142135623730951,0.7236067977499789,0.7236067977499789,0.22360679774997896,0.22360679774997896,0.0,0.0,0.0,0.0,-0.51,2.7548875021634682,2.490000000000001,1.4900000000000018,1.489999999999999,19.496772823694872,0.0,0.0,0.0,0.0,0.0,0.0,0.0,0.0,5.261891554738487,0.0,0.0,0.0,6.923737199690624,6.069221312792274,0.0,0.0,5.261891554738487,0.0,0.0,6.923737199690624,0.0,0.0,0.0,6.069221312792274,0.0,0.0,0.0,0.0,0.0,0.0,11.33111286753076,6.923737199690624,0.0,0.0,0.0,0.0,23.79,0.0,0.0,0.0,0.0,0.0,0.0,6.923737199690624,6.069221312792274,0.0,0.0,5.261891554738487,0.0,0.0,0.0,7.319444444444445,0.0,0.0,1.75,0.0,1.4305555555555556,0.0,0.5,3,0,1,0,0,0,0,0,0,1,0,1,0,0,0,0,0,0.52988,11.287,0,0,0,0,0,0,0,0,0,0,0,0,0,0,0,1,0,0,0,0,0,0,0,0,0,0,0,0,0,0,0,0,0,0,0,0,0,0,0,0,0,0,0,0,0,0,0,0,0,0,0,0,0,0,0,0,0,1,0,0,0,0,0,0,0,0,0,0,0,0,0,0,0,0,0,0,0,0,0,0,0,0,0,0,0
n-Propylamine,CCCN,107-10-8,Biofuel,5.027777777777778,0.8194444444444444,5.027777777777778,0.8194444444444444,0.46327091845476276,59.11199999999999,50.04,59.073499287999994,26,0,-0.007990568627305066,-0.3304839223850739,0.3304839223850739,0.007990568627305066,1.75,2.0,2.0,14.504037662133452,10.515967250622754,1.5511912324770691,-1.6976601935466706,1.5691510617857773,-1.9292682370537027,4.189231717530194,0.9322941226869432,1.9747448713915894,5.245112497836532,3.414213562373095,2.9915638315627207,2.9915638315627207,1.914213562373095,1.6153550716504106,1.6153550716504106,0.7886751345948128,0.7886751345948128,0.28867513459481287,0.28867513459481287,0.0,0.0,-0.04,6.854752972273345,3.9600000000000004,2.9600000000000004,1.96,26.809025953635484,5.733667477162185,0.0,0.0,0.0,0.0,0.0,0.0,0.0,0.0,0.0,6.923737199690624,12.965578028838586,0.0,0.0,0.0,0.0,0.0,0.0,5.733667477162185,13.344558822616634,6.544756405912575,0.0,0.0,0.0,5.733667477162185,0.0,0.0,0.0,6.544756405912575,0.0,0.0,13.344558822616634,0.0,0.0,0.0,0.0,26.02,0.0,0.0,0.0,0.0,0.0,12.965578028838586,0.0,0.0,0.0,6.923737199690624,5.733667477162185,0.0,0.0,0.0,0.0,5.027777777777778,0.0,0.0,1.0972222222222223,2.875,0.0,1.0,4,2,1,0,0,0,0,0,0,1,1,1,1,0,0,0,0,0.3551000000000001,19.345400000000005,0,0,0,0,0,0,0,0,0,0,0,0,0,0,0,0,0,1,0,0,0,0,0,0,0,0,0,0,0,0,0,0,0,0,0,0,0,0,0,0,0,0,0,0,0,0,0,0,0,0,0,0,0,0,0,0,0,0,0,0,0,0,0,0,0,0,0,0,0,0,0,0,0,0,0,0,0,0,0,0,0,0,0,0,0
Isopropylamine,CC(C)N,75-31-0,Not biofuel,5.111111111111111,0.33333333333333326,5.111111111111111,0.33333333333333326,0.4279299473771721,59.111999999999995,50.04,59.073499287999994,26,0,-0.0017924242320082565,-0.328262980899961,0.328262980899961,0.0017924242320082565,1.5,1.5,1.5,14.570412346715566,10.450091592602814,1.6664262059683863,-1.810489514714748,1.577438009681599,-2.0647116714611764,4.319621100274999,0.8343585497098619,2.3237900077244498,8.0,3.5773502691896257,3.1547005383792515,3.1547005383792515,1.7320508075688772,1.4880338717125852,1.4880338717125852,1.2440169358562927,1.2440169358562927,0.0,0.0,0.0,0.0,-0.04,3.2451124978365313,3.9600000000000004,1.297837837837838,1128.9599999999998,26.809025953635484,5.733667477162185,0.0,0.0,0.0,0.0,0.0,0.0,0.0,0.0,0.0,13.847474399381248,6.041840829147961,0.0,0.0,0.0,0.0,0.0,0.0,5.733667477162185,19.88931522852921,0.0,0.0,0.0,0.0,5.733667477162185,0.0,0.0,0.0,6.041840829147961,0.0,0.0,13.847474399381248,0.0,0.0,0.0,0.0,26.02,0.0,0.0,0.0,0.0,6.041840829147961,0.0,0.0,0.0,13.847474399381248,0.0,5.733667477162185,0.0,0.0,0.0,0.0,5.111111111111111,0.0,0.33333333333333326,0.0,3.888888888888889,0.0,1.0,4,2,1,0,0,0,0,0,0,1,1,1,0,0,0,0,0,0.35350000000000004,19.323400000000003,0,0,0,0,0,0,0,0,0,0,0,0,0,0,0,0,0,1,0,0,0,0,0,0,0,0,0,0,0,0,0,0,0,0,0,0,0,0,0,0,0,0,0,0,0,0,0,0,0,0,0,0,0,0,0,0,0,0,0,0,0,0,0,0,0,0,0,0,0,0,0,0,0,0,0,0,0,0,0,0,0,0,0,0,0
n-Butylamine,CCCCN,109-73-9,Biofuel,5.139027777777778,0.84375,5.139027777777778,0.84375,0.5124148721749513,73.139,62.050999999999995,73.08914935199999,32,0,-0.0077376425064202455,-0.3304736813706357,0.3304736813706357,0.0077376425064202455,1.6,2.2,2.2,14.50764735331403,10.34924182809625,1.6747221408690982,-1.7980910675229893,1.7653381514154733,-1.951294730735132,4.287091705023588,0.8070095009730591,2.19060968716425,11.119415478763749,4.121320343559642,3.698670612749268,3.698670612749268,2.414213562373095,2.1153550716504106,2.1153550716504106,1.1422285251880864,1.1422285251880864,0.5576775358252052,0.5576775358252052,0.20412414523193148,0.20412414523193148,-0.04,11.245112497836532,4.960000000000001,3.9600000000000004,3.9600000000000004,33.17396806803209,5.733667477162185,0.0,0.0,0.0,0.0,0.0,0.0,0.0,0.0,0.0,13.344558822616634,12.965578028838586,0.0,0.0,0.0,0.0,0.0,0.0,5.733667477162185,19.765380445542643,6.544756405912575,0.0,0.0,0.0,5.733667477162185,0.0,0.0,0.0,6.544756405912575,0.0,0.0,19.765380445542643,0.0,0.0,0.0,0.0,26.02,0.0,0.0,0.0,0.0,0.0,6.544756405912575,12.841643245852019,0.0,0.0,6.923737199690624,5.733667477162185,0.0,0.0,0.0,0.0,5.139027777777778,0.0,0.0,2.3854166666666665,2.9755555555555557,0.0,1.0,5,2,1,0,0,0,0,0,0,1,1,1,2,0,0,0,0,0.7452000000000001,23.9624,0,0,0,0,0,0,0,0,0,0,0,0,0,0,0,0,0,1,0,0,0,0,0,0,0,0,0,0,0,0,0,0,0,0,0,0,0,0,0,0,0,0,0,0,0,0,0,0,0,0,0,0,0,0,0,0,0,0,0,0,0,0,0,0,0,0,0,0,0,0,0,0,0,0,0,0,0,0,0,0,0,0,0,0,0
Isobutylamine,CC(C)CN,78-81-9,Biofuel,5.171296296296296,0.6620370370370369,5.171296296296296,0.6620370370370369,0.4830069343358933,73.139,62.050999999999995,73.08914935199999,32,0,-0.005413892141561341,-0.3302183383951626,0.3302183383951626,0.005413892141561341,1.6,1.8,1.8,14.52567731741505,10.230275004922243,1.7963679294586168,-1.9063274221827553,1.808156734653095,-2.049913313199903,4.375415248592639,0.6640128324272918,2.5395388613593903,17.609640474436812,4.284457050376173,3.861807319565799,3.861807319565799,2.270055610029662,1.9711971193069777,1.9711971193069777,1.6295491105128677,1.6295491105128677,0.47140452079103173,0.47140452079103173,0.0,0.0,-0.04,9.65148445440323,4.960000000000001,2.212525252525253,3.9600000000000004,33.17396806803208,5.733667477162185,0.0,0.0,0.0,0.0,0.0,0.0,0.0,0.0,0.0,13.847474399381248,12.462662452073968,0.0,0.0,0.0,0.0,0.0,0.0,11.651573523323577,13.847474399381248,6.544756405912575,0.0,0.0,0.0,5.733667477162185,0.0,0.0,0.0,6.544756405912575,0.0,5.917906046161393,13.847474399381248,0.0,0.0,0.0,0.0,26.02,0.0,0.0,0.0,0.0,5.917906046161393,6.544756405912575,0.0,0.0,0.0,13.847474399381248,5.733667477162185,0.0,0.0,0.0,0.0,5.171296296296296,0.6620370370370369,0.0,0.0,5.0,0.0,1.0,5,2,1,0,0,0,0,0,0,1,1,1,1,0,0,0,0,0.6011000000000001,23.8924,0,0,0,0,0,0,0,0,0,0,0,0,0,0,0,0,0,1,0,0,0,0,0,0,0,0,0,0,0,0,0,0,0,0,0,0,0,0,0,0,0,0,0,0,0,0,0,0,0,0,0,0,0,0,0,0,0,0,0,0,0,0,0,0,0,0,0,0,0,0,0,0,0,0,0,0,0,0,0,0,0,0,0,0,0
sec-Butylamine ,CCC(C)N,13952-84-6,Biofuel,5.291666666666667,0.3842592592592591,5.291666666666667,0.3842592592592591,0.48654006674273037,73.13900000000001,62.050999999999995,73.08914935199999,32,0,0.00078053693680305,-0.32799794981906344,0.32799794981906344,0.00078053693680305,1.8,2.0,2.0,14.58649797825927,10.288203239734436,1.791892010540639,-1.9141945241284457,1.7674005426027068,-2.112308600561689,4.427525784312414,0.7145924787588468,2.5395388613593908,17.609640474436812,4.284457050376173,3.861807319565799,3.861807319565799,2.270055610029662,2.02603867417337,2.02603867417337,1.3855321746565754,1.3855321746565754,0.6439505508593789,0.6439505508593789,0.0,0.0,-0.04,9.65148445440323,4.960000000000001,2.212525252525253,3.9600000000000004,33.17396806803209,5.733667477162185,0.0,0.0,0.0,0.0,0.0,0.0,0.0,0.0,0.0,6.923737199690624,13.344558822616634,6.041840829147961,0.0,0.0,0.0,0.0,0.0,5.733667477162185,26.31013685145522,0.0,0.0,0.0,0.0,5.733667477162185,0.0,0.0,0.0,6.041840829147961,0.0,0.0,20.268296022307258,0.0,0.0,0.0,0.0,26.02,0.0,0.0,0.0,0.0,6.041840829147961,6.4208216229260096,0.0,0.0,6.923737199690624,6.923737199690624,5.733667477162185,0.0,0.0,0.0,0.0,5.291666666666667,0.0,0.3842592592592591,1.0833333333333335,4.074074074074074,0.0,1.0,5,2,1,0,0,0,0,0,0,1,1,1,1,0,0,0,0,0.7436,23.940399999999997,0,0,0,0,0,0,0,0,0,0,0,0,0,0,0,0,0,1,0,0,0,0,0,0,0,0,0,0,0,0,0,0,0,0,0,0,0,0,0,0,0,0,0,0,0,0,0,0,0,0,0,0,0,0,0,0,0,0,0,0,0,0,0,0,0,0,0,0,0,0,0,0,0,0,0,0,0,0,0,0,0,0,0,0,0
tert-Butylamine,CC(C)(C)N,75-64-9,Not biofuel,5.354166666666666,0.0,5.354166666666666,0.0,0.4494698079729435,73.13900000000001,62.050999999999995,73.08914935199999,32,0,0.006857356991357578,-0.3258160878010253,0.3258160878010253,0.006857356991357578,1.2,1.2,1.2,14.665112626365344,10.145987233737078,1.9504517597191777,-2.058722204774076,1.8758712891502256,-2.2580269740971026,4.59567920101274,0.5799441027963427,3.0237157840738176,19.11941547876375,4.5,4.077350269189626,4.077350269189626,2.0,1.7886751345948129,1.7886751345948129,2.366025403784439,2.366025403784439,0.0,0.0,0.0,0.0,-0.04,3.6096404744368114,4.960000000000001,0.9767560019818928,9507.96,33.17396806803208,5.733667477162185,0.0,0.0,0.0,0.0,0.0,0.0,0.0,0.0,0.0,0.0,20.771211599071872,5.538925252383345,0.0,0.0,0.0,0.0,0.0,5.733667477162185,26.310136851455216,0.0,0.0,0.0,0.0,5.733667477162185,0.0,0.0,0.0,5.538925252383345,0.0,0.0,20.771211599071872,0.0,0.0,0.0,0.0,26.02,0.0,0.0,0.0,5.538925252383345,0.0,0.0,0.0,0.0,20.771211599071872,0.0,5.733667477162185,0.0,0.0,0.0,0.0,5.354166666666666,0.0,0.0,0.0,5.895833333333333,0.0,1.0,5,2,1,0,0,0,0,0,0,1,1,1,0,0,0,0,0,0.7436,23.940399999999997,0,0,0,0,0,0,0,0,0,0,0,0,0,0,0,0,0,1,0,0,0,0,0,0,0,0,0,0,0,0,0,0,0,0,0,0,0,0,0,0,0,0,0,0,0,0,0,0,0,0,0,0,0,0,0,0,0,0,0,0,0,0,0,0,0,0,0,0,0,0,0,0,0,0,0,0,0,0,0,0,0,0,0,0,0
Pyrrolidine,C1CCNC1,123-75-1,Biofuel,3.2222222222222223,1.25,3.2222222222222223,1.25,0.4347944578283113,71.123,62.051,71.073499288,30,0,-0.004844703952428027,-0.3167309205412665,0.3167309205412665,0.004844703952428027,1.0,1.6,1.8,14.870250438044971,10.393584045238857,1.9266555332510638,-1.7585104961208282,1.8972221227949557,-2.030854583736436,4.551775690151721,0.8568723090963425,2.083333333333333,15.219280948873621,3.5355339059327378,3.32842712474619,3.32842712474619,2.5,2.207106781186547,2.207106781186547,1.4571067811865472,1.4571067811865472,0.9571067811865472,0.9571067811865472,0.6249999999999998,0.6249999999999998,-0.04,22.886435386960574,3.1616129032258065,1.4103121748178982,0.6183636836628511,32.37810840109819,5.316788604006331,0.0,0.0,0.0,0.0,0.0,0.0,0.0,0.0,0.0,0.0,25.93115605767717,0.0,0.0,0.0,0.0,0.0,5.316788604006331,0.0,12.841643245852019,13.08951281182515,0.0,0.0,0.0,5.316788604006331,0.0,0.0,0.0,13.08951281182515,0.0,0.0,12.841643245852019,0.0,0.0,0.0,0.0,12.03,0.0,0.0,0.0,0.0,0.0,0.0,25.93115605767717,0.0,0.0,5.316788604006331,0.0,0.0,0.0,0.0,3.2222222222222223,0.0,0.0,0.0,2.7777777777777777,2.5,0.0,1.0,5,1,1,0,1,1,0,0,0,1,1,1,0,0,1,1,1,0.36979999999999996,22.103699999999996,0,0,0,0,0,0,0,0,0,0,0,0,0,0,0,0,1,0,0,0,0,0,0,0,0,0,0,0,0,0,0,0,0,0,0,0,0,0,0,0,0,0,0,0,0,0,0,0,0,0,0,0,0,0,0,0,0,0,0,0,0,0,0,0,0,0,0,0,0,0,0,0,0,0,0,0,0,0,0,0,0,0,0,0,0
Pyrrole,C1=CNC=C1,109-97-7,Biofuel,2.861111111111111,1.875,2.861111111111111,1.875,0.4658690337597367,67.091,62.05099999999999,67.04219916,26,0,0.0004958447284679488,-0.3676367128834121,0.3676367128834121,0.0004958447284679488,1.0,1.6,1.8,14.608075043290501,10.690498814349606,1.5529742512242162,-1.4858483064645698,1.71595815384043,-1.3826661020773705,4.843840806427389,1.4150455615606374,3.1250000000000004,60.12481811269772,3.5355339059327378,2.8094010767585034,2.8094010767585034,2.5,1.5773502691896262,1.5773502691896262,0.8849001794597509,0.8849001794597509,0.49601129057086185,0.49601129057086185,0.27777777777777796,0.27777777777777796,-0.7200000000000001,22.886435386960574,2.5136448598130845,0.9307991964363703,0.29336361254258025,30.640563540511266,4.9839785209472085,0.0,0.0,0.0,0.0,0.0,0.0,0.0,0.0,0.0,0.0,12.13273413692322,12.393687143226153,0.0,0.0,0.0,0.0,4.9839785209472085,0.0,0.0,0.0,24.52642128014937,0.0,0.0,0.0,0.0,0.0,0.0,4.9839785209472085,0.0,0.0,0.0,24.52642128014937,0.0,0.0,0.0,15.79,0.0,0.0,0.0,0.0,0.0,0.0,0.0,0.0,24.52642128014937,4.9839785209472085,0.0,0.0,0.0,2.861111111111111,0.0,0.0,0.0,3.888888888888889,3.75,0.0,0.0,0.0,5,1,1,0,0,0,0,1,1,0,1,1,0,0,0,0,1,1.0147,20.792699999999996,0,0,0,0,0,1,1,0,0,0,0,0,0,0,0,0,1,0,0,0,0,1,0,0,0,0,0,0,0,0,0,0,0,0,0,0,0,0,0,0,0,0,0,0,0,0,0,0,0,0,0,0,0,0,0,0,0,0,0,0,0,0,0,0,0,0,0,0,0,0,0,0,0,0,0,0,0,0,0,0,0,0,0,0,0
Piperidine,C1CCNCC1,110-89-4,Biofuel,3.2847222222222223,1.25,3.2847222222222223,1.25,0.4576362279207808,85.15,74.062,85.08914935199999,36,0,-0.004891140011689818,-0.3167325809905548,0.3167325809905548,0.004891140011689818,0.8333333333333334,1.5,1.6666666666666667,14.851909594658595,10.169546612022948,1.9316356631638198,-2.0817502183801646,1.9594064783014398,-2.2055399250162875,4.545105364446136,0.5200401965119733,2.0,19.40990953421706,4.242640687119286,4.035533905932738,4.035533905932738,3.0,2.707106781186547,2.707106781186547,1.810660171779821,1.810660171779821,1.2071067811865472,1.2071067811865472,0.8017766952966366,0.8017766952966366,-0.04,34.3994618804395,4.127785234899329,2.189674338993739,0.9767560019818928,38.743050515494794,5.316788604006331,0.0,0.0,0.0,0.0,0.0,0.0,0.0,0.0,0.0,6.4208216229260096,25.93115605767717,0.0,0.0,0.0,0.0,0.0,5.316788604006331,0.0,19.26246486877803,13.08951281182515,0.0,0.0,0.0,5.316788604006331,0.0,0.0,0.0,13.08951281182515,0.0,0.0,19.26246486877803,0.0,0.0,0.0,0.0,12.03,0.0,0.0,0.0,0.0,0.0,0.0,32.351977680603184,0.0,0.0,5.316788604006331,0.0,0.0,0.0,0.0,3.2847222222222223,0.0,0.0,0.0,4.215277777777778,2.5,0.0,1.0,6,1,1,0,1,1,0,0,0,1,1,1,0,0,1,1,1,0.7599,26.72069999999999,0,0,0,0,0,0,0,0,0,0,0,0,0,0,0,0,1,0,0,0,0,0,0,0,0,0,0,0,0,0,0,0,0,0,0,0,0,0,0,0,0,0,0,0,0,0,0,0,0,0,0,0,0,0,0,0,0,0,0,0,0,0,0,0,0,0,0,0,0,1,0,0,0,0,0,0,0,0,0,0,0,0,0,0,0
Pyridine,C1=CC=NC=C1,110-86-1,Biofuel,3.7847222222222223,1.75,3.7847222222222223,1.75,0.4531479654842905,79.10199999999998,74.062,79.04219916,30,0,0.02672876829526118,-0.264736970888988,0.264736970888988,0.02672876829526118,0.8333333333333334,1.5,1.6666666666666667,14.597243061746529,10.51881465602454,1.5802944386426925,-1.6965670219787745,1.732473300656734,-1.5825292175016334,4.877321733390166,1.3309892913747265,3.000000000000001,75.86113958768547,4.242640687119286,3.333964941448087,3.333964941448087,3.0,1.8497311128276561,1.8497311128276561,1.024563864689584,1.024563864689584,0.5664874085517706,0.5664874085517706,0.31260202740993526,0.31260202740993526,-0.8500000000000001,34.3994618804395,3.3441747572815532,1.5525827127910268,0.5490008483363183,36.651051100443475,0.0,0.0,0.0,0.0,0.0,0.0,4.9839785209472085,0.0,0.0,0.0,6.06636706846161,12.13273413692322,12.393687143226153,0.0,0.0,0.0,0.0,4.9839785209472085,0.0,0.0,0.0,30.592788348610984,0.0,0.0,0.0,0.0,0.0,0.0,4.9839785209472085,0.0,0.0,0.0,30.592788348610984,0.0,0.0,0.0,12.89,0.0,0.0,0.0,0.0,0.0,0.0,0.0,12.393687143226153,18.19910120538483,4.9839785209472085,0.0,0.0,0.0,3.7847222222222223,0.0,0.0,0.0,5.715277777777778,3.5,0.0,0.0,0.0,6,0,1,0,0,0,0,1,1,1,0,1,0,0,0,0,1,1.0816,24.236999999999995,0,0,0,0,0,1,0,0,0,0,0,0,0,0,0,1,0,0,0,0,0,0,0,0,0,0,0,0,0,0,0,0,0,0,0,0,0,0,0,0,0,0,0,0,0,0,0,0,0,0,0,0,0,0,0,0,0,0,0,0,0,0,0,0,0,0,0,0,0,0,0,0,0,1,0,0,0,0,0,0,0,0,0,0,0
2-Methylpiperidine,CC1CCCCN1,109-05-7,Biofuel,3.3819444444444446,0.7858796296296295,3.3819444444444446,0.7858796296296295,0.4800655928455156,99.177,86.073,99.10479941599999,42,0,0.0038683508159916493,-0.3142582438936669,0.3142582438936669,0.0038683508159916493,1.4285714285714286,2.2857142857142856,2.5714285714285716,14.899665790778501,10.077288800713372,2.037879683306123,-2.177103352847726,2.039087145381905,-2.3030480618043034,4.65189328255383,0.4248591852645819,2.1229179499593664,46.14170945007629,5.112884175122364,4.905777393935816,4.905777393935816,3.393846850117352,3.1278270848415755,3.1278270848415755,2.3509536313038994,2.3509536313038994,1.5567128222475317,1.5567128222475317,1.0260475702906073,1.0260475702906073,-0.04,47.19725257297226,5.10367816091954,2.3141072195146584,1.4750627509406329,45.107992629891406,5.316788604006331,0.0,0.0,0.0,0.0,0.0,0.0,0.0,0.0,0.0,6.4208216229260096,26.31013685145522,6.041840829147961,0.0,0.0,0.0,0.0,5.316788604006331,0.0,32.22804289761662,6.544756405912575,0.0,0.0,0.0,5.316788604006331,0.0,0.0,0.0,12.586597235060536,0.0,0.0,26.186202068468653,0.0,0.0,0.0,0.0,12.03,0.0,0.0,0.0,0.0,0.0,6.041840829147961,25.807221274690605,0.0,0.0,12.240525803696954,0.0,0.0,0.0,0.0,3.3819444444444446,0.0,0.0,0.7858796296296295,4.179074074074074,3.486435185185185,0.0,1.0,7,1,1,0,1,1,0,0,0,1,1,1,0,0,1,1,1,1.1484,31.315699999999985,0,0,0,0,0,0,0,0,0,0,0,0,0,0,0,0,1,0,0,0,0,0,0,0,0,0,0,0,0,0,0,0,0,0,0,0,0,0,0,0,0,0,0,0,0,0,0,0,0,0,0,0,0,0,0,0,0,0,0,0,0,0,0,0,0,0,0,0,0,1,0,0,0,0,0,0,0,0,0,0,0,0,0,0,0
2-Methylpyridine,CC1=CC=CC=N1,109-06-8,Biofuel,3.979166666666667,1.0717592592592595,3.979166666666667,1.0717592592592595,0.4719983679006756,93.129,86.073,93.057849224,36,0,0.03721465273392041,-0.26161242494491843,0.26161242494491843,0.03721465273392041,1.4285714285714286,2.2857142857142856,2.5714285714285716,14.64112498545007,10.392074669986552,1.7288668024807867,-1.8176715852800305,1.8548292280629992,-1.7199880078000285,4.994177314720602,1.2017022850990404,3.0214653097240864,134.10736969541455,5.112884175122364,4.256614672258461,4.256614672258461,3.393846850117352,2.2704808220919537,2.2704808220919537,1.4711188667183566,1.4711188667183566,0.8127753618486622,0.8127753618486622,0.4481391923352558,0.4481391923352558,-0.8500000000000001,47.19725257297226,4.31260162601626,1.7349674800723753,0.9995769964301435,43.01599321484009,0.0,0.0,0.0,0.0,0.0,0.0,4.9839785209472085,0.0,0.0,0.0,6.06636706846161,19.056471336613843,11.890771566461538,0.0,0.0,0.0,0.0,4.9839785209472085,0.0,6.923737199690624,0.0,30.089872771846366,0.0,0.0,0.0,0.0,0.0,0.0,4.9839785209472085,0.0,6.923737199690624,5.693927994848461,24.395944776997908,0.0,0.0,0.0,12.89,0.0,0.0,0.0,0.0,0.0,5.693927994848461,0.0,6.196843571613076,25.122838405075452,4.9839785209472085,0.0,0.0,0.0,3.979166666666667,0.0,1.0717592592592595,0.0,5.856481481481482,1.787037037037037,1.9722222222222223,0.0,0.16666666666666666,7,0,1,0,0,0,0,1,1,1,0,1,0,0,0,0,1,1.39002,28.973999999999993,0,0,0,0,0,1,0,0,0,0,0,0,0,0,0,1,0,0,0,0,0,0,0,0,0,0,0,0,0,0,1,0,0,0,0,0,0,0,0,0,0,0,0,0,0,0,0,0,0,0,0,0,0,0,0,0,0,0,0,0,0,0,0,0,0,0,0,0,0,0,0,0,0,1,0,0,0,0,0,0,0,0,0,0,0
3-Methylpyridine,CC1=CN=CC=C1,108-99-6,Biofuel,3.8842592592592595,1.2106481481481484,3.8842592592592595,1.2106481481481484,0.4719983679006756,93.12899999999998,86.073,93.057849224,36,0,0.029653003828134867,-0.264459387256486,0.264459387256486,0.029653003828134867,1.5714285714285714,2.4285714285714284,2.7142857142857144,14.604790039239406,10.32897016242831,1.726806360152544,-1.8165910408725823,1.8768411768405877,-1.6896574570504648,5.039518347495997,1.2695065637764364,3.0214653097240864,134.10736969541455,5.112884175122364,4.256614672258461,4.256614672258461,3.393846850117352,2.260414715350615,2.260414715350615,1.5303755341263872,1.5303755341263872,0.8094199929348828,0.8094199929348828,0.4481391923352558,0.4481391923352558,-0.8500000000000001,47.19725257297226,4.31260162601626,1.7349674800723753,0.9995769964301435,43.01599321484008,0.0,0.0,0.0,0.0,0.0,0.0,4.9839785209472085,0.0,0.0,0.0,6.06636706846161,18.55355575984923,12.393687143226153,0.0,0.0,0.0,0.0,4.9839785209472085,0.0,6.923737199690624,0.0,30.089872771846366,0.0,0.0,0.0,0.0,0.0,0.0,4.9839785209472085,0.0,6.923737199690624,5.563451491696996,24.52642128014937,0.0,0.0,0.0,12.89,0.0,0.0,0.0,0.0,0.0,0.0,5.563451491696996,6.196843571613076,25.25331490822692,4.9839785209472085,0.0,0.0,0.0,3.8842592592592595,0.0,1.2106481481481484,0.0,3.9467592592592595,3.6041666666666665,2.0208333333333335,0.0,0.16666666666666666,7,0,1,0,0,0,0,1,1,1,0,1,0,0,0,0,1,1.39002,28.973999999999993,0,0,0,0,0,1,0,0,0,0,0,0,0,0,0,1,0,0,0,0,0,0,0,0,0,0,0,0,0,0,1,0,0,0,0,0,0,0,0,0,0,0,0,0,0,0,0,0,0,0,0,0,0,0,0,0,0,0,0,0,0,0,0,0,0,0,0,0,0,0,0,0,0,1,0,0,0,0,0,0,0,0,0,0,0
4-Methylpyridine,CC1=CC=NC=C1,108-89-4,Biofuel,3.8455555555555554,1.2592592592592595,3.8455555555555554,1.2592592592592595,0.4719983679006756,93.12899999999999,86.073,93.057849224,36,0,0.02699300482342639,-0.2647166344741127,0.2647166344741127,0.02699300482342639,1.2857142857142858,1.8571428571428572,2.142857142857143,14.60038550895539,10.313064466871324,1.7246005824088828,-1.817684811170517,1.8827848424886646,-1.6813035392548241,5.051606335058975,1.2867071906833838,3.0214653097240864,134.10736969541455,5.112884175122364,4.256614672258461,4.256614672258461,3.393846850117352,2.260414715350615,2.260414715350615,1.5245638646895838,1.5245638646895838,0.8469872147279689,0.8469872147279689,0.4264497467203111,0.4264497467203111,-0.8500000000000001,47.19725257297226,4.31260162601626,1.7349674800723753,0.9995769964301435,43.01599321484008,0.0,0.0,0.0,0.0,0.0,0.0,4.9839785209472085,0.0,0.0,0.0,0.0,24.619922828310838,12.393687143226153,0.0,0.0,0.0,0.0,4.9839785209472085,0.0,6.923737199690624,0.0,30.08987277184637,0.0,0.0,0.0,0.0,0.0,0.0,4.9839785209472085,0.0,6.923737199690624,5.563451491696996,24.52642128014937,0.0,0.0,0.0,12.89,0.0,0.0,0.0,0.0,0.0,0.0,5.563451491696996,12.393687143226153,19.056471336613843,4.9839785209472085,0.0,0.0,0.0,3.8455555555555554,0.0,1.2592592592592595,0.0,3.9444444444444446,3.574074074074074,2.0433333333333334,0.0,0.16666666666666666,7,0,1,0,0,0,0,1,1,1,0,1,0,0,0,0,1,1.39002,28.973999999999993,0,0,0,0,0,1,0,0,0,0,0,0,0,0,0,1,0,0,0,0,0,0,0,0,0,0,0,0,0,0,1,0,0,0,0,0,0,0,0,0,0,0,0,0,0,0,0,0,0,0,0,0,0,0,0,0,0,0,0,0,0,0,0,0,0,0,0,0,0,0,0,0,0,1,0,0,0,0,0,0,0,0,0,0,0
Aniline,C1=CC=C(C=C1)N,62-53-3,Biofuel,5.357777777777778,0.8217592592592595,5.357777777777778,0.8217592592592595,0.48007546344555985,93.12899999999999,86.073,93.057849224,36,0,0.03134759259121864,-0.39872882948659094,0.39872882948659094,0.03134759259121864,1.0,1.5714285714285714,1.8571428571428572,14.531911005857102,10.325605444309442,1.717748550374648,-1.8325344230548775,1.953829616100672,-1.7883441894356618,5.353844402376213,1.6886545936299073,3.0214653097240864,134.10736969541455,5.112884175122364,3.964101615137755,3.964101615137755,3.393846850117352,2.1993587371177723,2.1993587371177723,1.4106836025229597,1.4106836025229597,0.7995724914118484,0.7995724914118484,0.4530389187988476,0.4530389187988476,-0.98,47.19725257297226,4.18611295681063,1.6461962159398054,0.9290591797144502,42.77129381650968,5.733667477162185,0.0,0.0,0.0,0.0,0.0,0.0,0.0,0.0,0.0,18.19910120538483,12.13273413692322,5.687386274683562,0.0,0.0,5.687386274683562,0.0,0.0,0.0,0.0,5.733667477162185,30.33183534230805,0.0,0.0,5.733667477162185,5.687386274683562,0.0,0.0,0.0,0.0,0.0,0.0,30.33183534230805,0.0,0.0,0.0,26.02,0.0,0.0,0.0,0.0,0.0,5.687386274683562,0.0,0.0,30.33183534230805,0.0,5.733667477162185,0.0,0.0,0.0,0.0,6.179537037037037,0.0,9.487129629629628,0.0,0.0,0.0,0.0,7,2,1,0,0,0,1,0,1,1,1,1,0,0,0,0,1,1.2687999999999997,30.854400000000002,0,0,0,1,0,0,0,0,0,0,0,0,0,0,0,0,0,1,0,0,0,0,0,0,0,0,0,0,0,1,0,0,0,0,1,0,0,0,0,0,0,0,0,0,0,0,0,0,0,0,0,0,0,0,0,0,0,0,0,0,0,0,0,0,1,0,0,0,0,0,0,0,0,0,0,0,0,0,0,0,0,0,0,0,0
N-methylaniline,CNC1=CC=CC=C1,100-61-8,Biofuel,3.026944444444444,1.1597222222222223,3.026944444444444,1.1597222222222223,0.5759031939735615,107.15599999999998,98.08399999999997,107.073499288,42,0,0.03370429145852783,-0.3881220693538709,0.3881220693538709,0.03370429145852783,1.125,1.75,2.125,14.807677826446984,10.313624020025856,1.7738594610027487,-1.9366204811614374,2.0098352849296703,-1.8384629148424516,5.4074173450952925,1.5149402415356716,2.8320858350070908,145.73281445033504,5.819990956308912,4.886751345948129,4.886751345948129,3.931851652578137,2.6606836025229597,2.6606836025229597,1.616025403784439,1.616025403784439,1.0624642029434528,1.0624642029434528,0.6048195192193407,0.6048195192193407,-0.9800000000000001,91.36757727918736,5.162450142450142,2.3586048594225155,0.9971092570832982,49.34620741750161,5.316788604006331,0.0,0.0,0.0,0.0,0.0,0.0,0.0,0.0,0.0,18.19910120538483,12.13273413692322,12.735058257360752,0.0,0.0,5.687386274683562,0.0,0.0,0.0,0.0,12.36446058668352,30.33183534230805,0.0,0.0,5.316788604006331,5.687386274683562,0.0,0.0,7.04767198267719,0.0,0.0,0.0,30.33183534230805,0.0,0.0,0.0,12.03,0.0,0.0,0.0,0.0,0.0,5.687386274683562,0.0,0.0,37.37950732498524,5.316788604006331,0.0,0.0,0.0,0.0,3.026944444444444,1.1597222222222223,0.0,10.067962962962962,0.0,0.0,1.912037037037037,0.14285714285714285,8,1,1,0,0,0,1,0,1,1,1,1,1,0,0,0,1,1.7283,35.98870000000001,0,0,0,0,0,0,0,0,0,0,0,0,0,0,0,0,1,0,0,0,0,0,0,0,0,0,0,0,0,1,0,0,0,0,1,0,0,0,0,0,0,0,0,0,0,0,0,0,0,0,0,0,0,0,0,0,0,0,0,0,0,0,0,0,1,0,0,0,0,0,0,0,0,0,0,0,0,0,0,0,0,0,0,0,0
Indole,C1=CC=C2C(=C1)C=CN2,120-72-9,Biofuel,3.1195370370370368,1.2060185185185186,3.1195370370370368,1.2060185185185186,0.5439155908694729,117.15099999999997,110.09499999999998,117.057849224,44,0,0.04533934729771151,-0.3611762912891017,0.3611762912891017,0.04533934729771151,1.0,1.8888888888888888,2.7777777777777777,14.649928150899138,10.253540731635152,1.8616440572121353,-1.8272806035282245,2.0854268236347595,-1.6127048350681639,5.7824791109674285,1.4776825391303139,2.9546597902851044,278.54542122074673,6.104448006685085,4.964101615137755,4.964101615137755,4.4663264951887856,2.9880338717125854,2.9880338717125854,2.064921349280117,2.064921349280117,1.4625176415169718,1.4625176415169718,0.9950141132135774,0.9950141132135774,-1.24,254.268989977729,4.621116323679656,1.6217242815493544,0.6166634028189337,53.32222807224648,4.9839785209472085,0.0,0.0,0.0,0.0,0.0,0.0,0.0,0.0,0.0,18.19910120538483,17.518958351388015,11.713544289229338,0.0,0.0,10.902924932081056,0.0,4.9839785209472085,0.0,0.0,0.0,36.52867891392113,0.0,0.0,0.0,0.0,0.0,0.0,4.9839785209472085,0.0,0.0,0.0,36.52867891392113,0.0,10.902924932081056,0.0,15.79,0.0,0.0,0.0,0.0,0.0,0.0,10.902924932081056,0.0,18.3295777085363,23.18307972633204,0.0,0.0,0.0,3.1195370370370368,1.2754629629629632,1.2060185185185186,0.0,10.283240740740741,1.949074074074074,0.0,0.0,0.0,9,1,1,0,0,0,1,1,2,0,1,1,0,0,0,0,2,2.1678999999999995,38.29870000000002,0,0,0,0,0,1,1,0,0,0,0,0,0,0,0,0,1,0,0,0,0,1,0,0,0,0,0,0,0,0,0,0,0,0,1,0,1,0,0,0,0,0,0,0,0,0,0,0,0,0,0,0,0,0,0,0,0,0,0,0,0,0,0,0,1,0,0,0,0,0,0,0,0,0,0,0,0,0,0,0,0,0,0,0,0
Quinoline,C1=CC=C2C(=C1)C=CC=N2,91-22-5,Biofuel,4.181203703703703,1.0601851851851853,4.181203703703703,1.0601851851851853,0.5311915584041305,129.16199999999995,122.10599999999998,129.057849224,48,0,0.07014348447327304,-0.25626672847773607,0.25626672847773607,0.07014348447327304,0.9,1.7,2.6,14.636663624399993,10.208602640603164,1.8609753947687573,-1.9105244641569588,2.0735016003616518,-1.7296046176352462,5.772036346403304,1.4134902257792326,2.8880516016579914,275.7051383449476,6.811554787871633,5.48866547982734,5.48866547982734,4.9663264951887856,3.264497757948246,3.264497757948246,2.1961031248706493,2.1961031248706493,1.5122252637452036,1.5122252637452036,1.01607017438601,1.01607017438601,-1.3699999999999999,348.57046183703704,5.417604502630561,2.102543034625172,0.7598814095761128,59.33271563217868,0.0,0.0,0.0,0.0,0.0,0.0,4.9839785209472085,0.0,0.0,0.0,24.26546827384644,12.13273413692322,11.583067786077873,5.516700717616262,0.0,10.902924932081056,0.0,4.9839785209472085,0.0,0.0,0.0,42.59504598238274,0.0,0.0,0.0,0.0,0.0,0.0,4.9839785209472085,0.0,0.0,0.0,42.59504598238274,0.0,10.902924932081056,0.0,12.89,0.0,0.0,0.0,0.0,0.0,5.516700717616262,5.386224214464796,0.0,30.462311845459517,17.11671265787043,0.0,0.0,0.0,4.181203703703703,1.1990740740740742,1.0601851851851853,0.0,12.084999999999999,1.8078703703703702,0.0,0.0,0.0,10,0,1,0,0,0,1,1,2,1,0,1,0,0,0,0,2,2.2348,41.743000000000016,0,0,0,0,0,1,0,0,0,0,0,0,0,0,0,1,0,0,0,0,0,0,0,0,0,0,0,0,0,0,0,0,0,0,1,0,1,0,0,0,0,0,0,0,0,0,0,0,0,0,0,0,0,0,0,0,0,0,0,0,0,0,0,0,1,0,0,0,0,0,0,0,0,1,0,0,0,0,0,0,0,0,0,0,0
Dibenzopyrrole,C1=CC=C2C(=C1)C3=CC=CC=C3N2,86-74-8,Biofuel,3.377962962962963,1.2117592592592594,3.377962962962963,1.2117592592592594,0.5282988537541025,167.21099999999998,158.13899999999998,167.073499288,62,0,0.04643518778746989,-0.3545105382525832,0.3545105382525832,0.04643518778746989,0.6153846153846154,1.0769230769230769,1.6153846153846154,14.688706819428893,10.15196149151645,1.9964080081968054,-1.8710877674009667,2.2351992075848184,-1.6247455609021653,6.064432732924085,1.5465012733592938,2.6424382599070015,512.8841359099093,8.673362107437432,7.118802153517008,7.118802153517008,6.449489742783178,4.404700538379252,4.404700538379252,3.2161675639654206,3.2161675639654206,2.4136393375382657,2.4136393375382657,1.7990560042049322,1.7990560042049322,-1.7599999999999996,2395.2381889679577,6.723420195142431,2.361749127986134,0.8718163214535064,76.00389260398168,4.9839785209472085,0.0,0.0,0.0,0.0,0.0,0.0,0.0,0.0,0.0,36.39820241076966,12.13273413692322,21.805849864162113,0.0,0.0,21.805849864162113,0.0,4.9839785209472085,0.0,0.0,0.0,48.53093654769288,0.0,0.0,0.0,0.0,0.0,0.0,4.9839785209472085,0.0,0.0,0.0,48.53093654769288,0.0,21.805849864162113,0.0,15.79,0.0,0.0,0.0,0.0,0.0,0.0,21.805849864162113,0.0,0.0,53.51491506864009,0.0,0.0,0.0,3.377962962962963,2.607592592592593,2.423518518518519,0.0,16.75759259259259,0.0,0.0,0.0,0.0,13,1,1,0,0,0,2,1,3,0,1,1,0,0,0,0,3,3.3211000000000013,55.804700000000025,0,0,0,0,0,1,1,0,0,0,0,0,0,0,0,0,1,0,0,0,0,1,0,0,0,0,0,0,0,0,0,0,0,0,2,0,3,0,0,0,0,0,0,0,0,0,0,0,0,0,0,0,0,0,0,0,0,0,0,0,0,0,0,0,2,0,0,0,0,0,0,0,0,0,0,0,0,0,0,0,0,0,0,0,0
Acridine,C1=CC=C2C(=C1)C=C3C=CC=CC3=N2,260-94-6,Not biofuel,4.577685185185185,1.0612962962962964,4.577685185185185,1.0612962962962964,0.48189757611829237,179.22199999999998,170.14999999999998,179.073499288,66,0,0.07092271232966951,-0.24779730903285963,0.24779730903285963,0.07092271232966951,0.6428571428571429,1.1428571428571428,1.7142857142857142,14.672245258737691,10.125153419120018,1.9614548342517062,-1.994148399332669,2.1797756889308486,-1.80126197541271,5.918827338088278,1.4978693727640096,2.5237326453890008,493.95635116211264,9.38046888862398,7.643366018206592,7.643366018206592,6.932652990377571,4.679264403068837,4.679264403068837,3.3737724163734772,3.3737724163734772,2.4254163240383058,2.4254163240383058,1.720102217619725,1.720102217619725,-1.8899999999999995,3255.1289561694916,7.507895747746898,2.807968483138859,1.0618574497884705,82.0143801639139,0.0,0.0,0.0,0.0,0.0,0.0,0.0,4.9839785209472085,0.0,0.0,36.39820241076966,18.19910120538483,10.772448428929591,11.033401435232523,0.0,21.805849864162113,0.0,4.9839785209472085,0.0,0.0,0.0,54.59730361615449,0.0,0.0,0.0,0.0,0.0,0.0,4.9839785209472085,0.0,0.0,0.0,54.59730361615449,0.0,21.805849864162113,0.0,12.89,0.0,0.0,0.0,0.0,0.0,11.033401435232523,10.772448428929591,0.0,36.39820241076966,23.18307972633204,0.0,0.0,0.0,4.577685185185185,2.4003703703703705,2.122592592592593,0.0,18.56601851851852,0.0,0.0,0.0,0.0,14,0,1,0,0,0,2,1,3,1,0,1,0,0,0,0,3,3.3880000000000017,59.249000000000024,0,0,0,0,0,1,0,0,0,0,0,0,0,0,0,1,0,0,0,0,0,0,0,0,0,0,0,0,0,0,0,0,0,0,2,0,2,0,0,0,0,0,0,0,0,0,0,0,0,0,0,0,0,0,0,0,0,0,0,0,0,0,0,0,2,0,0,0,0,0,0,0,0,1,0,0,0,0,0,0,0,0,0,0,0
"N,N'-Di-sec-butyl-p-phenylenediamine",CCC(C)NC1=CC=C(C=C1)NC(C)CC,101-96-2,Not biofuel,3.458280974426808,0.5355320399764841,3.458280974426808,0.5355320399764841,0.7536559188246064,220.35999999999999,196.16799999999998,220.19394876799998,90,0,0.0343211908648994,-0.38260156684604396,0.38260156684604396,0.0343211908648994,0.8125,1.125,1.375,14.91798648148123,10.17637777249711,2.0028618314956352,-2.153707352861511,2.156625518944039,-2.1429622026580106,5.537356585007744,0.7613394571188148,2.5369129143542994,261.10858055080536,11.966255326250886,10.878315177510851,10.878315177510851,7.651397005390978,6.284128155915619,6.284128155915619,4.48461712529338,4.48461712529338,2.935777664011418,2.935777664011418,1.435837696198309,1.435837696198309,-1.1800000000000002,3787.5231744388125,12.887476383265856,6.412758060308466,4.13201156059763,99.45066440188592,10.633577208012662,0.0,0.0,0.0,0.0,0.0,0.0,0.0,0.0,0.0,13.847474399381248,50.954585919079705,23.458454207663046,0.0,0.0,11.374772549367124,0.0,0.0,0.0,52.62027370291044,10.633577208012662,24.26546827384644,0.0,0.0,10.633577208012662,11.374772549367124,0.0,0.0,12.083681658295921,0.0,0.0,40.53659204461451,24.26546827384644,0.0,0.0,0.0,24.06,0.0,0.0,0.0,0.0,12.083681658295921,12.841643245852019,11.374772549367124,0.0,0.0,62.5939942806216,0.0,0.0,0.0,0.0,6.916561948853616,2.3963917233560093,0.0,9.614212228101117,2.291409153550207,8.781424946139051,0.0,0.5714285714285714,16,2,2,0,0,0,1,0,1,2,2,2,6,0,0,0,1,4.107400000000002,73.19340000000005,0,0,0,0,0,0,0,0,0,0,0,0,0,0,0,0,2,0,0,0,0,0,0,0,0,0,0,0,0,2,0,0,0,0,1,0,0,0,0,0,0,0,0,0,0,0,0,0,0,0,0,0,0,0,0,0,0,0,0,0,0,0,0,0,0,0,0,0,0,0,0,0,0,0,0,0,0,0,0,0,0,0,0,0,0
Urea,C(=O)(N)N,57-13-6,Biofuel,9.0,-0.8333333333333333,9.0,0.8333333333333333,0.3705073514035382,60.05599999999999,56.023999999999994,60.032362748,24,0,0.309056401422831,-0.3518462395056391,0.3518462395056391,0.309056401422831,1.5,1.5,1.5,16.15505129592472,11.195898108937604,1.603229127382404,-1.6239881174885153,1.25326537283123,-2.182471059085193,5.685858584824814,0.2561901111742513,2.8030394876740514,29.019550008653873,3.5773502691896257,2.0629488288431146,2.0629488288431146,1.7320508075688772,0.7814744144215573,0.7814744144215573,0.40236892706218264,0.40236892706218264,0.0,0.0,0.0,0.0,-0.73,3.2451124978365313,3.2700000000000005,0.7105286343612336,0.17373428410583605,23.580554521898744,11.46733495432437,0.0,0.0,0.0,0.0,6.031114512338072,0.0,4.794537184071822,0.0,0.0,0.0,0.0,0.0,0.0,4.794537184071822,6.031114512338072,0.0,0.0,11.46733495432437,0.0,0.0,0.0,0.0,0.0,11.46733495432437,4.794537184071822,0.0,0.0,6.031114512338072,0.0,0.0,0.0,0.0,0.0,0.0,0.0,69.11,6.031114512338072,0.0,0.0,0.0,0.0,0.0,0.0,0.0,0.0,11.46733495432437,4.794537184071822,0.0,0.0,9.0,0.0,8.5,0.0,-0.8333333333333333,0.0,0.0,0.0,0.0,4,4,3,0,0,0,0,0,0,1,2,3,0,0,0,0,0,-0.9762,13.7708,0,0,0,0,0,0,0,0,0,0,1,1,0,0,0,0,0,2,0,0,0,0,0,0,0,0,0,2,0,0,0,0,0,0,0,0,0,0,0,0,0,0,0,0,0,0,0,0,0,0,0,0,0,0,0,0,0,0,0,0,0,0,0,0,0,0,0,0,0,0,0,2,0,0,0,0,0,0,0,0,0,0,0,0,1
Morpholine,C1COCCN1,110-91-8,Not biofuel,5.006944444444445,0.8888888888888888,5.006944444444445,0.8888888888888888,0.4340574553786442,87.122,78.05,87.068413908,36,0,0.05910807224558097,-0.37881251357971846,0.37881251357971846,0.05910807224558097,1.1666666666666667,1.8333333333333333,2.0,16.476686640061853,10.535272053982544,1.924409716177667,-2.09985128843908,1.761819194568952,-2.2969287526590176,4.491105718881556,0.10910673940252179,2.0,23.019550008653873,4.242640687119286,3.736675415210053,3.736675415210053,3.0,2.284457050376173,2.284457050376173,1.3623724356957945,1.3623724356957945,0.846352670420018,0.846352670420018,0.5157372072107785,0.5157372072107785,-0.08,34.3994618804395,4.088918918918919,2.157216946676406,0.9536924762600438,37.49165363060507,10.05365155780638,0.0,0.0,0.0,0.0,0.0,0.0,0.0,0.0,0.0,0.0,0.0,13.08951281182515,13.213763929025836,4.736862953800049,0.0,0.0,5.316788604006331,0.0,0.0,26.303276740850986,0.0,0.0,0.0,5.316788604006331,0.0,0.0,0.0,26.303276740850986,4.736862953800049,0.0,0.0,0.0,0.0,0.0,0.0,21.259999999999998,0.0,0.0,0.0,0.0,0.0,26.303276740850986,0.0,0.0,0.0,5.316788604006331,4.736862953800049,5.006944444444445,0.0,0.0,3.1597222222222223,0.0,0.0,0.0,0.0,3.833333333333333,0.0,1.0,6,1,2,0,1,1,0,0,0,2,1,2,0,0,1,1,1,-0.3938000000000001,23.688699999999994,0,0,0,0,0,0,0,0,0,0,0,0,0,0,0,0,1,0,0,0,0,0,0,0,0,0,0,0,0,0,0,0,0,0,0,0,0,0,0,0,0,1,0,0,0,0,0,0,0,0,0,0,0,0,0,0,1,0,0,0,0,0,0,0,0,0,0,0,0,0,0,0,0,0,0,0,0,0,0,0,0,0,0,0,0
N-nitrosodiphenylamine,C1=CC=C(C=C1)N(C2=CC=CC=C2)N=O,86-30-6,Not biofuel,10.781859410430839,0.7626851851851855,10.781859410430839,0.7626851851851855,0.5580974069537384,198.225,188.14499999999998,198.07931294,74,0,0.06846305232472286,-0.19749304899610073,0.19749304899610073,0.06846305232472286,0.7333333333333333,1.1333333333333333,1.4666666666666666,16.290534608701698,10.242538294954297,2.0671495565113815,-2.1394544653473946,2.2395289172968122,-2.0614583350848026,5.6108476523160675,1.0705087628511916,2.377503316936651,388.38981176779873,10.510225400620904,8.07617817336004,8.07617817336004,7.4150149001725305,4.6511549863809325,4.6511549863809325,3.064551374841337,3.064551374841337,2.0831758558797024,2.0831758558797024,1.381744843031759,1.381744843031759,-2.1599999999999993,4283.695391696777,9.3971519262254,4.371400189024512,2.0171091392279625,87.91319900022984,0.0,0.0,0.0,0.0,0.0,0.0,0.0,0.0,5.008912523954532,4.907065243988282,36.39820241076966,24.26546827384644,0.0,16.660657270329832,0.0,11.374772549367124,0.0,0.0,5.2858847209627084,0.0,5.008912523954532,65.57073592860438,0.0,0.0,5.008912523954532,11.374772549367124,0.0,0.0,0.0,0.0,4.907065243988282,0.0,65.9495554055788,0.0,0.0,0.0,32.67,0.0,4.907065243988282,0.0,0.0,0.0,11.374772549367124,5.008912523954532,0.0,60.6636706846161,5.2858847209627084,0.0,0.0,0.0,10.781859410430839,4.372962962962963,1.525370370370371,0.0,18.65314058956916,0.0,0.0,0.0,0.0,15,0,3,0,0,0,2,0,2,2,0,3,3,0,0,0,2,3.5061000000000018,60.818000000000026,0,0,0,0,0,0,0,0,0,0,0,0,0,0,0,2,0,0,0,0,0,0,0,0,0,0,0,0,0,2,0,0,0,0,2,0,0,0,0,0,0,0,0,0,0,0,0,0,0,0,0,0,0,0,0,0,0,0,0,0,0,1,0,0,2,0,0,0,0,0,0,0,0,0,0,0,0,0,0,0,0,0,0,0,0
Nitromethane,C[N+](=O)[O-],75-52-5,Not biofuel,8.805555555555555,-0.5,8.805555555555555,0.5,0.28953844149198227,61.040000000000006,58.016000000000005,61.016378336,24,0,0.19399732388258517,-0.26483732574805025,0.26483732574805025,0.19399732388258517,2.0,2.0,2.0,16.62493832663765,11.541636002391892,1.566113779539991,-1.629337270322711,1.3927547095399806,-1.7904921305596295,3.90816958481315,-0.4453435214748646,2.8030394876740514,29.019550008653873,3.5773502691896257,2.263710176427684,2.263710176427684,1.7320508075688772,0.8123619671700687,0.8123619671700687,0.4396839709201038,0.4396839709201038,0.0,0.0,0.0,0.0,-0.6000000000000001,3.2451124978365313,3.4,0.8166666666666667,0.6222222222222218,23.39222675032935,0.0,0.0,7.04767198267719,0.0,0.0,0.0,10.114318268765572,0.0,0.0,0.0,0.0,0.0,4.923311048817671,0.0,4.923311048817671,0.0,0.0,0.0,0.0,0.0,7.04767198267719,10.114318268765572,0.0,0.0,0.0,0.0,0.0,0.0,11.97098303149486,0.0,10.114318268765572,0.0,0.0,0.0,0.0,0.0,43.14,4.923311048817671,0.0,0.0,0.0,0.0,7.04767198267719,0.0,0.0,0.0,0.0,10.114318268765572,0.0,0.0,8.305555555555555,8.805555555555555,0.0,0.0,0.0,0.0,0.0,0.8888888888888888,1.0,4,0,3,0,0,0,0,0,0,2,0,3,0,0,0,0,0,-0.10710000000000008,12.9184,0,0,0,0,0,0,0,0,0,0,0,0,0,0,0,1,0,0,0,0,0,0,0,0,0,0,0,0,0,0,0,0,0,0,0,0,0,0,0,0,0,0,0,0,0,0,0,0,0,0,0,0,0,0,0,0,0,0,1,0,0,0,0,0,0,0,0,0,0,0,0,0,0,0,0,0,0,0,0,0,0,0,0,0,0
Nitroethane,CC[N+](=O)[O-],79-24-3,Not biofuel,9.17361111111111,-0.375,9.17361111111111,0.02777777777777768,0.3316647504964367,75.067,70.027,75.0320284,30,0,0.20064608791858585,-0.26456002874527473,0.26456002874527473,0.20064608791858585,2.0,2.2,2.2,16.627214169054124,10.823738255809301,1.7648852337108183,-1.7347333422600064,1.571620338152812,-1.9187467828938412,4.04498600151704,-0.47520008062198993,2.847378923087672,42.91260938324327,4.284457050376173,2.9708169576142316,2.9708169576142316,2.270055610029662,1.3884829188734962,1.3884829188734962,0.648962255013992,0.648962255013992,0.2581988897471611,0.2581988897471611,0.0,0.0,-0.6000000000000001,9.65148445440323,4.400000000000001,1.6941176470588244,3.4000000000000026,29.757168864725955,0.0,0.0,0.0,6.544756405912575,0.0,0.0,10.114318268765572,0.0,0.0,0.0,0.0,0.0,11.847048248508294,0.0,4.923311048817671,0.0,0.0,0.0,0.0,6.923737199690624,6.544756405912575,10.114318268765572,0.0,0.0,0.0,0.0,0.0,0.0,11.468067454730246,0.0,10.114318268765572,6.923737199690624,0.0,0.0,0.0,0.0,43.14,0.0,10.114318268765572,0.0,11.468067454730246,0.0,0.0,6.923737199690624,0.0,0.0,0.0,0.0,0.0,0.0,8.79861111111111,9.17361111111111,0.0,0.0,0.0,0.0,1.5277777777777777,0.0,1.0,5,0,3,0,0,0,0,0,0,2,0,3,1,0,0,0,0,0.2829999999999999,17.5354,0,0,0,0,0,0,0,0,0,0,0,0,0,0,0,1,0,0,0,0,0,0,0,0,0,0,0,0,0,0,0,0,0,0,0,0,0,0,0,0,0,0,0,0,0,0,0,0,0,0,0,0,0,0,0,0,0,0,1,0,0,0,0,0,0,0,0,0,0,0,0,0,0,0,0,0,0,0,0,0,0,0,0,0,0
1-Nitropropane,CCC[N+](=O)[O-],108-03-2,Not biofuel,9.40486111111111,-0.31944444444444464,9.40486111111111,0.0972222222222221,0.3683783959320464,89.09399999999998,82.038,89.047678464,36,0,0.2031542109616376,-0.2645488497261411,0.2645488497261411,0.2031542109616376,1.8333333333333333,2.3333333333333335,2.3333333333333335,16.627351476952224,10.508368047379328,1.8537963354697609,-1.7974329688871278,1.7207636860410427,-1.9619643398215276,4.176102873198226,-0.4793584081319787,2.831257109931365,52.75488750216347,4.99156383156272,3.677923738800779,3.677923738800779,2.770055610029662,1.8884829188734962,1.8884829188734962,1.056341286747133,1.056341286747133,0.4061809835850343,0.4061809835850343,0.18257418583505536,0.18257418583505536,-0.6000000000000001,14.834466856136647,5.4,2.6272727272727274,3.4000000000000012,36.12211097912257,0.0,0.0,0.0,6.544756405912575,0.0,0.0,10.114318268765572,0.0,0.0,0.0,6.923737199690624,0.0,11.34413267174368,0.0,4.923311048817671,0.0,0.0,0.0,0.0,13.344558822616634,6.544756405912575,10.114318268765572,0.0,0.0,0.0,0.0,0.0,0.0,11.468067454730246,0.0,10.114318268765572,13.344558822616634,0.0,0.0,0.0,0.0,43.14,0.0,10.114318268765572,0.0,11.468067454730246,6.4208216229260096,0.0,0.0,6.923737199690624,0.0,0.0,0.0,0.0,0.0,9.085416666666665,9.40486111111111,0.0,0.0,0.0,0.6319444444444444,1.8777777777777775,0.0,1.0,6,0,3,0,0,0,0,0,0,2,0,3,2,0,0,0,0,0.6731,22.152399999999997,0,0,0,0,0,0,0,0,0,0,0,0,0,0,0,1,0,0,0,0,0,0,0,0,0,0,0,0,0,0,0,0,0,0,0,0,0,0,0,0,0,0,0,0,0,0,0,0,0,0,0,0,0,0,0,0,0,0,1,0,0,0,0,0,0,0,0,0,0,0,0,0,0,0,0,0,0,0,0,0,0,0,0,0,0
